-0.006479,-0.007266,-0.003369,0.000111,0.002449,0.006175,0.003328,0.003384,0.001222,-0.002232,-0.001729,-0.003136,-0.007146,-0.011217,-0.013746,-0.015416,-0.018094,-0.022324,-0.025302,-0.027739,-0.029843,-0.030907,-0.034976,-0.034842,-0.035536,-0.035564,-0.035367,-0.035269,-0.036885,-0.038863,-0.040589,-0.043493,-0.046846,-0.050205,-0.052274,-0.062663,-0.059849,-0.057199,-0.057683,-0.058707,-0.051486,0.004994,0.018512,0.022039,0.023509,0.022293,0.020262,0.017504,0.013897,0.015533,0.016246,0.016375,0.012062,0.003537,-0.005238,-0.012690,-0.019345,-0.023175,-0.024886,-0.024205,-0.023708,-0.022125,-0.017677,-0.008021,0.005445,0.004447,-0.002299,-0.001242,0.025889,0.035740,0.033046,0.030225,0.026308,0.023654,0.022247,0.021959,0.020752,0.020457,0.020384,0.023492,0.025087,0.027154,0.030035,0.034580,0.037224,0.036398,0.036429,0.034620,0.035429,0.037471,0.037726,0.037940,0.040078,0.036008,0.035341,0.035956,0.034317,0.031327,0.026345,0.026825,0.020262,0.018263,0.014892,0.017180,0.018303,0.016898,0.017311,0.016673,0.017401,0.017645,0.015826,0.014006,0.013618,0.012046,0.015430,0.015234,0.015215,0.014924,0.013835,0.012644,0.011772,0.011115,0.009782,0.009073,0.022652,-0.001082,0.013721,-0.001408,0.026461,-0.003016,0.013049,0.015338,0.000320,0.013972,0.016357,0.014479,0.009765,0.005051,0.003016,0.022956,-0.002820,-0.001278,-0.000696,0.001745,0.021918,-0.004880,-0.005215,0.012722,0.021247,0.019794,0.021292,0.009373,0.023165,0.045923,0.014727,0.004943,-0.003437,-0.021698,-0.002748,-0.002220,-0.003615,0.000721,0.014788,-0.003031,-0.016214,-0.004196,0.001357,-0.000775,0.000497,-0.002564,-0.001452,0.006960,0.010079,-0.021473,-0.005002,-0.005012,-0.004091,-0.003825,-0.004447,-0.005164,-0.004407,-0.004188,-0.004556,-0.006928,-0.007263,-0.007354,-0.009760,-0.010729,-0.012693,-0.014420,-0.015936,-0.015875,-0.016358,-0.019551,-0.021200,-0.022653,-0.021190,-0.020117,-0.018685,-0.017084,-0.015761,-0.014308,-0.009206,-0.001108,0.005165,0.011662,0.009971,0.010162,0.008781,0.010858,0.013639,0.013483,0.010514,0.008787,0.007414,0.005283,0.001083,0.001433,-0.000741,-0.003497,-0.005146,-0.006307,-0.009989,-0.009817,-0.010365,-0.011727,-0.013435,-0.013681,-0.013259,-0.013697,-0.014358,-0.015505,-0.016076,-0.013901,-0.015446,-0.013616,-0.012803,-0.011873,-0.008560,-0.004698,-0.005023,-0.009157,-0.011852,-0.009899,-0.012650,-0.015551,-0.014468,-0.013082,-0.012271,-0.009410,89.889841,89.872515,89.867132,89.869030,89.877076,89.904770,89.903528,89.908127,89.916843,89.913219,89.916178,89.918674,89.923505,89.927485,89.927277,89.923255,89.922295,89.924826,89.927360,89.928109,89.929878,89.936829,89.924460,89.928491,89.942192,89.952009,89.953181,89.949059,89.949900,89.956673,89.966823,89.970970,89.963929,89.955594,89.969011,89.942369,89.927410,89.911659,89.902552,89.902507,89.945616,90.242650,90.433890,90.518914,90.530849,90.507196,90.467571,90.416624,90.348216,90.286484,90.253993,90.278130,90.329454,90.364804,90.399031,90.434100,90.443304,90.425248,90.400853,90.367041,90.318701,90.276823,90.239676,90.226375,90.273834,90.296164,90.186684,89.985820,89.951468,89.937390,89.918445,89.899035,89.871925,89.840857,89.815032,89.801783,89.804521,89.820974,89.828022,89.842876,89.859969,89.861606,89.856973,89.876825,89.912946,89.922763,89.927712,89.926605,89.925162,89.930276,89.943685,89.959915,89.985074,89.972544,89.951070,89.942323,89.930778,89.919399,89.905234,89.919505,89.906730,89.892262,89.861428,89.851386,89.854747,89.857452,89.870348,89.879148,89.882047,89.881445,89.883004,89.891878,89.911406,89.920258,89.942653,89.942127,89.944209,89.952813,89.956884,89.955821,89.961100,89.975274,89.985907,89.984258,90.121241,90.069249,90.076430,90.005794,90.175700,90.141978,90.179996,90.156924,90.007079,89.989273,89.993492,89.997366,90.002341,90.001869,90.014156,90.157542,90.037532,90.021936,90.015795,90.014993,90.182425,90.129089,90.075709,90.118685,90.170077,90.145157,90.104549,89.992699,89.986897,90.142087,90.133016,90.110664,90.141959,89.995186,89.975855,90.003939,90.008517,90.020574,90.110181,90.119627,90.020656,90.001359,89.982938,89.965256,89.986221,89.989666,89.977760,90.019603,90.135931,90.012191,90.004067,89.999780,89.996347,89.995030,89.994408,89.994944,89.994938,89.988472,89.974384,89.961087,89.954137,89.949444,89.942064,89.937679,89.944265,89.957058,89.969243,89.978078,89.985538,89.992572,89.997961,89.999006,89.997278,89.990100,89.979310,89.968933,89.969472,89.973911,89.958075,89.919129,89.904971,89.932260,89.931781,89.916952,89.896644,89.902052,89.915601,89.922554,89.926987,89.931436,89.930562,89.929510,89.918034,89.918582,89.911207,89.902600,89.901670,89.906535,89.892767,89.893564,89.906098,89.918879,89.923112,89.930375,89.946859,89.955398,89.953504,89.951841,89.955462,89.975091,89.967081,89.960968,89.956478,89.949399,89.945361,89.952320,89.960361,89.951381,89.929799,89.930712,89.920820,89.896974,89.891632,89.900876,89.901520,89.895172,0.000622,0.000823,0.000887,0.000893,0.000848,0.000509,0.000525,0.000511,0.000507,0.000666,0.000688,0.000700,0.000704,0.000715,0.000722,0.000725,0.000726,0.000747,0.000768,0.000757,0.000693,0.000559,0.000756,0.000862,0.000919,0.000965,0.000974,0.000952,0.000912,0.000901,0.000894,0.000888,0.000909,0.000909,0.000717,0.001081,0.001126,0.001143,0.001156,0.001165,0.001168,0.001162,0.001175,0.001167,0.001120,0.001057,0.001001,0.000951,0.000932,0.000860,0.000829,0.000833,0.000869,0.000918,0.000989,0.001072,0.001143,0.001197,0.001243,0.001253,0.001240,0.001232,0.001220,0.001199,0.001138,0.001152,0.001122,0.001017,0.001032,0.001004,0.001112,0.001149,0.001168,0.001169,0.001179,0.001161,0.001079,0.000938,0.000983,0.000979,0.000904,0.000934,0.001095,0.001083,0.000901,0.000954,0.000959,0.000951,0.000928,0.000909,0.000908,0.000900,0.000670,0.000791,0.000955,0.000929,0.000916,0.000933,0.001002,0.000674,0.000680,0.000706,0.000976,0.000980,0.000848,0.000823,0.000748,0.000717,0.000689,0.000655,0.000646,0.000684,0.000630,0.000652,0.000399,0.000386,0.000397,0.000397,0.000426,0.000458,0.000461,0.000445,0.000408,0.000407,0.000450,0.000709,0.000509,0.000496,0.000496,0.000831,0.000760,0.000588,0.000711,0.000728,0.000581,0.000538,0.000516,0.000503,0.000482,0.000623,0.000401,0.000459,0.000552,0.000549,0.000688,0.000618,0.000754,0.000816,0.000798,0.000764,0.000607,0.000664,0.000662,0.000533,0.000391,0.000423,0.000407,0.000376,0.000362,0.000342,0.000403,0.000337,0.000365,0.000357,0.000480,0.000510,0.000390,0.000428,0.000418,0.000413,0.000388,0.000311,0.000267,0.000290,0.000299,0.000298,0.000378,0.000385,0.000390,0.000404,0.000420,0.000445,0.000492,0.000545,0.000563,0.000549,0.000521,0.000494,0.000473,0.000460,0.000446,0.000435,0.000432,0.000442,0.000438,0.000422,0.000418,0.000422,0.000423,0.000419,0.000408,0.000393,0.000525,0.000663,0.000701,0.000348,0.000301,0.000341,0.000451,0.000435,0.000377,0.000361,0.000379,0.000383,0.000386,0.000369,0.000560,0.000579,0.000633,0.000675,0.000635,0.000479,0.000571,0.000609,0.000647,0.000656,0.000704,0.000716,0.000644,0.000661,0.000717,0.000707,0.000679,0.000476,0.000608,0.000660,0.000660,0.000660,0.000644,0.000534,0.000384,0.000373,0.000524,0.000457,0.000514,0.000697,0.000722,0.000659,0.000651,0.000636
-0.007819,-0.007141,-0.004077,-0.000668,0.003401,0.006623,0.002881,0.001341,-0.000222,-0.003079,-0.002584,-0.003641,-0.006316,-0.010838,-0.014965,-0.016403,-0.017578,-0.020867,-0.024402,-0.026126,-0.028096,-0.029518,-0.035455,-0.034920,-0.034612,-0.035064,-0.035667,-0.035000,-0.034842,-0.037031,-0.041115,-0.044521,-0.047647,-0.050838,-0.053005,-0.061898,-0.060395,-0.059366,-0.060113,-0.058893,-0.048363,0.006251,0.018276,0.024007,0.025076,0.023773,0.021395,0.017614,0.012410,0.011950,0.015658,0.016296,0.011940,0.004119,-0.004985,-0.013199,-0.019360,-0.022338,-0.024375,-0.024113,-0.023744,-0.022831,-0.017345,-0.007094,0.004246,0.002346,-0.003519,-0.000730,0.026956,0.035089,0.031751,0.030414,0.025520,0.021563,0.020138,0.020893,0.020482,0.019365,0.018720,0.022915,0.025741,0.026235,0.030560,0.035959,0.037887,0.036056,0.035624,0.036053,0.036673,0.036895,0.037639,0.038561,0.041085,0.036434,0.034291,0.036362,0.035178,0.030818,0.025697,0.028161,0.020940,0.018541,0.014610,0.016741,0.016589,0.015710,0.017636,0.017953,0.017043,0.015457,0.015518,0.015005,0.014251,0.012544,0.014729,0.013842,0.015312,0.014465,0.013465,0.012707,0.011157,0.010165,0.010563,0.010176,0.023477,0.000061,0.012265,-0.001035,0.026491,-0.001681,0.011699,0.014192,-0.002660,0.014144,0.019295,0.012275,0.009367,0.004577,0.003366,0.024226,-0.003632,-0.002042,-0.000070,0.001624,0.019877,-0.005407,-0.006314,0.011453,0.021871,0.020285,0.020945,0.009078,0.025356,0.044177,0.014973,0.006318,-0.002071,-0.022780,-0.003820,-0.002828,-0.002540,0.000177,0.013926,-0.002859,-0.016374,-0.001588,0.000573,-0.000071,-0.000625,-0.001240,-0.002145,0.005689,0.009691,-0.021337,-0.005932,-0.005783,-0.004294,-0.003891,-0.003699,-0.005580,-0.005383,-0.003457,-0.003892,-0.006104,-0.007003,-0.007163,-0.010800,-0.012182,-0.012041,-0.012781,-0.014326,-0.016814,-0.017881,-0.018736,-0.020232,-0.022860,-0.021811,-0.021833,-0.019247,-0.017210,-0.015118,-0.013377,-0.008541,-0.000910,0.006013,0.011993,0.007100,0.009153,0.007047,0.010468,0.013737,0.012383,0.009251,0.008056,0.007076,0.005203,0.001225,0.001924,0.000047,-0.002857,-0.004643,-0.005669,-0.009483,-0.009497,-0.010744,-0.012372,-0.013194,-0.013649,-0.014617,-0.015110,-0.015275,-0.015214,-0.015792,-0.012661,-0.014474,-0.012829,-0.012164,-0.011464,-0.008751,-0.004494,-0.004292,-0.008123,-0.010661,-0.010554,-0.013641,-0.016984,-0.015621,-0.013858,-0.012979,-0.010843,89.885800,89.875722,89.873522,89.874264,89.882561,89.905680,89.903556,89.906291,89.922082,89.922560,89.924462,89.919806,89.918113,89.922386,89.925696,89.923877,89.922267,89.921884,89.922897,89.927445,89.936556,89.949963,89.931480,89.928880,89.940196,89.953166,89.957433,89.953749,89.954979,89.961525,89.968034,89.967582,89.958527,89.950706,89.959050,89.931950,89.912330,89.899805,89.898237,89.911469,89.963878,90.258835,90.424937,90.510860,90.529505,90.509683,90.470838,90.410209,90.338394,90.287294,90.270403,90.286186,90.326501,90.363044,90.398845,90.428617,90.431111,90.415540,90.398568,90.373125,90.333846,90.276446,90.227517,90.217609,90.265354,90.288076,90.194134,90.012115,89.946085,89.927595,89.900962,89.887708,89.868402,89.845571,89.825946,89.814340,89.817144,89.830549,89.833364,89.844607,89.859785,89.855365,89.859183,89.886122,89.918082,89.924622,89.926097,89.926146,89.929782,89.939471,89.949291,89.959191,89.984747,89.974278,89.946435,89.933303,89.922816,89.914612,89.901296,89.923796,89.919056,89.908360,89.877807,89.871186,89.871442,89.868877,89.874899,89.880397,89.885039,89.886987,89.896446,89.907322,89.923681,89.937067,89.965553,89.964895,89.964586,89.957718,89.952230,89.953287,89.957896,89.962046,89.978153,90.000622,90.119876,90.057624,90.069139,90.005155,90.177522,90.140439,90.170940,90.155823,90.003773,89.967486,89.979256,89.995334,90.009894,90.009740,90.009284,90.141765,90.036446,90.010796,90.005465,90.012234,90.169157,90.118972,90.069847,90.111605,90.176471,90.143784,90.097809,89.989815,89.986462,90.133476,90.109043,90.102930,90.148931,90.005960,89.970336,90.004275,90.015126,90.002725,90.107667,90.126557,90.006960,89.987185,89.981860,89.974982,89.974358,89.979939,89.966438,90.010976,90.128029,90.005846,90.000963,89.998105,89.995401,89.995883,89.997444,89.995507,89.992331,89.990774,89.983892,89.972522,89.961712,89.953494,89.948184,89.944778,89.944985,89.947005,89.952980,89.967038,89.984661,89.996043,89.997839,89.991729,89.988417,89.986650,89.987895,89.977700,89.969102,89.963833,89.955668,89.916191,89.911388,89.937556,89.920537,89.913769,89.897978,89.904636,89.915278,89.916898,89.921151,89.933022,89.940989,89.941849,89.926081,89.923340,89.914742,89.906909,89.907904,89.914229,89.901537,89.903577,89.914018,89.928815,89.939834,89.947623,89.956730,89.961792,89.962015,89.962519,89.961064,89.973514,89.963776,89.961570,89.957938,89.948761,89.942285,89.946156,89.951896,89.944037,89.930873,89.933611,89.924935,89.895348,89.881087,89.886018,89.890832,89.888740,0.000718,0.000881,0.000927,0.000928,0.000843,0.000540,0.000541,0.000553,0.000534,0.000715,0.000733,0.000748,0.000758,0.000759,0.000770,0.000788,0.000809,0.000838,0.000838,0.000784,0.000700,0.000546,0.000782,0.000864,0.000890,0.000932,0.000976,0.001001,0.000974,0.000944,0.000932,0.000919,0.000933,0.000933,0.000812,0.001128,0.001196,0.001215,0.001221,0.001239,0.001257,0.001241,0.001211,0.001179,0.001140,0.001082,0.001008,0.000928,0.000890,0.000884,0.000881,0.000888,0.000931,0.000997,0.001081,0.001150,0.001174,0.001178,0.001194,0.001210,0.001211,0.001238,0.001268,0.001260,0.001212,0.001211,0.001182,0.001083,0.001034,0.001012,0.001173,0.001210,0.001254,0.001266,0.001244,0.001203,0.001114,0.000967,0.000991,0.000957,0.000911,0.001111,0.001254,0.001182,0.001016,0.001064,0.001080,0.001068,0.001014,0.000968,0.000998,0.001024,0.000769,0.000845,0.001013,0.000969,0.000957,0.000975,0.001054,0.000682,0.000694,0.000740,0.001062,0.001073,0.000974,0.000937,0.000855,0.000826,0.000790,0.000785,0.000765,0.000812,0.000792,0.000756,0.000451,0.000463,0.000404,0.000411,0.000451,0.000478,0.000489,0.000501,0.000477,0.000469,0.000496,0.000753,0.000551,0.000591,0.000636,0.000974,0.000900,0.000683,0.000734,0.000606,0.000705,0.000620,0.000595,0.000583,0.000570,0.000567,0.000524,0.000422,0.000596,0.000603,0.000704,0.000740,0.000844,0.000885,0.000836,0.000782,0.000660,0.000700,0.000677,0.000383,0.000391,0.000393,0.000384,0.000358,0.000382,0.000410,0.000481,0.000489,0.000506,0.000492,0.000416,0.000488,0.000479,0.000455,0.000447,0.000466,0.000462,0.000362,0.000302,0.000303,0.000303,0.000314,0.000413,0.000444,0.000459,0.000489,0.000520,0.000518,0.000513,0.000520,0.000534,0.000545,0.000542,0.000515,0.000495,0.000507,0.000520,0.000493,0.000458,0.000461,0.000469,0.000470,0.000468,0.000467,0.000463,0.000460,0.000451,0.000422,0.000562,0.000668,0.000793,0.000439,0.000467,0.000332,0.000483,0.000498,0.000430,0.000412,0.000440,0.000435,0.000415,0.000388,0.000584,0.000618,0.000708,0.000802,0.000773,0.000586,0.000652,0.000669,0.000695,0.000688,0.000723,0.000749,0.000712,0.000728,0.000775,0.000750,0.000725,0.000548,0.000691,0.000745,0.000757,0.000749,0.000700,0.000578,0.000442,0.000453,0.000580,0.000565,0.000607,0.000774,0.000781,0.000692,0.000647,0.000668
-0.007395,-0.006525,-0.002450,0.000788,0.002458,0.007124,0.005263,0.004249,0.001632,-0.001573,-0.000925,-0.003565,-0.008041,-0.012575,-0.014370,-0.015432,-0.018595,-0.022240,-0.025727,-0.027924,-0.029617,-0.030238,-0.034462,-0.034653,-0.034884,-0.035934,-0.035813,-0.035658,-0.036738,-0.038751,-0.040764,-0.043326,-0.047187,-0.051421,-0.053164,-0.062202,-0.060149,-0.057594,-0.059795,-0.059817,-0.050918,0.007543,0.018435,0.023402,0.024836,0.022921,0.018879,0.015337,0.014105,0.013893,0.016166,0.016218,0.012867,0.005016,-0.004673,-0.013409,-0.020048,-0.023511,-0.024990,-0.023650,-0.022665,-0.020978,-0.016467,-0.004282,0.008277,0.002262,-0.004318,0.000301,0.025858,0.033682,0.030997,0.028042,0.024315,0.022657,0.022519,0.021430,0.019533,0.019416,0.019091,0.022262,0.025613,0.028325,0.029953,0.035248,0.037375,0.036639,0.036913,0.035224,0.035388,0.036097,0.036786,0.037197,0.039989,0.037313,0.035148,0.036399,0.033623,0.030062,0.026118,0.027944,0.022399,0.019418,0.013399,0.015931,0.017631,0.016884,0.017163,0.017124,0.017416,0.016318,0.014661,0.014310,0.015045,0.013987,0.016052,0.015300,0.016108,0.015687,0.013926,0.012350,0.010964,0.011165,0.012792,0.010210,0.022395,-0.001071,0.013994,-0.002016,0.027843,-0.001747,0.013061,0.013971,-0.001556,0.014252,0.017957,0.013284,0.009720,0.006231,0.003961,0.023111,-0.002652,-0.002777,-0.000563,0.002308,0.022859,-0.005876,-0.005771,0.013145,0.023271,0.022464,0.019799,0.009869,0.024299,0.044592,0.013880,0.004169,-0.001532,-0.022920,-0.004776,-0.001834,-0.003169,0.000827,0.014784,-0.000878,-0.015864,-0.001223,0.000097,0.000838,-0.000005,-0.003625,-0.000686,0.004786,0.009818,-0.021332,-0.004489,-0.004101,-0.005415,-0.004651,-0.005042,-0.004997,-0.003248,-0.002993,-0.003762,-0.006221,-0.008247,-0.009433,-0.011286,-0.011261,-0.011315,-0.012333,-0.014957,-0.016884,-0.017468,-0.019333,-0.021106,-0.022903,-0.020478,-0.020728,-0.017797,-0.015551,-0.015987,-0.014937,-0.008953,-0.001796,0.007244,0.009923,0.009274,0.008834,0.007537,0.011031,0.013709,0.012665,0.009563,0.008037,0.006595,0.004246,0.000007,0.001468,-0.000012,-0.002127,-0.004467,-0.005951,-0.010389,-0.010113,-0.010277,-0.011216,-0.013730,-0.015394,-0.014640,-0.014074,-0.014710,-0.016011,-0.016673,-0.013862,-0.014988,-0.012303,-0.011157,-0.010344,-0.008723,-0.005686,-0.005377,-0.009113,-0.011707,-0.011284,-0.013745,-0.015816,-0.014885,-0.013697,-0.013488,-0.010647,89.887352,89.866170,89.858205,89.864342,89.874456,89.907485,89.913315,89.919919,89.924978,89.911270,89.907679,89.910376,89.916989,89.919879,89.920559,89.920481,89.919971,89.921646,89.924989,89.932637,89.944066,89.956707,89.940623,89.934219,89.939687,89.946617,89.949306,89.948295,89.954474,89.966178,89.977290,89.975892,89.962733,89.952359,89.963560,89.940468,89.922203,89.907018,89.903096,89.902465,89.967653,90.254735,90.431649,90.511873,90.526927,90.505963,90.463732,90.404256,90.337604,90.291886,90.274493,90.279024,90.317463,90.364154,90.399941,90.418170,90.421987,90.415589,90.398307,90.362579,90.319434,90.284504,90.231350,90.208038,90.262325,90.285954,90.206823,90.009885,89.949828,89.931189,89.915241,89.896180,89.869397,89.841307,89.821458,89.809050,89.805940,89.819639,89.824427,89.834521,89.850041,89.854530,89.852572,89.878119,89.912836,89.929240,89.945069,89.951845,89.951239,89.948385,89.947138,89.953543,89.983564,89.983680,89.955658,89.943410,89.926302,89.909136,89.894162,89.911884,89.904907,89.893434,89.857196,89.848085,89.857126,89.866408,89.872081,89.873124,89.879639,89.890434,89.900605,89.904820,89.910961,89.918444,89.948493,89.952341,89.950873,89.952267,89.957208,89.962430,89.968837,89.976738,89.993028,89.991906,90.122384,90.063870,90.071190,90.006265,90.170795,90.123360,90.162530,90.154002,90.002437,89.967666,89.985731,90.000917,90.008437,90.004260,90.014689,90.162823,90.049001,90.025564,90.015054,90.012291,90.188720,90.114675,90.065088,90.109775,90.166637,90.144751,90.111749,89.995205,89.988745,90.132830,90.115666,90.114860,90.135756,90.001953,89.986376,90.010649,90.012598,90.010737,90.113303,90.124556,89.996181,89.970139,89.984094,89.984603,89.962560,89.970833,89.978192,90.021491,90.137337,90.007962,89.999800,89.999743,89.993745,89.993870,89.993889,89.991854,89.986525,89.978285,89.965605,89.957247,89.957491,89.959129,89.955672,89.948065,89.946834,89.956587,89.969616,89.981749,89.996027,90.006577,90.004844,89.989619,89.984263,89.983552,89.987657,89.982228,89.974321,89.971247,89.965331,89.914872,89.912173,89.935058,89.925351,89.911251,89.898317,89.910538,89.925261,89.927687,89.924388,89.927022,89.931873,89.936699,89.922884,89.916301,89.905639,89.901310,89.904957,89.910922,89.893467,89.892471,89.905770,89.925044,89.934570,89.938459,89.947210,89.955485,89.957522,89.957228,89.959878,89.978601,89.969887,89.961312,89.953416,89.945814,89.945601,89.952430,89.957535,89.946760,89.931770,89.937566,89.933546,89.909511,89.893522,89.894174,89.897105,89.895341,0.000673,0.000904,0.000979,0.000938,0.000894,0.000544,0.000534,0.000519,0.000507,0.000700,0.000741,0.000751,0.000759,0.000781,0.000778,0.000744,0.000715,0.000705,0.000701,0.000690,0.000672,0.000585,0.000785,0.000866,0.000867,0.000868,0.000890,0.000929,0.000941,0.000949,0.000926,0.000896,0.000912,0.000936,0.000800,0.001138,0.001228,0.001278,0.001289,0.001277,0.001271,0.001263,0.001251,0.001230,0.001188,0.001119,0.001059,0.001016,0.000982,0.000968,0.000913,0.000856,0.000845,0.000894,0.000991,0.001100,0.001187,0.001243,0.001271,0.001257,0.001239,0.001240,0.001261,0.001242,0.001190,0.001213,0.001188,0.001045,0.000971,0.000976,0.001066,0.001154,0.001213,0.001225,0.001207,0.001179,0.001131,0.000968,0.000978,0.000946,0.000846,0.000914,0.001137,0.001069,0.000904,0.000944,0.000956,0.000990,0.000986,0.000942,0.000919,0.000910,0.000666,0.000725,0.001004,0.000952,0.000915,0.000922,0.000982,0.000661,0.000670,0.000687,0.001026,0.001064,0.000958,0.000869,0.000799,0.000792,0.000778,0.000746,0.000712,0.000731,0.000711,0.000711,0.000442,0.000445,0.000441,0.000415,0.000405,0.000410,0.000421,0.000435,0.000421,0.000406,0.000451,0.000748,0.000478,0.000503,0.000585,0.000903,0.000844,0.000616,0.000654,0.000551,0.000616,0.000584,0.000577,0.000561,0.000517,0.000711,0.000378,0.000475,0.000601,0.000618,0.000671,0.000767,0.000884,0.000916,0.000892,0.000851,0.000572,0.000647,0.000656,0.000326,0.000403,0.000371,0.000342,0.000366,0.000373,0.000454,0.000377,0.000366,0.000505,0.000463,0.000341,0.000384,0.000440,0.000515,0.000470,0.000445,0.000435,0.000364,0.000293,0.000308,0.000311,0.000312,0.000389,0.000412,0.000447,0.000483,0.000509,0.000527,0.000564,0.000582,0.000556,0.000538,0.000539,0.000535,0.000518,0.000491,0.000475,0.000465,0.000450,0.000435,0.000419,0.000425,0.000445,0.000453,0.000433,0.000403,0.000392,0.000383,0.000377,0.000799,0.000735,0.000391,0.000379,0.000351,0.000485,0.000502,0.000441,0.000407,0.000417,0.000399,0.000377,0.000365,0.000576,0.000620,0.000690,0.000746,0.000713,0.000551,0.000645,0.000668,0.000672,0.000625,0.000619,0.000627,0.000603,0.000620,0.000662,0.000670,0.000682,0.000501,0.000621,0.000667,0.000680,0.000691,0.000649,0.000543,0.000408,0.000422,0.000547,0.000510,0.000550,0.000681,0.000701,0.000640,0.000612,0.000614
-0.008110,-0.006964,-0.003214,-0.000152,0.002127,0.007140,0.006178,0.005481,0.001680,-0.002964,-0.002272,-0.003121,-0.006467,-0.011015,-0.014498,-0.016808,-0.018788,-0.021901,-0.024842,-0.027708,-0.030836,-0.030664,-0.034312,-0.034440,-0.034967,-0.034924,-0.035392,-0.035163,-0.036140,-0.038336,-0.041002,-0.043608,-0.046315,-0.049658,-0.052213,-0.062228,-0.059707,-0.059705,-0.059784,-0.059175,-0.053534,0.006823,0.020125,0.024517,0.024144,0.022862,0.020659,0.017060,0.013228,0.013927,0.016564,0.016029,0.012194,0.005150,-0.004073,-0.012385,-0.018754,-0.022877,-0.025072,-0.024188,-0.023263,-0.023081,-0.017864,-0.007183,0.006333,0.000758,-0.003774,-0.001594,0.025578,0.034683,0.029070,0.028073,0.025187,0.023270,0.022722,0.022364,0.020673,0.019954,0.018548,0.022006,0.024954,0.025730,0.028662,0.034813,0.036813,0.035309,0.035667,0.035350,0.035910,0.037469,0.037860,0.038072,0.040356,0.037581,0.035582,0.034910,0.033224,0.029004,0.024271,0.025790,0.021502,0.020287,0.014991,0.016744,0.017184,0.015948,0.016948,0.016666,0.016731,0.016158,0.015061,0.014744,0.015491,0.014685,0.016858,0.014963,0.014828,0.014531,0.013771,0.012274,0.011282,0.010743,0.010625,0.011036,0.021396,-0.001782,0.013477,-0.002620,0.026761,-0.002366,0.012711,0.013187,-0.003170,0.015547,0.017678,0.014242,0.010090,0.004674,0.005232,0.022678,-0.002883,-0.001939,-0.000958,0.004182,0.020875,-0.006078,-0.006293,0.013809,0.022111,0.021824,0.020838,0.009848,0.024798,0.045226,0.014104,0.003058,-0.001025,-0.022184,-0.005692,-0.002716,-0.003735,0.001081,0.014538,-0.003853,-0.017172,0.000025,0.003024,-0.000869,-0.001404,-0.001080,-0.002139,0.007275,0.009420,-0.022418,-0.005018,-0.003464,-0.004846,-0.004034,-0.005266,-0.004379,-0.005415,-0.005540,-0.004287,-0.005169,-0.007309,-0.009664,-0.010244,-0.010146,-0.011203,-0.013097,-0.014567,-0.015746,-0.016736,-0.019030,-0.021733,-0.022062,-0.021555,-0.020152,-0.018377,-0.016703,-0.015734,-0.015782,-0.008570,-0.002473,0.006813,0.012809,0.008753,0.009237,0.008209,0.008902,0.011690,0.011712,0.010053,0.008817,0.007398,0.005467,0.000268,-0.000378,-0.001625,-0.002687,-0.003511,-0.004755,-0.009205,-0.009300,-0.010664,-0.012674,-0.014878,-0.014207,-0.013099,-0.013443,-0.014872,-0.015310,-0.014331,-0.012315,-0.015081,-0.014151,-0.012691,-0.011125,-0.008473,-0.004835,-0.004560,-0.008896,-0.012269,-0.011495,-0.013963,-0.016101,-0.014255,-0.012292,-0.011907,-0.010423,89.887341,89.872817,89.868173,89.877114,89.890000,89.914184,89.912874,89.920846,89.932846,89.926526,89.924594,89.920820,89.922781,89.929429,89.932476,89.927074,89.920587,89.919425,89.925239,89.935113,89.940379,89.949370,89.936639,89.935394,89.939330,89.942449,89.946095,89.950576,89.954702,89.960431,89.968395,89.970084,89.959326,89.949080,89.960582,89.931024,89.920605,89.910790,89.902343,89.918088,89.958458,90.252150,90.433323,90.512000,90.519512,90.502370,90.472326,90.409826,90.337225,90.286601,90.264312,90.275524,90.311374,90.359288,90.399304,90.414214,90.413867,90.413318,90.399915,90.362837,90.320150,90.270568,90.225290,90.199235,90.258044,90.285725,90.194466,90.025449,89.953468,89.944459,89.914360,89.896496,89.872369,89.842366,89.817970,89.808677,89.812949,89.829259,89.831000,89.840515,89.857214,89.855240,89.850199,89.876318,89.916461,89.931897,89.940418,89.936612,89.932154,89.936745,89.947288,89.958707,89.982204,89.980208,89.962404,89.950350,89.931708,89.914690,89.902906,89.920143,89.913403,89.902495,89.865662,89.852997,89.851137,89.851335,89.860495,89.873040,89.885147,89.891485,89.895793,89.899825,89.912594,89.923359,89.947296,89.947076,89.947342,89.952973,89.955345,89.954674,89.961022,89.975402,89.992713,90.017328,90.117819,90.052161,90.086746,90.009163,90.177090,90.130046,90.165634,90.154796,90.011687,89.986465,89.985818,89.993548,90.002484,89.999059,90.003074,90.152345,90.053508,90.019976,90.004919,90.002534,90.167387,90.128212,90.070942,90.113135,90.166514,90.143969,90.091327,89.990219,89.988865,90.135583,90.132592,90.108879,90.140996,90.008220,89.982725,90.004809,90.001526,90.014534,90.118019,90.136284,90.008397,89.989565,89.999144,89.973260,89.958195,89.977002,89.969225,90.028989,90.138311,90.006441,90.000396,90.000636,89.990351,89.987758,89.987951,89.991443,89.990733,89.982577,89.970366,89.963328,89.960713,89.955902,89.947923,89.940545,89.938368,89.946003,89.961387,89.977816,89.992356,90.001747,90.001137,89.995394,89.992477,89.993153,89.992175,89.982353,89.978007,89.975281,89.961494,89.910037,89.910771,89.944551,89.929289,89.918416,89.902483,89.902023,89.915600,89.923297,89.925724,89.931387,89.938297,89.940919,89.922123,89.914299,89.905304,89.900322,89.907239,89.919084,89.902274,89.896475,89.904043,89.920628,89.930631,89.937874,89.950496,89.959816,89.958649,89.954368,89.956461,89.974393,89.963041,89.948928,89.938166,89.934568,89.941162,89.949123,89.953983,89.940230,89.924588,89.930541,89.924002,89.895775,89.883560,89.890242,89.895018,89.892739,0.000667,0.000897,0.001025,0.000981,0.000860,0.000521,0.000524,0.000494,0.000481,0.000668,0.000684,0.000681,0.000695,0.000724,0.000759,0.000792,0.000805,0.000802,0.000779,0.000727,0.000691,0.000556,0.000730,0.000810,0.000853,0.000891,0.000910,0.000913,0.000926,0.000947,0.000950,0.000932,0.000951,0.000952,0.000781,0.001166,0.001180,0.001172,0.001201,0.001224,0.001210,0.001234,0.001225,0.001164,0.001107,0.001075,0.001046,0.000987,0.000927,0.000887,0.000851,0.000843,0.000881,0.000959,0.001057,0.001132,0.001169,0.001191,0.001208,0.001205,0.001202,0.001245,0.001276,0.001284,0.001222,0.001265,0.001243,0.001172,0.000991,0.000943,0.001175,0.001190,0.001204,0.001221,0.001232,0.001203,0.001129,0.000955,0.001020,0.001039,0.000943,0.001037,0.001208,0.001089,0.000874,0.000931,0.000949,0.000989,0.000999,0.000966,0.000941,0.000905,0.000674,0.000737,0.000953,0.000966,0.000969,0.000982,0.000993,0.000671,0.000681,0.000719,0.001059,0.001047,0.000908,0.000839,0.000760,0.000727,0.000717,0.000727,0.000740,0.000790,0.000741,0.000689,0.000401,0.000383,0.000391,0.000391,0.000429,0.000463,0.000456,0.000445,0.000424,0.000420,0.000481,0.000828,0.000558,0.000545,0.000539,0.000851,0.000798,0.000657,0.000762,0.000704,0.000565,0.000501,0.000493,0.000495,0.000488,0.000564,0.000481,0.000526,0.000596,0.000586,0.000600,0.000697,0.000806,0.000818,0.000783,0.000736,0.000613,0.000632,0.000595,0.000359,0.000343,0.000362,0.000365,0.000396,0.000411,0.000327,0.000496,0.000318,0.000415,0.000392,0.000406,0.000427,0.000452,0.000420,0.000419,0.000433,0.000426,0.000346,0.000269,0.000280,0.000280,0.000294,0.000389,0.000420,0.000463,0.000498,0.000517,0.000523,0.000538,0.000548,0.000541,0.000538,0.000519,0.000488,0.000483,0.000499,0.000509,0.000493,0.000457,0.000417,0.000377,0.000360,0.000377,0.000413,0.000440,0.000451,0.000462,0.000457,0.000420,0.000703,0.000731,0.000404,0.000439,0.000354,0.000430,0.000453,0.000407,0.000386,0.000392,0.000381,0.000365,0.000359,0.000602,0.000660,0.000727,0.000780,0.000732,0.000557,0.000666,0.000697,0.000706,0.000654,0.000628,0.000604,0.000570,0.000632,0.000742,0.000759,0.000708,0.000495,0.000602,0.000678,0.000726,0.000743,0.000683,0.000592,0.000425,0.000427,0.000549,0.000530,0.000596,0.000767,0.000763,0.000660,0.000613,0.000606
-0.008259,-0.007120,-0.003235,-0.000007,0.002691,0.007600,0.005405,0.004434,0.001703,-0.002539,-0.003055,-0.005095,-0.008022,-0.011332,-0.014362,-0.016746,-0.018872,-0.021625,-0.025264,-0.028238,-0.030148,-0.029022,-0.032580,-0.033496,-0.035263,-0.036042,-0.034749,-0.033974,-0.036058,-0.039978,-0.042874,-0.044160,-0.046672,-0.050511,-0.053725,-0.061884,-0.058519,-0.057032,-0.058711,-0.058333,-0.051662,0.007975,0.017732,0.022388,0.023947,0.022734,0.020630,0.017558,0.014047,0.013657,0.014563,0.014523,0.011485,0.004068,-0.004733,-0.013333,-0.020038,-0.023470,-0.025453,-0.025639,-0.023228,-0.023024,-0.017448,-0.008178,0.006107,0.000805,-0.004832,0.000716,0.024435,0.033342,0.032046,0.029640,0.025596,0.022012,0.021021,0.021131,0.020631,0.019789,0.020294,0.022901,0.024521,0.026799,0.029248,0.034742,0.036771,0.035227,0.035978,0.036116,0.036757,0.037280,0.037310,0.038204,0.041153,0.037296,0.034959,0.035499,0.033656,0.030527,0.027356,0.028989,0.022785,0.019842,0.015340,0.018213,0.018672,0.017787,0.018929,0.018197,0.016961,0.015900,0.015469,0.015456,0.015837,0.014979,0.016200,0.014969,0.015349,0.014635,0.013987,0.013481,0.012714,0.011815,0.009715,0.009999,0.022233,-0.001818,0.013849,-0.000494,0.027221,-0.000934,0.013248,0.013932,-0.003727,0.013758,0.017734,0.013336,0.009429,0.006024,0.004589,0.024400,-0.003942,-0.002436,-0.001516,0.001591,0.020025,-0.006892,-0.004709,0.013750,0.020953,0.021916,0.021075,0.010541,0.024496,0.045604,0.015488,0.000825,-0.003095,-0.021761,-0.005648,-0.002927,-0.003717,-0.000073,0.015471,-0.002804,-0.016839,0.000253,0.001746,0.000936,-0.000501,-0.000477,-0.003221,0.004082,0.009776,-0.021003,-0.004905,-0.004307,-0.005543,-0.004551,-0.003809,-0.003641,-0.004345,-0.004217,-0.003915,-0.005088,-0.006034,-0.008731,-0.012363,-0.011112,-0.009607,-0.011540,-0.014996,-0.016410,-0.016982,-0.019965,-0.020836,-0.022526,-0.020312,-0.019215,-0.017735,-0.015844,-0.015626,-0.013937,-0.008215,-0.002065,0.003965,0.009873,0.009833,0.008726,0.007630,0.010013,0.012774,0.013447,0.010564,0.008247,0.007726,0.007091,0.002196,0.000777,-0.001598,-0.003233,-0.004172,-0.005794,-0.010336,-0.010515,-0.011201,-0.012900,-0.014085,-0.013692,-0.012629,-0.013034,-0.014091,-0.014254,-0.015035,-0.012252,-0.014085,-0.012525,-0.011433,-0.009874,-0.008019,-0.005033,-0.005193,-0.008871,-0.011178,-0.010469,-0.013266,-0.016643,-0.015694,-0.014315,-0.013235,-0.010944,89.888429,89.869439,89.864190,89.873436,89.883357,89.908457,89.913880,89.926177,89.936459,89.925979,89.920818,89.916918,89.915415,89.916165,89.919925,89.921643,89.919428,89.917990,89.920726,89.928682,89.936530,89.949096,89.935206,89.930594,89.934496,89.938526,89.940879,89.944565,89.955227,89.969809,89.981294,89.977297,89.960842,89.951998,89.964896,89.944560,89.919343,89.904912,89.906407,89.918368,89.969545,90.253514,90.432070,90.520956,90.537413,90.520512,90.474302,90.409251,90.337417,90.294017,90.269874,90.274254,90.318734,90.369632,90.421393,90.439368,90.426890,90.409514,90.400818,90.373364,90.331007,90.280504,90.233382,90.201057,90.264405,90.292724,90.189743,90.021391,89.949015,89.923072,89.910050,89.902204,89.887249,89.858956,89.832766,89.817117,89.815952,89.817011,89.820470,89.834871,89.852249,89.858970,89.853098,89.877081,89.914241,89.928728,89.936330,89.935943,89.939728,89.949970,89.959279,89.965195,89.982589,89.972710,89.951630,89.945728,89.934946,89.921426,89.907892,89.918972,89.903859,89.886347,89.849964,89.845155,89.850943,89.852913,89.862655,89.869805,89.875953,89.882947,89.890317,89.899559,89.912141,89.923831,89.949108,89.950558,89.954996,89.961316,89.962157,89.959037,89.961353,89.973042,89.988990,90.008077,90.124346,90.064671,90.077241,90.011202,90.169736,90.127279,90.168759,90.166965,90.000753,89.963766,89.983888,89.993090,89.998730,90.000210,90.006292,90.158193,90.030724,90.009292,90.003400,90.018849,90.184848,90.114968,90.061838,90.109297,90.148658,90.133897,90.110574,89.993159,89.985838,90.125405,90.127059,90.101863,90.145054,90.007071,89.978216,90.002554,90.006391,90.021279,90.117803,90.122019,89.987845,89.982971,89.970843,89.965209,89.969052,89.992879,89.980671,90.027201,90.150141,90.013608,89.998463,89.989974,89.984105,89.989976,89.994188,89.992611,89.986559,89.980943,89.970158,89.957381,89.953580,89.956190,89.955138,89.947088,89.945201,89.954310,89.967436,89.976985,89.984999,89.992211,89.995730,89.994115,89.995404,89.996073,89.996547,89.987675,89.983724,89.983312,89.969694,89.931204,89.910553,89.928014,89.927777,89.914054,89.899968,89.907105,89.917940,89.926962,89.936831,89.946535,89.945669,89.934709,89.908907,89.904936,89.905257,89.905092,89.907299,89.910679,89.894692,89.895172,89.911384,89.931126,89.938295,89.938672,89.946118,89.952202,89.947930,89.942929,89.947195,89.974467,89.971076,89.961661,89.951540,89.943881,89.943093,89.949019,89.955323,89.941755,89.923989,89.925844,89.920793,89.898637,89.887648,89.890131,89.893509,89.894183,0.000602,0.000813,0.000917,0.000877,0.000785,0.000465,0.000487,0.000484,0.000472,0.000633,0.000642,0.000638,0.000656,0.000694,0.000707,0.000704,0.000712,0.000713,0.000708,0.000701,0.000694,0.000579,0.000769,0.000864,0.000892,0.000913,0.000910,0.000881,0.000847,0.000853,0.000852,0.000842,0.000872,0.000882,0.000770,0.001055,0.001160,0.001184,0.001180,0.001187,0.001198,0.001177,0.001132,0.001092,0.001059,0.001034,0.000995,0.000940,0.000891,0.000858,0.000827,0.000797,0.000794,0.000839,0.000923,0.000994,0.001039,0.001080,0.001127,0.001135,0.001117,0.001162,0.001214,0.001242,0.001170,0.001206,0.001185,0.000996,0.000927,0.000948,0.001021,0.001097,0.001138,0.001165,0.001152,0.001089,0.000961,0.000905,0.000937,0.000916,0.000838,0.000858,0.001083,0.001055,0.000903,0.000938,0.000923,0.000920,0.000910,0.000896,0.000892,0.000857,0.000593,0.000646,0.000870,0.000894,0.000885,0.000885,0.000934,0.000666,0.000688,0.000691,0.001026,0.001012,0.000887,0.000853,0.000759,0.000707,0.000670,0.000637,0.000637,0.000671,0.000667,0.000639,0.000380,0.000376,0.000358,0.000353,0.000375,0.000400,0.000411,0.000406,0.000380,0.000380,0.000431,0.000802,0.000470,0.000522,0.000575,0.000843,0.000871,0.000677,0.000649,0.000552,0.000541,0.000507,0.000539,0.000554,0.000542,0.000548,0.000424,0.000428,0.000570,0.000588,0.000795,0.000767,0.000829,0.000825,0.000774,0.000706,0.000610,0.000583,0.000602,0.000301,0.000365,0.000391,0.000313,0.000386,0.000371,0.000344,0.000399,0.000339,0.000388,0.000432,0.000357,0.000366,0.000363,0.000346,0.000337,0.000346,0.000349,0.000315,0.000231,0.000233,0.000233,0.000242,0.000327,0.000356,0.000385,0.000411,0.000438,0.000449,0.000473,0.000493,0.000473,0.000456,0.000464,0.000464,0.000460,0.000464,0.000464,0.000441,0.000404,0.000387,0.000391,0.000389,0.000376,0.000359,0.000347,0.000342,0.000349,0.000352,0.000373,0.000638,0.000761,0.000439,0.000248,0.000273,0.000415,0.000390,0.000325,0.000305,0.000330,0.000346,0.000357,0.000361,0.000552,0.000561,0.000603,0.000675,0.000654,0.000500,0.000578,0.000607,0.000614,0.000587,0.000611,0.000642,0.000612,0.000636,0.000709,0.000718,0.000704,0.000489,0.000610,0.000678,0.000695,0.000686,0.000642,0.000546,0.000378,0.000378,0.000491,0.000469,0.000514,0.000662,0.000689,0.000636,0.000600,0.000569
-0.008204,-0.008071,-0.003965,-0.000058,0.001469,0.006311,0.004753,0.003185,0.001301,-0.002667,-0.002151,-0.003435,-0.006669,-0.011234,-0.016177,-0.017865,-0.018354,-0.021637,-0.026004,-0.028361,-0.029617,-0.029844,-0.034851,-0.035043,-0.035511,-0.036123,-0.034532,-0.033988,-0.036201,-0.038864,-0.041224,-0.042877,-0.045972,-0.050462,-0.052917,-0.062006,-0.059498,-0.057749,-0.057930,-0.058416,-0.051610,0.008370,0.019744,0.022294,0.022900,0.023151,0.021174,0.015939,0.013286,0.013081,0.015616,0.015161,0.011862,0.004663,-0.003442,-0.011489,-0.019371,-0.024014,-0.025299,-0.023960,-0.022662,-0.021433,-0.017599,-0.005941,0.005664,0.001228,-0.005419,-0.001877,0.026905,0.034446,0.030975,0.029733,0.025521,0.021808,0.020686,0.020335,0.019582,0.020030,0.019940,0.022616,0.025724,0.027223,0.030184,0.035107,0.037494,0.036345,0.036180,0.035004,0.034634,0.035457,0.036606,0.038353,0.039972,0.036770,0.035216,0.037876,0.034798,0.030629,0.027952,0.030160,0.023089,0.019429,0.013945,0.016573,0.018176,0.017482,0.018003,0.017306,0.015969,0.015169,0.014790,0.015249,0.015245,0.013462,0.015868,0.014224,0.014522,0.014637,0.013239,0.012542,0.011764,0.010486,0.010060,0.011156,0.023952,-0.001405,0.014171,-0.002807,0.025695,-0.001406,0.012560,0.013134,-0.002638,0.015579,0.018441,0.011919,0.008984,0.007152,0.004809,0.024243,-0.002545,-0.004545,0.001879,0.002791,0.021087,-0.005504,-0.005562,0.012477,0.021236,0.021127,0.021089,0.010092,0.023393,0.043981,0.015436,0.003197,-0.002033,-0.020675,-0.004930,-0.002099,-0.003297,-0.000144,0.014877,-0.000788,-0.018223,0.000729,0.001718,-0.000280,-0.000973,-0.000103,-0.002348,0.007418,0.007831,-0.022822,-0.004833,-0.004553,-0.003338,-0.003833,-0.004175,-0.004645,-0.004397,-0.004106,-0.004746,-0.006919,-0.008702,-0.009343,-0.011145,-0.010915,-0.011910,-0.013715,-0.015468,-0.016397,-0.017251,-0.019911,-0.022921,-0.021253,-0.022193,-0.020197,-0.018736,-0.016152,-0.015876,-0.015777,-0.009545,-0.001871,0.006440,0.010052,0.008598,0.010229,0.008336,0.009451,0.012244,0.012686,0.009663,0.007631,0.006145,0.004771,0.001995,0.001847,-0.001260,-0.003211,-0.003734,-0.005981,-0.012097,-0.011737,-0.010750,-0.012164,-0.014339,-0.014039,-0.013362,-0.014270,-0.015152,-0.015192,-0.015674,-0.013593,-0.015174,-0.013247,-0.011579,-0.009875,-0.007835,-0.005261,-0.004479,-0.007626,-0.010456,-0.009727,-0.013010,-0.016287,-0.014866,-0.012930,-0.011557,-0.009203,89.872190,89.864319,89.864607,89.875924,89.883395,89.909519,89.919649,89.934220,89.948035,89.932540,89.920607,89.915535,89.921828,89.930849,89.932768,89.925910,89.921845,89.924191,89.925954,89.925405,89.926637,89.936339,89.922629,89.923507,89.936324,89.947863,89.954396,89.956711,89.960152,89.966111,89.971737,89.973357,89.966595,89.956159,89.962459,89.936119,89.921790,89.906934,89.897491,89.907122,89.961925,90.266912,90.443400,90.515622,90.520034,90.503332,90.471619,90.406748,90.331641,90.280310,90.265776,90.283582,90.329864,90.380331,90.413640,90.430084,90.431923,90.415751,90.387381,90.360366,90.328023,90.284532,90.224403,90.210333,90.268870,90.288556,90.190372,89.990800,89.946074,89.928156,89.902648,89.887459,89.866548,89.842458,89.825898,89.815035,89.807481,89.812944,89.813767,89.825526,89.850436,89.859668,89.859506,89.877691,89.917520,89.937778,89.946425,89.942062,89.937834,89.943374,89.955751,89.967480,89.988148,89.976767,89.946519,89.940724,89.936190,89.924539,89.906922,89.912304,89.899370,89.894198,89.865911,89.859355,89.862137,89.863252,89.867697,89.871457,89.878276,89.885828,89.893047,89.901375,89.915999,89.927815,89.952136,89.949909,89.948873,89.952849,89.956982,89.959221,89.964108,89.972570,89.985024,89.997227,90.109564,90.051871,90.073422,90.013287,90.172393,90.127740,90.165764,90.157832,89.991317,89.965222,89.983414,89.990727,89.997443,89.999380,89.992641,90.143282,90.045868,90.007335,90.005874,90.012644,90.180025,90.123807,90.061753,90.109432,90.160445,90.142820,90.104731,89.989054,89.989624,90.142992,90.136998,90.094797,90.131090,90.002590,89.997512,89.998492,89.991610,90.020147,90.105079,90.120934,90.008905,89.996234,89.994094,89.980895,89.962456,89.978073,89.969840,90.031759,90.152995,90.016473,90.007715,89.998824,89.990920,89.988114,89.990423,89.994013,89.994032,89.987395,89.972500,89.959813,89.953459,89.950899,89.947816,89.944093,89.947196,89.959956,89.975229,89.984408,89.988152,89.991239,89.992048,89.990858,89.989331,89.992599,89.991989,89.988455,89.981087,89.974689,89.961401,89.913780,89.899213,89.925862,89.925071,89.919702,89.897052,89.895398,89.907914,89.919152,89.926858,89.936862,89.940036,89.934522,89.913832,89.911080,89.910487,89.911327,89.910860,89.909099,89.890580,89.894249,89.911465,89.925051,89.929578,89.938170,89.952689,89.957125,89.952681,89.951172,89.955572,89.975590,89.970906,89.968003,89.966219,89.959420,89.952613,89.953547,89.958872,89.948855,89.931683,89.934528,89.928758,89.904029,89.890987,89.891646,89.888066,89.878125,0.000636,0.000793,0.000889,0.000848,0.000828,0.000524,0.000506,0.000500,0.000436,0.000602,0.000646,0.000666,0.000672,0.000695,0.000744,0.000783,0.000787,0.000777,0.000751,0.000717,0.000683,0.000547,0.000713,0.000738,0.000731,0.000776,0.000823,0.000875,0.000932,0.000955,0.000936,0.000884,0.000870,0.000865,0.000716,0.001052,0.001111,0.001141,0.001164,0.001185,0.001203,0.001205,0.001192,0.001157,0.001097,0.001036,0.000980,0.000940,0.000893,0.000871,0.000865,0.000869,0.000868,0.000896,0.000959,0.001041,0.001108,0.001142,0.001152,0.001165,0.001193,0.001212,0.001260,0.001255,0.001201,0.001203,0.001175,0.001047,0.000991,0.000923,0.001077,0.001118,0.001151,0.001166,0.001158,0.001136,0.001095,0.000961,0.001001,0.001002,0.000870,0.000915,0.001072,0.001067,0.000897,0.000916,0.000913,0.000931,0.000931,0.000905,0.000897,0.000895,0.000656,0.000702,0.000943,0.000916,0.000908,0.000949,0.000969,0.000668,0.000694,0.000684,0.000988,0.000985,0.000859,0.000797,0.000751,0.000752,0.000734,0.000687,0.000663,0.000703,0.000694,0.000669,0.000388,0.000382,0.000379,0.000375,0.000384,0.000390,0.000382,0.000387,0.000370,0.000349,0.000354,0.000704,0.000420,0.000495,0.000564,0.000827,0.000773,0.000569,0.000620,0.000555,0.000573,0.000506,0.000488,0.000475,0.000469,0.000516,0.000497,0.000440,0.000607,0.000618,0.000639,0.000669,0.000824,0.000877,0.000817,0.000722,0.000613,0.000624,0.000615,0.000304,0.000349,0.000353,0.000337,0.000302,0.000479,0.000415,0.000317,0.000433,0.000417,0.000441,0.000395,0.000401,0.000384,0.000371,0.000375,0.000387,0.000371,0.000302,0.000231,0.000234,0.000237,0.000251,0.000334,0.000357,0.000388,0.000411,0.000429,0.000437,0.000453,0.000458,0.000449,0.000450,0.000455,0.000454,0.000456,0.000457,0.000442,0.000412,0.000388,0.000390,0.000398,0.000394,0.000386,0.000387,0.000391,0.000390,0.000392,0.000375,0.000423,0.000651,0.000671,0.000307,0.000308,0.000285,0.000437,0.000433,0.000370,0.000344,0.000362,0.000360,0.000352,0.000342,0.000512,0.000523,0.000566,0.000623,0.000616,0.000494,0.000591,0.000599,0.000590,0.000583,0.000621,0.000628,0.000575,0.000594,0.000649,0.000652,0.000639,0.000450,0.000586,0.000686,0.000726,0.000705,0.000636,0.000523,0.000373,0.000370,0.000501,0.000485,0.000542,0.000695,0.000698,0.000624,0.000599,0.000602
-0.007267,-0.006746,-0.003516,0.000545,0.003250,0.006738,0.003188,0.002792,0.001140,-0.002137,-0.002452,-0.004029,-0.007037,-0.010655,-0.014212,-0.016807,-0.018781,-0.021124,-0.023673,-0.026948,-0.029520,-0.029764,-0.035071,-0.035435,-0.035854,-0.035877,-0.035018,-0.034628,-0.035980,-0.038395,-0.041818,-0.044689,-0.047271,-0.050503,-0.052869,-0.063261,-0.060248,-0.057786,-0.058041,-0.059697,-0.050564,0.005779,0.018295,0.023080,0.024047,0.022155,0.019851,0.016044,0.012943,0.013439,0.015933,0.016583,0.012072,0.003997,-0.005198,-0.012707,-0.019240,-0.024083,-0.025538,-0.024114,-0.023704,-0.023457,-0.017944,-0.007597,0.005496,0.000979,-0.004862,-0.001828,0.026069,0.034304,0.031162,0.028831,0.025127,0.023154,0.022348,0.021486,0.019636,0.018585,0.019189,0.023432,0.026623,0.025850,0.028626,0.034790,0.037626,0.036130,0.036154,0.035780,0.036140,0.037280,0.038268,0.039222,0.041718,0.037700,0.035435,0.036480,0.033242,0.029818,0.025452,0.028857,0.023422,0.020378,0.015578,0.017454,0.017501,0.015809,0.016593,0.017240,0.017099,0.015180,0.013940,0.015518,0.015326,0.013319,0.015703,0.015285,0.015509,0.013853,0.012227,0.012094,0.011555,0.010326,0.010871,0.011099,0.022593,-0.000429,0.013416,-0.001208,0.025984,-0.002120,0.012043,0.013829,-0.002151,0.017633,0.018328,0.013733,0.009126,0.006233,0.005870,0.022581,-0.003362,-0.003594,0.001455,0.001246,0.020581,-0.005812,-0.004683,0.014173,0.022105,0.022890,0.020311,0.011445,0.024782,0.044661,0.015164,0.004914,-0.002923,-0.022104,-0.006786,-0.002047,-0.003574,0.000445,0.016257,-0.003035,-0.017375,-0.001573,0.001160,-0.001426,-0.000459,-0.002237,-0.003215,0.005216,0.007549,-0.021874,-0.004996,-0.005225,-0.004049,-0.004135,-0.004307,-0.003953,-0.004637,-0.004618,-0.005072,-0.005725,-0.007125,-0.009558,-0.011471,-0.010624,-0.010227,-0.011366,-0.014220,-0.016578,-0.017761,-0.019319,-0.021348,-0.021490,-0.022309,-0.021021,-0.018866,-0.016619,-0.015578,-0.017159,-0.009614,-0.001067,0.005673,0.012052,0.009007,0.010679,0.007782,0.009663,0.012134,0.012039,0.010169,0.007400,0.005889,0.005304,0.001657,0.001902,-0.001033,-0.003775,-0.004779,-0.005993,-0.010866,-0.011239,-0.011535,-0.012608,-0.014276,-0.014349,-0.013590,-0.014175,-0.014514,-0.013086,-0.013044,-0.012377,-0.014825,-0.013590,-0.012625,-0.011681,-0.008518,-0.004779,-0.004259,-0.008493,-0.010927,-0.010116,-0.012797,-0.015567,-0.014076,-0.013251,-0.013551,-0.010977,89.885021,89.872166,89.867110,89.873985,89.884152,89.912267,89.913779,89.920106,89.926632,89.916915,89.917995,89.918634,89.921849,89.926740,89.929229,89.928985,89.931045,89.933285,89.931366,89.928350,89.931993,89.950027,89.937357,89.935856,89.945069,89.951498,89.954693,89.953352,89.953529,89.958616,89.961076,89.956326,89.951410,89.953603,89.971298,89.939811,89.918063,89.907032,89.910615,89.910625,89.941961,90.239201,90.429790,90.516995,90.522281,90.494415,90.466723,90.414872,90.337951,90.278980,90.252687,90.275182,90.332153,90.371389,90.399510,90.426441,90.437837,90.415470,90.389438,90.365947,90.336239,90.281035,90.233451,90.214156,90.262482,90.288540,90.190955,90.018320,89.938457,89.928170,89.912910,89.900807,89.877092,89.848359,89.824366,89.813136,89.817340,89.825265,89.819802,89.824028,89.847741,89.854709,89.861518,89.887263,89.920807,89.929072,89.931687,89.929761,89.929241,89.935363,89.945412,89.956854,89.980878,89.971005,89.949369,89.949656,89.939926,89.925919,89.902433,89.915066,89.907903,89.892966,89.857684,89.849456,89.858606,89.864398,89.867267,89.869027,89.876738,89.886761,89.897451,89.907211,89.919602,89.927948,89.950854,89.951722,89.953934,89.961677,89.965699,89.961839,89.959289,89.968073,89.989058,90.007548,90.116236,90.061147,90.070025,90.010424,90.185558,90.131942,90.158439,90.163458,90.007473,89.974400,89.986386,89.998293,90.003851,89.999010,90.000739,90.171014,90.023187,90.012652,90.015881,90.006150,90.168729,90.117940,90.073046,90.121450,90.171088,90.148340,90.108923,89.995869,89.993570,90.120179,90.122932,90.097389,90.151981,90.006363,89.977456,89.998071,90.005400,90.012369,90.105759,90.131804,89.994150,89.982888,89.971080,89.971663,89.976740,89.983080,89.973118,90.023447,90.139904,90.012154,90.002866,89.994152,89.985351,89.981067,89.981437,89.985278,89.984891,89.979916,89.970978,89.966339,89.966599,89.962244,89.953001,89.943349,89.941506,89.949127,89.962673,89.974453,89.985892,89.996957,90.002129,89.998231,89.990995,89.984657,89.986262,89.980222,89.983400,89.994521,89.972464,89.916231,89.915532,89.945894,89.932642,89.923496,89.897523,89.905859,89.926163,89.932878,89.933180,89.935877,89.936410,89.933753,89.915862,89.915291,89.912806,89.906517,89.905927,89.913477,89.899655,89.894708,89.903042,89.922399,89.933458,89.938294,89.949536,89.958043,89.956621,89.954825,89.957528,89.974487,89.966200,89.963580,89.960469,89.951917,89.944398,89.945854,89.952277,89.941008,89.922781,89.924194,89.918412,89.894410,89.884220,89.887026,89.887392,89.885710,0.000614,0.000792,0.000893,0.000899,0.000880,0.000574,0.000592,0.000543,0.000520,0.000713,0.000739,0.000731,0.000721,0.000727,0.000749,0.000759,0.000759,0.000788,0.000819,0.000813,0.000750,0.000536,0.000745,0.000843,0.000865,0.000900,0.000912,0.000922,0.000927,0.000911,0.000905,0.000909,0.000911,0.000897,0.000740,0.001127,0.001194,0.001202,0.001197,0.001214,0.001250,0.001272,0.001272,0.001253,0.001187,0.001103,0.001034,0.000972,0.000923,0.000903,0.000892,0.000876,0.000884,0.000933,0.001026,0.001131,0.001199,0.001215,0.001213,0.001194,0.001173,0.001196,0.001239,0.001261,0.001217,0.001219,0.001173,0.001025,0.001028,0.001027,0.001178,0.001204,0.001226,0.001223,0.001208,0.001151,0.001033,0.000910,0.000962,0.000967,0.000845,0.000991,0.001171,0.001131,0.000950,0.000983,0.000989,0.001003,0.000997,0.000974,0.000972,0.000956,0.000677,0.000745,0.000966,0.000912,0.000933,0.000940,0.001029,0.000700,0.000694,0.000739,0.001021,0.001026,0.000918,0.000872,0.000818,0.000786,0.000735,0.000685,0.000655,0.000682,0.000693,0.000690,0.000430,0.000413,0.000411,0.000407,0.000433,0.000448,0.000446,0.000442,0.000420,0.000414,0.000459,0.000679,0.000578,0.000618,0.000664,0.000850,0.000741,0.000613,0.000698,0.000634,0.000599,0.000537,0.000553,0.000561,0.000561,0.000658,0.000397,0.000522,0.000617,0.000645,0.000648,0.000723,0.000832,0.000868,0.000837,0.000740,0.000648,0.000644,0.000598,0.000277,0.000486,0.000382,0.000407,0.000370,0.000310,0.000342,0.000410,0.000405,0.000453,0.000500,0.000448,0.000452,0.000445,0.000426,0.000414,0.000428,0.000419,0.000366,0.000281,0.000290,0.000281,0.000275,0.000357,0.000388,0.000429,0.000463,0.000495,0.000513,0.000534,0.000547,0.000547,0.000559,0.000539,0.000495,0.000488,0.000518,0.000535,0.000530,0.000511,0.000494,0.000476,0.000441,0.000414,0.000413,0.000416,0.000419,0.000417,0.000409,0.000389,0.000675,0.000752,0.000394,0.000369,0.000292,0.000504,0.000500,0.000414,0.000372,0.000375,0.000377,0.000387,0.000383,0.000576,0.000580,0.000630,0.000717,0.000718,0.000555,0.000621,0.000637,0.000648,0.000623,0.000653,0.000688,0.000662,0.000693,0.000763,0.000748,0.000704,0.000514,0.000647,0.000687,0.000688,0.000686,0.000662,0.000600,0.000460,0.000470,0.000576,0.000521,0.000524,0.000678,0.000703,0.000645,0.000621,0.000604
-0.007016,-0.006943,-0.003850,-0.000671,0.002977,0.008076,0.004130,0.002590,0.000681,-0.002424,-0.001710,-0.002968,-0.006463,-0.011055,-0.014432,-0.016171,-0.018061,-0.021111,-0.024903,-0.028336,-0.031175,-0.031410,-0.035070,-0.035094,-0.035326,-0.035001,-0.035434,-0.036129,-0.036618,-0.038264,-0.041330,-0.043835,-0.046424,-0.049767,-0.052270,-0.061296,-0.059307,-0.058290,-0.059602,-0.060629,-0.050167,0.007309,0.018402,0.022213,0.023345,0.023028,0.020770,0.017717,0.013267,0.013241,0.015301,0.015984,0.012157,0.003475,-0.004655,-0.011712,-0.018234,-0.022939,-0.024978,-0.023685,-0.023651,-0.022601,-0.016894,-0.006867,0.005960,0.001083,-0.003972,-0.001216,0.026266,0.034984,0.031582,0.029900,0.025922,0.022959,0.021048,0.020710,0.020471,0.020237,0.019105,0.022091,0.025042,0.026634,0.029385,0.034539,0.037349,0.036416,0.036504,0.035812,0.035992,0.036697,0.037184,0.038572,0.040855,0.036566,0.034476,0.036532,0.033789,0.029528,0.025360,0.026860,0.020569,0.019366,0.015351,0.018714,0.019034,0.017090,0.017781,0.018095,0.018379,0.017333,0.014453,0.013456,0.013927,0.012747,0.015201,0.014663,0.015567,0.014616,0.013063,0.011257,0.010714,0.010270,0.009869,0.010850,0.022061,-0.004949,0.013901,-0.002950,0.026399,-0.000172,0.014271,0.015478,-0.001443,0.014420,0.017391,0.014753,0.010151,0.005686,0.004391,0.023468,-0.003829,-0.002204,0.001197,0.001654,0.019552,-0.007214,-0.003968,0.013541,0.022910,0.020688,0.019831,0.009858,0.024858,0.044460,0.015118,0.002670,-0.003664,-0.022495,-0.003585,-0.001604,-0.002720,0.000160,0.013310,-0.002343,-0.016573,0.001127,-0.000271,0.000561,-0.000644,-0.001826,-0.002729,0.006447,0.009578,-0.021654,-0.006519,-0.005418,-0.006083,-0.005099,-0.004525,-0.003984,-0.004864,-0.004630,-0.004497,-0.005387,-0.007398,-0.009176,-0.010675,-0.009711,-0.010363,-0.012429,-0.014828,-0.016537,-0.017309,-0.018285,-0.020225,-0.020617,-0.021657,-0.021499,-0.019893,-0.017467,-0.015216,-0.014475,-0.010736,-0.001946,0.005861,0.011391,0.007892,0.008905,0.008026,0.010494,0.012116,0.010931,0.008643,0.007451,0.006946,0.005098,0.000916,0.001200,-0.001281,-0.003585,-0.004146,-0.005429,-0.010385,-0.010468,-0.011540,-0.013864,-0.014871,-0.014154,-0.014374,-0.015089,-0.014582,-0.013803,-0.014689,-0.012287,-0.014736,-0.013161,-0.012803,-0.010727,-0.007948,-0.005680,-0.006047,-0.008807,-0.011345,-0.012131,-0.015168,-0.016897,-0.014147,-0.012013,-0.011693,-0.009570,89.886049,89.868175,89.863389,89.868920,89.877755,89.911790,89.920166,89.930737,89.935412,89.921614,89.919259,89.922199,89.924769,89.921024,89.916469,89.920052,89.928676,89.932928,89.932750,89.935345,89.941714,89.948184,89.933509,89.932603,89.940399,89.945462,89.946603,89.945759,89.948301,89.953973,89.963764,89.969124,89.963596,89.955521,89.961514,89.936883,89.919394,89.900869,89.897426,89.910483,89.937125,90.259710,90.437663,90.519575,90.531998,90.516152,90.478482,90.419916,90.337857,90.289615,90.277095,90.290542,90.331117,90.376199,90.414274,90.433415,90.427630,90.411370,90.395525,90.369354,90.326156,90.268862,90.225661,90.208017,90.263619,90.281808,90.186460,90.011696,89.948139,89.929435,89.905941,89.887554,89.866449,89.845442,89.830141,89.815458,89.805609,89.813756,89.819830,89.840348,89.863836,89.868728,89.862360,89.883055,89.919677,89.930982,89.933469,89.933361,89.936848,89.946074,89.958518,89.971150,89.995202,89.982987,89.956581,89.952163,89.940098,89.927417,89.911658,89.925692,89.912902,89.898392,89.857608,89.847201,89.854162,89.859807,89.870121,89.876808,89.882166,89.889530,89.896128,89.903932,89.917917,89.928874,89.954020,89.949882,89.950878,89.963991,89.976814,89.973666,89.966023,89.966277,89.984114,90.009572,90.124284,90.046729,90.082268,90.011590,90.175589,90.142771,90.175389,90.159879,90.004065,89.970407,89.979577,89.992010,90.003134,90.003454,90.011741,90.160531,90.043342,90.021081,89.998533,89.999113,90.164410,90.114395,90.078586,90.124842,90.177662,90.158181,90.108751,89.989236,89.992366,90.132961,90.120232,90.104892,90.134989,90.007137,89.986622,90.001441,89.995753,89.985429,90.102525,90.117212,90.004273,89.991455,89.994021,89.981442,89.979189,90.000049,89.978398,90.030601,90.148257,90.017567,90.001583,89.997574,89.990221,89.988173,89.984971,89.986910,89.985490,89.979059,89.971714,89.971215,89.972294,89.965738,89.951035,89.939395,89.942174,89.954837,89.967546,89.977274,89.987432,89.995303,89.996653,89.993836,89.996377,89.996172,89.991898,89.980883,89.981880,89.987040,89.957925,89.921310,89.911169,89.937590,89.928174,89.923254,89.899463,89.901182,89.914789,89.921064,89.921936,89.926060,89.929437,89.931184,89.917140,89.917524,89.915667,89.912207,89.912743,89.913914,89.895024,89.897076,89.912866,89.929477,89.935600,89.938503,89.946673,89.951594,89.954095,89.958885,89.959748,89.975216,89.961192,89.952783,89.945935,89.940248,89.942753,89.954400,89.965734,89.958029,89.936985,89.928753,89.919890,89.903158,89.896746,89.898394,89.898302,89.894720,0.000729,0.000951,0.001039,0.001005,0.000927,0.000537,0.000532,0.000507,0.000508,0.000692,0.000700,0.000673,0.000656,0.000683,0.000723,0.000735,0.000729,0.000727,0.000723,0.000707,0.000659,0.000575,0.000752,0.000825,0.000884,0.000947,0.000966,0.000958,0.000944,0.000943,0.000924,0.000887,0.000875,0.000847,0.000740,0.001081,0.001146,0.001178,0.001167,0.001148,0.001127,0.001145,0.001158,0.001153,0.001130,0.001100,0.001061,0.001008,0.000954,0.000920,0.000906,0.000904,0.000936,0.001001,0.001062,0.001098,0.001111,0.001139,0.001184,0.001206,0.001216,0.001239,0.001268,0.001274,0.001209,0.001234,0.001204,0.001121,0.000979,0.001022,0.001181,0.001232,0.001228,0.001219,0.001202,0.001199,0.001149,0.000968,0.000981,0.000947,0.000876,0.000963,0.001159,0.001108,0.000915,0.000959,0.000995,0.001024,0.001022,0.000995,0.000953,0.000898,0.000625,0.000736,0.000971,0.000889,0.000885,0.000909,0.000981,0.000662,0.000698,0.000727,0.001078,0.001067,0.000919,0.000884,0.000821,0.000774,0.000737,0.000687,0.000684,0.000709,0.000678,0.000674,0.000416,0.000442,0.000435,0.000409,0.000407,0.000444,0.000446,0.000456,0.000432,0.000417,0.000453,0.000766,0.000541,0.000579,0.000591,0.000859,0.000879,0.000686,0.000717,0.000612,0.000652,0.000610,0.000585,0.000556,0.000533,0.000540,0.000432,0.000427,0.000636,0.000636,0.000695,0.000858,0.000875,0.000839,0.000741,0.000690,0.000563,0.000609,0.000574,0.000422,0.000365,0.000414,0.000389,0.000407,0.000345,0.000379,0.000344,0.000335,0.000485,0.000511,0.000442,0.000447,0.000430,0.000362,0.000376,0.000417,0.000430,0.000353,0.000279,0.000298,0.000311,0.000314,0.000391,0.000397,0.000417,0.000433,0.000485,0.000546,0.000595,0.000601,0.000569,0.000543,0.000537,0.000526,0.000507,0.000498,0.000498,0.000492,0.000486,0.000479,0.000475,0.000473,0.000476,0.000469,0.000448,0.000436,0.000432,0.000420,0.000456,0.000642,0.000661,0.000359,0.000369,0.000271,0.000438,0.000435,0.000378,0.000374,0.000415,0.000421,0.000401,0.000372,0.000573,0.000595,0.000648,0.000709,0.000672,0.000520,0.000615,0.000608,0.000605,0.000599,0.000641,0.000670,0.000638,0.000676,0.000731,0.000715,0.000721,0.000504,0.000649,0.000698,0.000711,0.000713,0.000666,0.000560,0.000415,0.000408,0.000526,0.000562,0.000665,0.000822,0.000809,0.000728,0.000693,0.000678
-0.008507,-0.007409,-0.003294,0.000108,0.001373,0.007229,0.004703,0.003663,0.000416,-0.003397,-0.003639,-0.003858,-0.006096,-0.010606,-0.015109,-0.016561,-0.018182,-0.021429,-0.025362,-0.028177,-0.030152,-0.030115,-0.034103,-0.035390,-0.035747,-0.036318,-0.035689,-0.034491,-0.035558,-0.039337,-0.043145,-0.045238,-0.047400,-0.050132,-0.051909,-0.061871,-0.060557,-0.058631,-0.058488,-0.058791,-0.049592,0.006198,0.018271,0.024946,0.025288,0.022264,0.019703,0.017562,0.013368,0.012927,0.016269,0.015687,0.012169,0.004491,-0.004379,-0.013381,-0.019696,-0.023216,-0.025079,-0.024548,-0.022931,-0.021086,-0.018208,-0.006424,0.006237,0.001501,-0.005170,-0.000427,0.026402,0.034958,0.032533,0.028158,0.023153,0.020258,0.020878,0.021261,0.019411,0.018753,0.018536,0.021835,0.024584,0.027581,0.030040,0.035741,0.037709,0.035959,0.035461,0.034729,0.034843,0.036513,0.037620,0.037840,0.040661,0.036951,0.035780,0.037129,0.033995,0.030066,0.025586,0.026900,0.021979,0.020055,0.015542,0.017920,0.019215,0.017248,0.016641,0.016414,0.017379,0.016113,0.013511,0.012929,0.014517,0.014116,0.016238,0.014765,0.013912,0.014236,0.013168,0.011480,0.010448,0.010165,0.009926,0.009345,0.021986,-0.000904,0.012492,-0.001782,0.027788,-0.000593,0.013755,0.013203,-0.003272,0.016332,0.017329,0.012799,0.009011,0.004845,0.003205,0.023153,-0.003424,-0.000681,0.000804,0.000803,0.021426,-0.005193,-0.004417,0.012452,0.022845,0.023125,0.021064,0.009647,0.024580,0.043584,0.013531,0.002887,-0.001694,-0.023440,-0.003848,-0.001061,-0.001860,0.000033,0.015840,-0.002766,-0.016540,-0.000039,0.000225,-0.002068,-0.001667,-0.002128,-0.002537,0.006156,0.009377,-0.020812,-0.005548,-0.004175,-0.004008,-0.003960,-0.005555,-0.002999,-0.003989,-0.003790,-0.004349,-0.005466,-0.006805,-0.008410,-0.011149,-0.011516,-0.012231,-0.013519,-0.015277,-0.016414,-0.016750,-0.018462,-0.020983,-0.022712,-0.022816,-0.020703,-0.018835,-0.016713,-0.016947,-0.016491,-0.010898,-0.000115,0.006878,0.011696,0.008221,0.008801,0.007681,0.011136,0.013262,0.012342,0.010485,0.008767,0.006381,0.003980,0.000714,0.001594,-0.000754,-0.003672,-0.004286,-0.004069,-0.008441,-0.009361,-0.010548,-0.012045,-0.014124,-0.013788,-0.013730,-0.013950,-0.014603,-0.015431,-0.016351,-0.013762,-0.015024,-0.013266,-0.012833,-0.010969,-0.007605,-0.005247,-0.006379,-0.009317,-0.010947,-0.009624,-0.013352,-0.017450,-0.016675,-0.014355,-0.011889,-0.010050,89.885343,89.866426,89.864310,89.878374,89.883791,89.906995,89.904198,89.915749,89.934974,89.933760,89.929620,89.923659,89.925118,89.928721,89.926146,89.922285,89.923559,89.926260,89.924753,89.925085,89.932150,89.946587,89.936795,89.931402,89.937015,89.944895,89.952737,89.956492,89.959006,89.963144,89.965439,89.961486,89.951919,89.948373,89.965080,89.943113,89.921841,89.905479,89.902983,89.910896,89.947607,90.245769,90.419644,90.513923,90.529752,90.504678,90.464245,90.408252,90.321560,90.273228,90.268220,90.281402,90.322682,90.360299,90.396287,90.420490,90.425762,90.416089,90.404962,90.370486,90.321766,90.270384,90.219371,90.206135,90.264243,90.280760,90.204439,90.038514,89.956643,89.937147,89.919972,89.897980,89.874337,89.845514,89.820834,89.807874,89.806500,89.820543,89.829206,89.846129,89.858787,89.863886,89.861562,89.887297,89.920666,89.929300,89.934091,89.935525,89.936122,89.938945,89.945300,89.952419,89.976748,89.966649,89.947083,89.943269,89.933825,89.923602,89.907261,89.910721,89.894696,89.881652,89.852343,89.844511,89.849938,89.855538,89.865889,89.874132,89.881515,89.886699,89.892151,89.896915,89.913784,89.931131,89.960757,89.958831,89.947104,89.944658,89.950785,89.957027,89.962285,89.970605,89.979774,89.993725,90.123666,90.059342,90.089655,90.003281,90.179210,90.135332,90.171013,90.166811,90.002714,89.975749,89.977524,89.988467,89.998043,89.998643,89.988332,90.137993,90.027914,90.015706,90.011394,89.997293,90.174290,90.131882,90.086163,90.110872,90.159112,90.147118,90.097771,89.983774,89.989900,90.145891,90.148890,90.108413,90.132372,89.994307,89.981587,90.006432,90.006113,90.003489,90.101664,90.120165,89.989305,89.988186,89.987609,89.967035,89.968208,89.978347,89.976870,90.031264,90.139999,90.010036,90.003486,90.001951,89.994329,89.991288,89.988180,89.988296,89.989632,89.990098,89.983793,89.973788,89.964367,89.956865,89.947877,89.939284,89.940019,89.950863,89.963663,89.973768,89.983928,89.995108,90.002192,90.001474,89.998306,89.994338,89.988413,89.978432,89.978674,89.984615,89.970435,89.918483,89.922426,89.940071,89.933868,89.916683,89.898108,89.905964,89.919306,89.923976,89.924382,89.931068,89.937598,89.939873,89.924839,89.925615,89.925270,89.917750,89.910264,89.911217,89.897685,89.899749,89.908647,89.918354,89.920863,89.926573,89.941978,89.954733,89.960108,89.963086,89.961732,89.972494,89.962340,89.958948,89.954165,89.945435,89.943408,89.949888,89.955276,89.943296,89.922580,89.921834,89.917652,89.899423,89.893032,89.898360,89.900457,89.896303,0.000701,0.000860,0.000905,0.000814,0.000809,0.000487,0.000532,0.000503,0.000475,0.000648,0.000708,0.000730,0.000716,0.000710,0.000751,0.000800,0.000805,0.000777,0.000747,0.000705,0.000652,0.000544,0.000735,0.000864,0.000900,0.000931,0.000923,0.000907,0.000911,0.000932,0.000948,0.000935,0.000936,0.000935,0.000799,0.001121,0.001185,0.001199,0.001200,0.001209,0.001223,0.001249,0.001254,0.001212,0.001119,0.001039,0.000999,0.000975,0.000946,0.000931,0.000903,0.000877,0.000884,0.000944,0.001043,0.001128,0.001163,0.001171,0.001199,0.001216,0.001220,0.001230,0.001273,0.001285,0.001245,0.001263,0.001253,0.001108,0.000983,0.001048,0.001104,0.001172,0.001178,0.001186,0.001206,0.001202,0.001159,0.001011,0.001014,0.000956,0.000923,0.000965,0.001186,0.001112,0.000911,0.000924,0.000926,0.000945,0.000945,0.000925,0.000920,0.000915,0.000654,0.000779,0.000967,0.000919,0.000918,0.000921,0.000930,0.000607,0.000631,0.000692,0.000971,0.000952,0.000825,0.000798,0.000750,0.000727,0.000710,0.000688,0.000659,0.000699,0.000681,0.000677,0.000426,0.000405,0.000421,0.000410,0.000412,0.000425,0.000428,0.000429,0.000410,0.000409,0.000466,0.000762,0.000512,0.000550,0.000594,0.000856,0.000738,0.000505,0.000637,0.000579,0.000624,0.000574,0.000570,0.000538,0.000493,0.000671,0.000309,0.000477,0.000548,0.000582,0.000599,0.000689,0.000799,0.000811,0.000752,0.000641,0.000600,0.000667,0.000649,0.000338,0.000394,0.000361,0.000336,0.000323,0.000356,0.000346,0.000434,0.000394,0.000413,0.000554,0.000351,0.000389,0.000413,0.000427,0.000443,0.000456,0.000447,0.000374,0.000300,0.000312,0.000314,0.000329,0.000423,0.000444,0.000465,0.000486,0.000514,0.000533,0.000554,0.000565,0.000563,0.000557,0.000552,0.000526,0.000485,0.000475,0.000491,0.000507,0.000513,0.000511,0.000483,0.000443,0.000435,0.000453,0.000457,0.000423,0.000386,0.000362,0.000398,0.000530,0.000607,0.000351,0.000367,0.000368,0.000485,0.000473,0.000398,0.000372,0.000405,0.000405,0.000384,0.000359,0.000554,0.000590,0.000662,0.000748,0.000731,0.000552,0.000621,0.000630,0.000667,0.000675,0.000728,0.000769,0.000714,0.000695,0.000718,0.000698,0.000692,0.000514,0.000649,0.000713,0.000738,0.000731,0.000659,0.000545,0.000404,0.000406,0.000546,0.000520,0.000524,0.000642,0.000671,0.000649,0.000658,0.000666
-0.006536,-0.006764,-0.003865,-0.000063,0.002663,0.006617,0.004080,0.003177,0.000677,-0.001609,-0.002115,-0.003952,-0.006894,-0.011196,-0.015042,-0.017279,-0.019100,-0.020941,-0.024297,-0.028057,-0.030043,-0.029556,-0.034169,-0.033951,-0.035270,-0.035414,-0.035945,-0.036118,-0.037516,-0.039268,-0.040906,-0.042765,-0.046248,-0.050663,-0.053635,-0.062712,-0.059994,-0.058452,-0.059392,-0.058686,-0.050716,0.005921,0.019287,0.023073,0.023781,0.023471,0.021275,0.017278,0.013643,0.013756,0.016464,0.015274,0.012233,0.004363,-0.004822,-0.013509,-0.020408,-0.023513,-0.024896,-0.024116,-0.023353,-0.022024,-0.017391,-0.005828,0.006822,0.001814,-0.003141,-0.000240,0.027434,0.034581,0.030729,0.027706,0.023628,0.020951,0.021430,0.021814,0.020128,0.019989,0.019432,0.023612,0.025733,0.027526,0.029494,0.034213,0.036864,0.037309,0.036498,0.035099,0.035361,0.037430,0.037318,0.036335,0.039858,0.038835,0.035917,0.036269,0.033209,0.028175,0.025112,0.027075,0.022022,0.019750,0.015633,0.018139,0.018559,0.016961,0.017962,0.017156,0.016820,0.016477,0.015600,0.015374,0.014374,0.013090,0.015622,0.014665,0.015097,0.014257,0.012697,0.011870,0.011811,0.011844,0.011502,0.011021,0.022015,-0.001410,0.012148,-0.001256,0.026875,-0.001571,0.011410,0.015049,-0.003618,0.016370,0.016785,0.014732,0.010575,0.005907,0.004850,0.023196,-0.003803,-0.002947,0.000096,0.002657,0.021305,-0.005824,-0.005551,0.012921,0.020032,0.020273,0.020396,0.008658,0.024137,0.044944,0.015043,0.004160,-0.001750,-0.021700,-0.007076,-0.001209,-0.002421,0.000978,0.013750,-0.004481,-0.018770,-0.001616,-0.000809,0.000085,-0.000557,-0.001197,-0.001001,0.005753,0.009902,-0.022352,-0.005154,-0.002904,-0.003685,-0.004553,-0.004515,-0.005202,-0.005452,-0.004059,-0.002977,-0.005410,-0.008620,-0.010242,-0.012713,-0.012123,-0.010729,-0.011381,-0.014506,-0.017172,-0.018568,-0.020012,-0.021663,-0.022892,-0.021452,-0.021313,-0.019825,-0.016235,-0.015361,-0.014428,-0.009228,-0.001184,0.005734,0.009922,0.008164,0.009147,0.006825,0.009690,0.012749,0.012742,0.010524,0.008825,0.007175,0.004747,0.000346,0.001852,-0.000008,-0.002541,-0.004053,-0.005285,-0.010778,-0.011511,-0.012067,-0.013166,-0.013717,-0.012870,-0.012935,-0.013861,-0.014452,-0.013707,-0.014177,-0.012441,-0.015436,-0.013928,-0.012337,-0.010240,-0.008312,-0.006211,-0.005712,-0.008282,-0.010505,-0.010911,-0.014610,-0.016149,-0.014455,-0.012573,-0.011787,-0.009373,89.888262,89.876119,89.873573,89.882365,89.891504,89.918517,89.922707,89.931819,89.939924,89.933903,89.929473,89.919274,89.912087,89.914245,89.919403,89.917715,89.910296,89.908659,89.915260,89.922924,89.927973,89.938824,89.929558,89.941229,89.947833,89.946015,89.944017,89.945031,89.948826,89.955637,89.965234,89.967977,89.956545,89.941932,89.949435,89.925065,89.910768,89.898886,89.897028,89.902993,89.949002,90.246067,90.427062,90.507761,90.520637,90.502564,90.470716,90.412719,90.329829,90.277562,90.272129,90.281568,90.328986,90.376223,90.406412,90.416794,90.416237,90.409339,90.395325,90.365841,90.327011,90.285569,90.229802,90.204911,90.260916,90.287875,90.200037,90.008479,89.951754,89.932883,89.920168,89.906525,89.880972,89.847553,89.823831,89.813193,89.811683,89.823596,89.826383,89.838939,89.849596,89.848664,89.846859,89.871262,89.909415,89.930023,89.934266,89.927910,89.921306,89.926601,89.941831,89.955539,89.983326,89.987575,89.962401,89.948911,89.932340,89.914829,89.901988,89.914928,89.909644,89.898916,89.862073,89.849478,89.853144,89.854914,89.865538,89.876486,89.884649,89.886667,89.886486,89.895013,89.914133,89.929341,89.950842,89.948175,89.951309,89.960271,89.962589,89.959339,89.963391,89.974218,89.985603,90.001859,90.118336,90.065328,90.071313,90.002364,90.172180,90.137843,90.169011,90.155778,89.990308,89.982608,89.985722,89.992659,89.997915,89.997268,90.002263,90.143207,90.029574,90.004591,90.011424,90.003699,90.172613,90.132278,90.076855,90.114681,90.155777,90.142541,90.101301,89.993464,89.986607,90.130513,90.144585,90.104978,90.138513,90.017728,89.983154,90.015750,90.018649,90.014939,90.110867,90.125183,90.001122,89.988089,89.982959,89.990645,89.985868,89.985997,89.979698,90.028153,90.146072,90.011952,90.001734,89.999170,89.990578,89.986282,89.986584,89.988937,89.986406,89.980400,89.975240,89.972610,89.967869,89.957844,89.944422,89.933596,89.937388,89.952315,89.968428,89.980331,89.990990,89.998797,90.000645,89.995215,89.993699,89.991406,89.985008,89.978647,89.981615,89.982319,89.966554,89.921080,89.913378,89.937461,89.931099,89.921751,89.905329,89.912690,89.922027,89.922083,89.920411,89.920867,89.920619,89.922052,89.909199,89.909292,89.904720,89.900444,89.900977,89.905184,89.888739,89.893017,89.914029,89.934521,89.939356,89.939269,89.948207,89.957779,89.958868,89.954474,89.951078,89.969645,89.961771,89.953890,89.946964,89.942294,89.939874,89.941735,89.951193,89.946141,89.931705,89.932122,89.921846,89.897107,89.884022,89.888546,89.892307,89.890188,0.000632,0.000861,0.000971,0.000913,0.000839,0.000522,0.000515,0.000473,0.000484,0.000642,0.000679,0.000715,0.000748,0.000763,0.000755,0.000752,0.000760,0.000759,0.000744,0.000731,0.000710,0.000587,0.000780,0.000788,0.000872,0.000985,0.001048,0.001028,0.000977,0.000942,0.000901,0.000858,0.000863,0.000869,0.000700,0.001027,0.001092,0.001158,0.001203,0.001214,0.001196,0.001190,0.001166,0.001121,0.001059,0.001008,0.000970,0.000918,0.000851,0.000833,0.000823,0.000859,0.000921,0.000980,0.001031,0.001072,0.001106,0.001139,0.001174,0.001184,0.001187,0.001220,0.001258,0.001240,0.001165,0.001168,0.001132,0.001027,0.000904,0.000948,0.001041,0.001104,0.001156,0.001205,0.001214,0.001165,0.001101,0.000951,0.000990,0.000942,0.000891,0.000979,0.001160,0.001111,0.000932,0.000900,0.000939,0.000971,0.000966,0.000916,0.000867,0.000866,0.000654,0.000692,0.000975,0.000958,0.000935,0.000982,0.001009,0.000726,0.000689,0.000679,0.000991,0.001008,0.000862,0.000808,0.000730,0.000701,0.000683,0.000677,0.000716,0.000752,0.000716,0.000665,0.000401,0.000391,0.000381,0.000376,0.000398,0.000417,0.000402,0.000392,0.000382,0.000400,0.000453,0.000777,0.000545,0.000574,0.000582,0.000864,0.000799,0.000547,0.000659,0.000509,0.000582,0.000524,0.000525,0.000523,0.000526,0.000605,0.000475,0.000552,0.000625,0.000653,0.000630,0.000776,0.000855,0.000840,0.000765,0.000670,0.000597,0.000586,0.000601,0.000388,0.000412,0.000393,0.000355,0.000267,0.000271,0.000424,0.000343,0.000380,0.000376,0.000429,0.000386,0.000378,0.000386,0.000409,0.000422,0.000429,0.000408,0.000343,0.000260,0.000265,0.000267,0.000271,0.000353,0.000379,0.000418,0.000457,0.000501,0.000527,0.000532,0.000534,0.000540,0.000524,0.000481,0.000443,0.000441,0.000465,0.000478,0.000469,0.000459,0.000460,0.000447,0.000418,0.000402,0.000416,0.000431,0.000433,0.000434,0.000412,0.000384,0.000634,0.000651,0.000354,0.000320,0.000289,0.000474,0.000466,0.000390,0.000356,0.000355,0.000350,0.000359,0.000362,0.000569,0.000578,0.000625,0.000686,0.000673,0.000513,0.000611,0.000633,0.000627,0.000608,0.000652,0.000677,0.000632,0.000639,0.000678,0.000672,0.000668,0.000463,0.000606,0.000684,0.000714,0.000697,0.000655,0.000588,0.000442,0.000449,0.000560,0.000506,0.000551,0.000690,0.000749,0.000697,0.000646,0.000614
-0.007356,-0.007429,-0.003677,-0.000063,0.002778,0.006753,0.004153,0.002742,0.001301,-0.002198,-0.002096,-0.003874,-0.007075,-0.011196,-0.014930,-0.016861,-0.018386,-0.021725,-0.025488,-0.028103,-0.029960,-0.030350,-0.035133,-0.035587,-0.035201,-0.035795,-0.035809,-0.035387,-0.036284,-0.037983,-0.040938,-0.044156,-0.046925,-0.049970,-0.051446,-0.061193,-0.058945,-0.058059,-0.057912,-0.057079,-0.050299,0.006531,0.019003,0.023250,0.024126,0.023037,0.020514,0.016283,0.012617,0.013648,0.016345,0.015891,0.011873,0.004198,-0.004691,-0.013692,-0.019396,-0.022421,-0.024135,-0.024726,-0.024014,-0.023923,-0.018170,-0.007044,0.007387,0.002821,-0.003517,-0.002686,0.026001,0.035072,0.031562,0.028916,0.024738,0.021936,0.020325,0.020525,0.020338,0.021161,0.020778,0.024200,0.026358,0.028643,0.029501,0.034658,0.035644,0.036107,0.037486,0.036621,0.035485,0.036438,0.037536,0.038390,0.039358,0.035727,0.034737,0.036039,0.034123,0.029450,0.024444,0.027262,0.021479,0.018758,0.014555,0.017230,0.018344,0.017198,0.018063,0.018223,0.018250,0.017464,0.016178,0.014697,0.014099,0.012802,0.015615,0.014646,0.014829,0.014343,0.013344,0.013005,0.012801,0.012829,0.011809,0.011284,0.022519,-0.001106,0.013051,-0.000771,0.025468,0.000046,0.012298,0.013976,-0.000984,0.016704,0.015469,0.013833,0.009818,0.004304,0.005478,0.022401,-0.003449,-0.002956,-0.000806,0.002054,0.020328,-0.006063,-0.006178,0.011119,0.021492,0.021578,0.019864,0.010368,0.023287,0.045196,0.014314,0.004504,-0.000286,-0.021875,-0.004146,-0.003352,-0.001711,-0.000547,0.014625,-0.001934,-0.016805,-0.000732,-0.000701,-0.000721,-0.001090,-0.000804,-0.002726,0.006118,0.009917,-0.023205,-0.003934,-0.004140,-0.004992,-0.004205,-0.004290,-0.004133,-0.005241,-0.004370,-0.004104,-0.005983,-0.008243,-0.010083,-0.011084,-0.010316,-0.010924,-0.012633,-0.014748,-0.016790,-0.017774,-0.019574,-0.020804,-0.022179,-0.020890,-0.020397,-0.019762,-0.017746,-0.015574,-0.014036,-0.010157,-0.001681,0.005353,0.012122,0.008303,0.007592,0.007477,0.009677,0.013425,0.013278,0.010294,0.008313,0.006624,0.004210,0.000177,0.000853,-0.000811,-0.002156,-0.002411,-0.004131,-0.010220,-0.010838,-0.010939,-0.011958,-0.014233,-0.014288,-0.013502,-0.014427,-0.015729,-0.015108,-0.015651,-0.013583,-0.015717,-0.014066,-0.012541,-0.011798,-0.008806,-0.005603,-0.005249,-0.008646,-0.011257,-0.010715,-0.013844,-0.016635,-0.014913,-0.012711,-0.011697,-0.009643,89.880224,89.866501,89.863996,89.871006,89.879365,89.907839,89.914743,89.920752,89.930000,89.922268,89.923660,89.924366,89.926226,89.925919,89.924502,89.923479,89.926918,89.930384,89.930763,89.928798,89.929517,89.940440,89.929149,89.928594,89.937801,89.944365,89.944774,89.943143,89.946947,89.955806,89.964736,89.966529,89.959877,89.950456,89.956617,89.921731,89.901200,89.891701,89.899497,89.914311,89.967118,90.253656,90.432590,90.505517,90.511805,90.498083,90.475526,90.416355,90.336959,90.292680,90.275252,90.287009,90.329867,90.379007,90.414466,90.424752,90.419185,90.410361,90.401174,90.375872,90.333903,90.274639,90.231631,90.213439,90.255898,90.282348,90.188343,90.007959,89.942580,89.931524,89.918595,89.898894,89.870277,89.843397,89.824098,89.813012,89.810550,89.821540,89.823084,89.837460,89.856327,89.866794,89.860380,89.885556,89.919831,89.932596,89.935456,89.930376,89.931547,89.942414,89.955081,89.964995,89.986034,89.978594,89.954526,89.939609,89.929400,89.919153,89.901047,89.912754,89.902409,89.891868,89.861417,89.852681,89.852178,89.849317,89.853645,89.862531,89.874984,89.884508,89.894756,89.898928,89.906016,89.912976,89.939364,89.945276,89.950264,89.957778,89.961330,89.962276,89.965563,89.971405,89.981504,89.994282,90.117577,90.070225,90.066715,90.011078,90.168777,90.126447,90.164861,90.162763,90.016374,89.972045,89.980740,89.987303,89.994068,89.991051,89.993694,90.153347,90.021933,90.007395,90.007105,90.011442,90.177715,90.127315,90.075477,90.114025,90.160637,90.155323,90.107684,89.983251,89.982667,90.141690,90.130209,90.115826,90.143250,89.994140,89.974891,90.002702,90.012016,90.002457,90.107548,90.129852,90.002724,89.984175,89.996842,89.969536,89.957683,89.972922,89.965786,90.027791,90.152918,90.002946,89.998448,89.997796,89.988411,89.981823,89.981308,89.985863,89.986438,89.979311,89.968034,89.960697,89.957784,89.955972,89.948934,89.935924,89.930279,89.940843,89.960890,89.978209,89.987396,89.990698,89.990922,89.987221,89.986893,89.986574,89.981474,89.973043,89.974920,89.975914,89.961657,89.927096,89.907656,89.938371,89.933490,89.918412,89.892389,89.895550,89.913556,89.920417,89.919719,89.920985,89.923098,89.924050,89.908614,89.908872,89.908460,89.909262,89.914188,89.919887,89.901457,89.897032,89.906005,89.923990,89.933115,89.934686,89.942324,89.954852,89.963905,89.966699,89.962609,89.976737,89.971526,89.966901,89.956407,89.943966,89.941459,89.951285,89.960764,89.948753,89.925026,89.924892,89.923527,89.907104,89.900241,89.904848,89.902397,89.891354,0.000713,0.000914,0.001004,0.000958,0.000883,0.000553,0.000517,0.000525,0.000515,0.000702,0.000710,0.000724,0.000748,0.000778,0.000785,0.000777,0.000766,0.000773,0.000780,0.000778,0.000759,0.000621,0.000783,0.000864,0.000895,0.000944,0.000972,0.000983,0.001006,0.001027,0.001009,0.000967,0.000962,0.000975,0.000829,0.001200,0.001272,0.001287,0.001244,0.001218,0.001215,0.001227,0.001240,0.001217,0.001157,0.001090,0.001034,0.000982,0.000943,0.000919,0.000892,0.000876,0.000903,0.000983,0.001083,0.001159,0.001199,0.001224,0.001245,0.001245,0.001227,0.001253,0.001296,0.001309,0.001279,0.001293,0.001224,0.001121,0.001048,0.001061,0.001164,0.001235,0.001262,0.001234,0.001213,0.001180,0.001107,0.000928,0.000955,0.000934,0.000894,0.000909,0.001133,0.001040,0.000916,0.000970,0.000955,0.000944,0.000943,0.000947,0.000943,0.000924,0.000673,0.000728,0.000951,0.001015,0.000998,0.000984,0.001050,0.000719,0.000730,0.000743,0.001003,0.000970,0.000837,0.000784,0.000728,0.000715,0.000701,0.000703,0.000676,0.000722,0.000702,0.000680,0.000429,0.000425,0.000422,0.000417,0.000457,0.000465,0.000419,0.000391,0.000375,0.000374,0.000388,0.000762,0.000460,0.000508,0.000574,0.000955,0.000883,0.000685,0.000730,0.000522,0.000587,0.000517,0.000518,0.000525,0.000525,0.000643,0.000474,0.000445,0.000597,0.000616,0.000644,0.000777,0.000874,0.000924,0.000882,0.000807,0.000602,0.000662,0.000589,0.000373,0.000386,0.000352,0.000357,0.000361,0.000383,0.000419,0.000406,0.000370,0.000345,0.000458,0.000429,0.000382,0.000470,0.000412,0.000432,0.000458,0.000452,0.000387,0.000315,0.000322,0.000301,0.000292,0.000383,0.000423,0.000446,0.000459,0.000493,0.000535,0.000552,0.000528,0.000502,0.000505,0.000507,0.000495,0.000499,0.000512,0.000513,0.000476,0.000448,0.000454,0.000442,0.000441,0.000449,0.000459,0.000467,0.000468,0.000457,0.000425,0.000485,0.000628,0.000699,0.000295,0.000284,0.000361,0.000501,0.000476,0.000403,0.000385,0.000407,0.000411,0.000407,0.000405,0.000627,0.000654,0.000700,0.000734,0.000711,0.000586,0.000711,0.000716,0.000707,0.000679,0.000719,0.000752,0.000693,0.000671,0.000704,0.000708,0.000723,0.000558,0.000699,0.000753,0.000761,0.000766,0.000722,0.000604,0.000439,0.000412,0.000537,0.000513,0.000578,0.000769,0.000813,0.000728,0.000677,0.000664
-0.005836,-0.005775,-0.002794,0.000516,0.003018,0.007080,0.003829,0.003607,0.001283,-0.002462,-0.002072,-0.003420,-0.007399,-0.011923,-0.014595,-0.016404,-0.018431,-0.021608,-0.025054,-0.027963,-0.029167,-0.029552,-0.035635,-0.034982,-0.034372,-0.034435,-0.035425,-0.035992,-0.036533,-0.038427,-0.041399,-0.043262,-0.045911,-0.051170,-0.054028,-0.062800,-0.059619,-0.057839,-0.059305,-0.060297,-0.049763,0.007020,0.019725,0.023736,0.024355,0.022541,0.020562,0.017973,0.014133,0.013471,0.015161,0.015607,0.012068,0.003765,-0.004890,-0.012089,-0.017429,-0.022346,-0.024835,-0.024763,-0.022742,-0.021319,-0.017605,-0.006758,0.004908,0.001712,-0.004208,-0.000451,0.027385,0.033986,0.029912,0.028964,0.025304,0.021515,0.021049,0.022124,0.020326,0.019333,0.018770,0.022532,0.025797,0.027927,0.030255,0.034091,0.037618,0.035456,0.035188,0.035406,0.036497,0.035960,0.034524,0.035782,0.040020,0.036747,0.035169,0.036926,0.034957,0.031087,0.025947,0.026269,0.021034,0.019504,0.015595,0.017739,0.018527,0.016776,0.017152,0.016409,0.015187,0.014877,0.014665,0.013997,0.013515,0.012831,0.015879,0.015471,0.015219,0.013895,0.012742,0.011938,0.011752,0.011882,0.011831,0.010981,0.021870,-0.002327,0.015335,-0.001996,0.027714,-0.002370,0.011916,0.014072,-0.001633,0.016734,0.017811,0.013769,0.009943,0.005946,0.006040,0.022729,-0.003006,-0.002402,0.000763,0.002451,0.021458,-0.005398,-0.005875,0.011675,0.022561,0.023128,0.019982,0.010784,0.025280,0.043663,0.015108,0.004107,-0.003579,-0.023222,-0.005474,-0.002281,-0.004082,-0.001011,0.012829,-0.003083,-0.014963,-0.002631,0.001719,0.000395,-0.002203,-0.000882,-0.001247,0.008052,0.011128,-0.021112,-0.004961,-0.004902,-0.005323,-0.004492,-0.004032,-0.005100,-0.005731,-0.005204,-0.004886,-0.006331,-0.007742,-0.009603,-0.011849,-0.011905,-0.011522,-0.012343,-0.014619,-0.015623,-0.015992,-0.017601,-0.021717,-0.022994,-0.022472,-0.020568,-0.019365,-0.015551,-0.014202,-0.015392,-0.008544,-0.001554,0.006535,0.012939,0.007988,0.008329,0.006313,0.008767,0.012069,0.012152,0.009953,0.008065,0.005736,0.003798,-0.000667,0.001305,-0.000290,-0.002977,-0.004318,-0.005877,-0.010412,-0.010526,-0.011209,-0.012034,-0.012915,-0.013533,-0.014664,-0.015829,-0.015809,-0.015118,-0.015715,-0.013581,-0.015147,-0.013896,-0.013186,-0.011084,-0.007105,-0.004987,-0.006490,-0.011222,-0.012921,-0.011913,-0.013627,-0.015857,-0.014516,-0.013051,-0.011935,-0.008820,89.884109,89.866943,89.861234,89.869539,89.879095,89.908941,89.913291,89.927733,89.942949,89.935099,89.929885,89.923001,89.922166,89.925196,89.927322,89.925988,89.924080,89.924181,89.922326,89.918594,89.924105,89.947306,89.940968,89.942290,89.942729,89.946422,89.954283,89.958446,89.961870,89.964608,89.969547,89.968899,89.960452,89.951127,89.963163,89.936846,89.920137,89.908832,89.906495,89.909635,89.964633,90.259400,90.428238,90.509769,90.529511,90.509502,90.466779,90.405601,90.331735,90.282908,90.259682,90.276030,90.326485,90.370212,90.395769,90.411561,90.422268,90.419701,90.402144,90.360242,90.310452,90.266913,90.215686,90.207269,90.256819,90.279414,90.191553,90.004222,89.964066,89.949935,89.926120,89.905442,89.878949,89.844565,89.818733,89.808996,89.809789,89.821817,89.823211,89.829081,89.843240,89.852986,89.860202,89.884861,89.921619,89.930889,89.936437,89.933126,89.928084,89.931515,89.948969,89.969556,89.994426,89.976528,89.950787,89.948943,89.934014,89.916964,89.900285,89.909258,89.902342,89.896571,89.866255,89.856620,89.860197,89.860317,89.867767,89.874930,89.878906,89.882448,89.891199,89.900405,89.910785,89.922447,89.949128,89.948724,89.946578,89.950994,89.957304,89.959360,89.965130,89.978079,89.994351,90.007880,90.120540,90.058472,90.062983,90.006811,90.183423,90.138744,90.158761,90.148852,90.010693,89.970959,89.987781,89.997305,90.007045,90.004534,90.015628,90.143262,90.037898,90.009956,90.003424,89.999136,90.170179,90.134146,90.084544,90.123494,90.168948,90.162947,90.112821,89.995318,89.990737,90.131338,90.128087,90.111723,90.148536,90.008601,89.992528,90.026359,90.006223,90.015272,90.106745,90.127166,90.005291,89.989018,89.990007,89.978384,89.972070,89.984253,89.969026,90.014765,90.137693,90.014103,90.004027,89.995791,89.989648,89.989425,89.989808,89.990524,89.987941,89.980149,89.969958,89.962623,89.955987,89.947154,89.937813,89.933665,89.941977,89.959511,89.975150,89.983752,89.989558,89.995873,89.999017,89.996075,89.991756,89.991699,89.986989,89.976361,89.973419,89.978462,89.967961,89.913305,89.898927,89.939632,89.929509,89.917977,89.903000,89.913553,89.928121,89.928392,89.925799,89.933030,89.938765,89.938314,89.916918,89.916494,89.914797,89.910095,89.908841,89.913600,89.901095,89.903050,89.915552,89.930748,89.936151,89.937668,89.947602,89.957040,89.960477,89.961560,89.961497,89.978412,89.973349,89.966143,89.955148,89.945804,89.947784,89.952502,89.956165,89.941053,89.924837,89.927193,89.921981,89.898298,89.888465,89.895430,89.900047,89.894927,0.000679,0.000879,0.001004,0.000980,0.000911,0.000543,0.000553,0.000522,0.000516,0.000710,0.000718,0.000718,0.000729,0.000770,0.000792,0.000777,0.000763,0.000783,0.000803,0.000805,0.000766,0.000586,0.000768,0.000795,0.000876,0.000977,0.001001,0.000974,0.000946,0.000973,0.000976,0.000935,0.000920,0.000947,0.000766,0.001071,0.001136,0.001180,0.001210,0.001229,0.001252,0.001255,0.001240,0.001201,0.001134,0.001058,0.000998,0.000957,0.000944,0.000961,0.000964,0.000949,0.000956,0.001002,0.001074,0.001134,0.001152,0.001150,0.001177,0.001233,0.001304,0.001365,0.001386,0.001329,0.001226,0.001243,0.001262,0.001202,0.001059,0.001066,0.001223,0.001280,0.001296,0.001313,0.001315,0.001243,0.001123,0.000935,0.000954,0.000964,0.000921,0.000997,0.001187,0.001165,0.000939,0.000983,0.000993,0.001008,0.001004,0.000999,0.000998,0.000974,0.000685,0.000759,0.000947,0.000894,0.000967,0.000981,0.000982,0.000711,0.000729,0.000703,0.000971,0.000997,0.000929,0.000961,0.000892,0.000787,0.000713,0.000701,0.000725,0.000787,0.000784,0.000722,0.000437,0.000434,0.000436,0.000440,0.000466,0.000506,0.000500,0.000474,0.000430,0.000414,0.000449,0.000812,0.000572,0.000641,0.000674,0.000952,0.000834,0.000647,0.000649,0.000584,0.000695,0.000626,0.000573,0.000543,0.000530,0.000600,0.000441,0.000515,0.000596,0.000574,0.000609,0.000689,0.000865,0.000954,0.000874,0.000720,0.000642,0.000673,0.000680,0.000339,0.000369,0.000380,0.000380,0.000364,0.000379,0.000408,0.000339,0.000382,0.000434,0.000457,0.000415,0.000470,0.000455,0.000446,0.000455,0.000473,0.000455,0.000362,0.000277,0.000275,0.000281,0.000305,0.000409,0.000442,0.000466,0.000473,0.000475,0.000491,0.000517,0.000543,0.000546,0.000542,0.000548,0.000559,0.000559,0.000538,0.000525,0.000510,0.000486,0.000458,0.000435,0.000422,0.000427,0.000436,0.000425,0.000409,0.000422,0.000435,0.000433,0.000713,0.000803,0.000304,0.000348,0.000340,0.000466,0.000469,0.000407,0.000387,0.000412,0.000399,0.000389,0.000372,0.000626,0.000654,0.000702,0.000761,0.000747,0.000584,0.000672,0.000690,0.000674,0.000630,0.000661,0.000716,0.000694,0.000710,0.000755,0.000740,0.000736,0.000559,0.000659,0.000713,0.000739,0.000735,0.000659,0.000592,0.000465,0.000484,0.000568,0.000529,0.000577,0.000760,0.000802,0.000734,0.000679,0.000646
-0.006722,-0.005571,-0.003164,-0.000445,0.001833,0.006774,0.003595,0.002973,0.001369,-0.001703,-0.002254,-0.003601,-0.006413,-0.010817,-0.014879,-0.017069,-0.018865,-0.021640,-0.024280,-0.026390,-0.028818,-0.029587,-0.034879,-0.034090,-0.035676,-0.036212,-0.035486,-0.035459,-0.036723,-0.040017,-0.043110,-0.045159,-0.047753,-0.051014,-0.052868,-0.062559,-0.059677,-0.057635,-0.058383,-0.059414,-0.051802,0.006485,0.018373,0.023008,0.024234,0.022940,0.021325,0.017380,0.013988,0.014381,0.017724,0.016586,0.011335,0.003270,-0.004567,-0.012060,-0.019671,-0.025292,-0.025196,-0.022741,-0.023433,-0.022281,-0.016148,-0.007403,0.006357,0.002892,-0.006189,-0.001357,0.028066,0.034869,0.031394,0.028202,0.024868,0.021756,0.020057,0.020116,0.019738,0.020527,0.019933,0.023747,0.026320,0.027508,0.029906,0.035352,0.037274,0.036246,0.036170,0.035985,0.036102,0.037582,0.038450,0.037928,0.040049,0.036981,0.035859,0.035073,0.031845,0.029377,0.026202,0.027633,0.020726,0.019465,0.015278,0.017406,0.017597,0.015983,0.016915,0.017469,0.017127,0.015784,0.015513,0.015481,0.014827,0.013154,0.015561,0.014947,0.015467,0.014531,0.013737,0.013106,0.011598,0.008826,0.012329,0.010354,0.021269,-0.002188,0.013618,-0.000278,0.024674,-0.000040,0.012896,0.014372,-0.001787,0.014953,0.016570,0.014309,0.011009,0.005945,0.005340,0.023297,-0.001032,-0.002769,-0.000059,0.000649,0.020450,-0.004021,-0.005215,0.011565,0.024280,0.019303,0.018814,0.009496,0.024190,0.044944,0.013767,0.004496,-0.003269,-0.022152,-0.006360,-0.001786,-0.002485,0.002209,0.014871,-0.003274,-0.017796,-0.002303,-0.000661,0.000843,-0.000460,-0.002712,-0.002551,0.005688,0.008637,-0.022135,-0.003800,-0.004476,-0.006125,-0.004481,-0.004374,-0.004463,-0.004603,-0.004669,-0.005613,-0.006490,-0.006560,-0.008390,-0.010855,-0.010752,-0.011296,-0.012710,-0.014389,-0.016404,-0.018040,-0.019648,-0.020466,-0.021928,-0.022605,-0.022902,-0.019785,-0.015547,-0.015383,-0.015003,-0.008905,-0.001203,0.007207,0.012628,0.009724,0.011170,0.008419,0.010204,0.012930,0.012590,0.009352,0.007459,0.007321,0.006471,0.002204,0.002467,-0.000273,-0.002827,-0.003551,-0.004186,-0.008848,-0.009530,-0.010272,-0.010853,-0.013074,-0.014380,-0.014006,-0.013868,-0.014908,-0.014956,-0.015538,-0.013372,-0.014514,-0.013011,-0.011945,-0.010421,-0.007572,-0.004317,-0.004573,-0.008899,-0.011634,-0.010906,-0.013423,-0.015721,-0.013856,-0.012741,-0.012387,-0.010000,89.894904,89.879815,89.871917,89.877805,89.885335,89.910043,89.910354,89.923308,89.938951,89.931807,89.921633,89.913683,89.912558,89.914165,89.913882,89.913018,89.915741,89.920054,89.923163,89.924716,89.929128,89.944383,89.932770,89.936779,89.942355,89.947846,89.954053,89.959656,89.967864,89.973889,89.976424,89.972072,89.961259,89.950889,89.961983,89.932444,89.914305,89.902358,89.901480,89.903141,89.953760,90.250324,90.439015,90.514453,90.512077,90.484178,90.463140,90.424957,90.344589,90.273456,90.272610,90.297882,90.335912,90.370220,90.396015,90.419728,90.432129,90.418280,90.403357,90.382661,90.333936,90.274242,90.234382,90.207634,90.272089,90.296783,90.188696,90.027210,89.951031,89.940216,89.919276,89.893076,89.868578,89.842566,89.819433,89.809755,89.815016,89.828824,89.825825,89.835157,89.855598,89.864081,89.862692,89.884211,89.916157,89.928138,89.930048,89.930318,89.932365,89.940301,89.949656,89.958114,89.985461,89.982067,89.962666,89.951709,89.933131,89.914620,89.900265,89.917618,89.901191,89.886835,89.851882,89.847046,89.853160,89.853002,89.858889,89.865066,89.873560,89.881901,89.895407,89.909043,89.915730,89.914918,89.935535,89.943028,89.951375,89.956600,89.958723,89.959678,89.960607,89.960096,89.998197,90.008050,90.119171,90.059905,90.054538,90.003161,90.162706,90.147249,90.170632,90.142740,89.996685,89.972557,89.979052,89.994545,90.008529,90.004336,90.012885,90.161549,90.023822,90.014406,89.993077,90.006500,90.179623,90.136498,90.082662,90.107667,90.164585,90.134694,90.098579,89.986596,89.990361,90.138019,90.139304,90.112676,90.126858,90.004479,89.980413,90.001047,90.015131,90.014775,90.116283,90.120638,90.006345,89.993867,89.984271,89.976111,89.972325,89.975734,89.966638,90.028573,90.143129,90.005275,90.001941,90.000199,89.989388,89.990973,89.997377,90.003837,90.004204,89.998128,89.984435,89.970748,89.959918,89.949833,89.939986,89.933331,89.936294,89.949376,89.965613,89.978500,89.987457,89.993470,89.993579,89.985212,89.980522,89.982560,89.985817,89.979492,89.972212,89.961827,89.957320,89.915560,89.906487,89.929549,89.920449,89.909793,89.893880,89.904842,89.918049,89.918018,89.917294,89.925641,89.932100,89.932351,89.918348,89.918681,89.911029,89.901350,89.902874,89.912232,89.899201,89.899240,89.907922,89.923777,89.935700,89.944087,89.952408,89.954936,89.951038,89.947771,89.944552,89.959566,89.958790,89.960456,89.955792,89.947360,89.947639,89.955352,89.960604,89.949362,89.934251,89.939628,89.937169,89.910948,89.891030,89.887723,89.895264,89.900368,0.000635,0.000809,0.000952,0.000954,0.000910,0.000599,0.000640,0.000581,0.000487,0.000600,0.000638,0.000674,0.000724,0.000771,0.000790,0.000776,0.000753,0.000763,0.000796,0.000803,0.000753,0.000575,0.000781,0.000811,0.000856,0.000920,0.000951,0.000936,0.000877,0.000875,0.000920,0.000948,0.000950,0.000933,0.000755,0.001141,0.001224,0.001236,0.001223,0.001216,0.001200,0.001187,0.001206,0.001211,0.001164,0.001093,0.001031,0.000991,0.000934,0.000917,0.000917,0.000914,0.000925,0.000973,0.001055,0.001145,0.001212,0.001241,0.001256,0.001252,0.001254,0.001303,0.001330,0.001321,0.001207,0.001157,0.001138,0.000990,0.001009,0.001011,0.001105,0.001222,0.001286,0.001286,0.001238,0.001178,0.001116,0.001016,0.001111,0.001103,0.000988,0.001019,0.001194,0.001133,0.000959,0.000953,0.000955,0.000915,0.000868,0.000851,0.000874,0.000881,0.000606,0.000735,0.000998,0.000974,0.000920,0.000940,0.001039,0.000724,0.000797,0.000796,0.001097,0.001047,0.000901,0.000883,0.000819,0.000784,0.000753,0.000742,0.000719,0.000716,0.000697,0.000673,0.000389,0.000370,0.000370,0.000383,0.000413,0.000449,0.000459,0.000471,0.000458,0.000440,0.000440,0.000687,0.000485,0.000543,0.000595,0.000856,0.000898,0.000681,0.000711,0.000666,0.000660,0.000563,0.000544,0.000547,0.000547,0.000630,0.000396,0.000361,0.000597,0.000632,0.000638,0.000815,0.000921,0.000957,0.000813,0.000738,0.000667,0.000671,0.000655,0.000289,0.000383,0.000393,0.000347,0.000311,0.000365,0.000397,0.000485,0.000450,0.000385,0.000434,0.000434,0.000421,0.000421,0.000424,0.000437,0.000453,0.000455,0.000384,0.000317,0.000342,0.000337,0.000326,0.000408,0.000426,0.000458,0.000468,0.000485,0.000503,0.000530,0.000532,0.000509,0.000503,0.000509,0.000503,0.000500,0.000494,0.000492,0.000499,0.000502,0.000499,0.000473,0.000444,0.000438,0.000447,0.000443,0.000431,0.000439,0.000446,0.000406,0.000578,0.000613,0.000338,0.000374,0.000363,0.000501,0.000460,0.000370,0.000343,0.000369,0.000376,0.000378,0.000390,0.000621,0.000665,0.000742,0.000821,0.000762,0.000549,0.000637,0.000663,0.000683,0.000652,0.000657,0.000671,0.000653,0.000690,0.000749,0.000724,0.000700,0.000515,0.000628,0.000692,0.000721,0.000716,0.000640,0.000535,0.000422,0.000447,0.000563,0.000527,0.000548,0.000703,0.000737,0.000707,0.000653,0.000605
-0.007171,-0.007440,-0.003525,0.000504,0.003327,0.007411,0.005082,0.003852,0.001307,-0.003037,-0.003051,-0.003754,-0.006762,-0.011737,-0.015806,-0.017057,-0.018716,-0.021530,-0.025312,-0.027863,-0.030046,-0.030428,-0.035368,-0.035004,-0.034726,-0.035910,-0.036236,-0.035059,-0.035382,-0.038417,-0.041490,-0.044251,-0.047140,-0.051338,-0.053292,-0.063503,-0.060331,-0.056980,-0.058751,-0.060157,-0.052345,0.004954,0.019375,0.023988,0.024632,0.022655,0.020220,0.016714,0.013133,0.013766,0.016553,0.016162,0.010877,0.001506,-0.006867,-0.014396,-0.020939,-0.024178,-0.025137,-0.024990,-0.024531,-0.022487,-0.018471,-0.006891,0.006759,0.002221,-0.005499,-0.000369,0.024626,0.034570,0.033144,0.029193,0.025886,0.023342,0.021000,0.019720,0.019034,0.019746,0.018495,0.022282,0.026402,0.028095,0.029938,0.035451,0.038030,0.035783,0.035729,0.035353,0.036248,0.036969,0.036901,0.037549,0.040669,0.037510,0.035123,0.036168,0.033657,0.029778,0.024625,0.027282,0.023219,0.020321,0.014425,0.017687,0.018481,0.017112,0.017533,0.017105,0.016106,0.014502,0.014519,0.014505,0.014089,0.012989,0.015951,0.015243,0.015709,0.015160,0.013488,0.012459,0.011586,0.010392,0.009006,0.011156,0.022868,-0.002526,0.014737,-0.000931,0.026325,-0.002588,0.010401,0.013044,-0.001267,0.015265,0.016310,0.013222,0.010594,0.006277,0.005686,0.025820,-0.004667,-0.004299,-0.000011,0.003037,0.020065,-0.005251,-0.004898,0.011490,0.023185,0.021309,0.020807,0.011070,0.024592,0.044233,0.013441,0.004211,-0.003952,-0.020972,-0.005183,-0.002382,-0.002331,-0.000549,0.013839,-0.003666,-0.016835,-0.002123,0.000282,-0.002207,-0.000027,-0.002311,-0.000847,0.006271,0.009324,-0.021265,-0.005155,-0.004211,-0.004560,-0.004517,-0.005435,-0.006321,-0.005865,-0.004512,-0.005632,-0.007315,-0.007695,-0.009535,-0.011839,-0.011987,-0.011821,-0.014041,-0.016239,-0.016816,-0.016350,-0.017656,-0.019971,-0.022858,-0.023039,-0.021898,-0.018156,-0.016500,-0.016049,-0.015063,-0.009266,-0.001510,0.006742,0.010673,0.008087,0.008311,0.007623,0.010574,0.013583,0.012988,0.009328,0.007934,0.007699,0.005878,0.001164,0.000778,-0.001380,-0.003599,-0.005057,-0.006693,-0.011342,-0.011046,-0.011564,-0.013324,-0.014578,-0.013751,-0.013373,-0.014467,-0.014760,-0.014878,-0.014786,-0.012838,-0.014803,-0.013493,-0.012272,-0.009711,-0.006051,-0.002557,-0.003959,-0.009229,-0.010792,-0.010308,-0.014062,-0.018556,-0.016843,-0.013385,-0.010873,-0.008461,89.892479,89.878184,89.871556,89.872826,89.876803,89.901920,89.908405,89.919526,89.933366,89.927511,89.924727,89.920418,89.922783,89.926752,89.923879,89.914382,89.907584,89.908218,89.913779,89.922597,89.932264,89.946887,89.935133,89.937712,89.951376,89.957907,89.954996,89.948495,89.950234,89.961378,89.974275,89.977194,89.969584,89.958404,89.969785,89.938595,89.914305,89.901535,89.905209,89.898859,89.950548,90.256053,90.436270,90.513655,90.524533,90.509264,90.478163,90.413921,90.328157,90.275746,90.258726,90.280536,90.326295,90.366430,90.396605,90.420157,90.427262,90.415002,90.405447,90.378911,90.324704,90.271501,90.225912,90.212890,90.262243,90.281291,90.183181,90.017998,89.942877,89.926781,89.913415,89.895781,89.873556,89.846221,89.825345,89.815493,89.814642,89.822031,89.813677,89.819437,89.842474,89.859408,89.864513,89.892339,89.927721,89.932744,89.934238,89.935414,89.937571,89.944552,89.954195,89.960762,89.980854,89.967874,89.940989,89.938385,89.929689,89.918340,89.901758,89.916721,89.910917,89.900467,89.860500,89.851205,89.855083,89.861132,89.870377,89.874970,89.878937,89.883431,89.891840,89.900975,89.914955,89.926476,89.950497,89.951973,89.957358,89.962651,89.961743,89.959650,89.965981,89.982107,90.000760,90.011597,90.121590,90.050230,90.063762,90.009831,90.176258,90.133144,90.169244,90.156127,90.006909,89.973349,89.985861,89.992806,90.000454,90.002598,90.009527,90.135507,90.009686,89.995466,90.011186,90.028765,90.176300,90.134116,90.090612,90.119626,90.171563,90.152682,90.096317,89.991659,89.990555,90.145672,90.133896,90.111187,90.139804,90.009035,89.997496,90.005281,90.014990,90.014168,90.120726,90.138788,90.007206,89.978144,89.983580,89.976908,89.987138,89.980731,89.976449,90.025792,90.135419,90.004573,89.998090,89.995386,89.986807,89.985313,89.988527,89.993253,89.995217,89.993272,89.984979,89.972897,89.961452,89.954554,89.950802,89.948114,89.951244,89.960193,89.969799,89.976395,89.980421,89.984463,89.985885,89.982435,89.982831,89.986701,89.996337,89.991040,89.983356,89.980204,89.969870,89.919082,89.911389,89.930444,89.920701,89.914721,89.904670,89.913446,89.925074,89.926815,89.925583,89.931428,89.938126,89.940862,89.923431,89.916115,89.911435,89.911878,89.914467,89.916117,89.898066,89.897521,89.910023,89.923971,89.930817,89.938168,89.949529,89.955156,89.955072,89.953276,89.951448,89.964665,89.958864,89.955520,89.951672,89.945839,89.943969,89.952349,89.962116,89.950117,89.929530,89.927408,89.923101,89.904755,89.896621,89.899856,89.900891,89.897683,0.000680,0.000878,0.000953,0.000908,0.000849,0.000541,0.000525,0.000494,0.000461,0.000635,0.000659,0.000685,0.000724,0.000764,0.000785,0.000783,0.000765,0.000745,0.000726,0.000696,0.000665,0.000542,0.000736,0.000784,0.000775,0.000820,0.000869,0.000902,0.000918,0.000935,0.000917,0.000878,0.000878,0.000945,0.000800,0.001140,0.001194,0.001183,0.001161,0.001181,0.001235,0.001255,0.001226,0.001156,0.001066,0.000993,0.000944,0.000899,0.000871,0.000872,0.000872,0.000867,0.000879,0.000928,0.000991,0.001065,0.001135,0.001189,0.001224,0.001210,0.001176,0.001191,0.001218,0.001183,0.001093,0.001106,0.001104,0.000975,0.001037,0.001066,0.001143,0.001230,0.001250,0.001230,0.001209,0.001163,0.001079,0.000893,0.000914,0.000900,0.000820,0.000862,0.001050,0.000998,0.000817,0.000900,0.000941,0.000955,0.000950,0.000942,0.000937,0.000924,0.000641,0.000717,0.000950,0.000889,0.000896,0.000913,0.000995,0.000689,0.000708,0.000738,0.001082,0.001016,0.000851,0.000776,0.000723,0.000729,0.000749,0.000746,0.000707,0.000717,0.000688,0.000652,0.000394,0.000407,0.000388,0.000370,0.000389,0.000411,0.000428,0.000447,0.000442,0.000446,0.000478,0.000812,0.000528,0.000552,0.000525,0.000832,0.000781,0.000602,0.000683,0.000616,0.000625,0.000548,0.000543,0.000533,0.000512,0.000561,0.000411,0.000459,0.000610,0.000631,0.000616,0.000736,0.000818,0.000893,0.000836,0.000747,0.000562,0.000592,0.000587,0.000312,0.000305,0.000319,0.000352,0.000382,0.000385,0.000440,0.000402,0.000366,0.000367,0.000353,0.000260,0.000324,0.000420,0.000413,0.000381,0.000386,0.000387,0.000335,0.000262,0.000274,0.000272,0.000278,0.000356,0.000373,0.000394,0.000425,0.000452,0.000455,0.000461,0.000480,0.000500,0.000510,0.000509,0.000491,0.000467,0.000450,0.000449,0.000447,0.000445,0.000448,0.000434,0.000415,0.000409,0.000412,0.000413,0.000419,0.000428,0.000423,0.000414,0.000663,0.000615,0.000315,0.000332,0.000320,0.000439,0.000435,0.000372,0.000349,0.000366,0.000357,0.000342,0.000328,0.000521,0.000561,0.000631,0.000703,0.000685,0.000528,0.000611,0.000633,0.000631,0.000615,0.000659,0.000680,0.000615,0.000608,0.000649,0.000664,0.000669,0.000498,0.000602,0.000674,0.000683,0.000642,0.000584,0.000494,0.000364,0.000378,0.000491,0.000503,0.000550,0.000671,0.000663,0.000612,0.000611,0.000621
-0.008138,-0.007908,-0.003976,0.000318,0.002911,0.007023,0.004902,0.003608,0.001353,-0.002421,-0.002599,-0.005284,-0.007651,-0.010216,-0.013884,-0.016700,-0.018363,-0.020641,-0.023955,-0.027548,-0.030258,-0.030959,-0.035689,-0.035528,-0.035518,-0.035212,-0.035147,-0.035059,-0.035673,-0.038309,-0.041421,-0.043502,-0.046187,-0.049832,-0.052773,-0.062588,-0.059943,-0.059037,-0.059554,-0.058231,-0.050458,0.006245,0.017414,0.022648,0.024047,0.022372,0.019435,0.017343,0.014188,0.013277,0.016056,0.016493,0.012399,0.004472,-0.004015,-0.012572,-0.019631,-0.023743,-0.024954,-0.024728,-0.024507,-0.021476,-0.016555,-0.006463,0.006213,0.001409,-0.002151,-0.001291,0.025444,0.035417,0.032206,0.030283,0.025204,0.021634,0.020792,0.021312,0.019703,0.019516,0.018419,0.021873,0.025524,0.027143,0.028959,0.033955,0.037186,0.036260,0.035768,0.035734,0.036635,0.037604,0.037701,0.039227,0.042091,0.038343,0.036042,0.035478,0.033720,0.029848,0.025190,0.026718,0.021844,0.019443,0.015219,0.017350,0.018304,0.017464,0.017950,0.017978,0.017208,0.016590,0.015368,0.014657,0.014468,0.013035,0.015786,0.014726,0.015922,0.015875,0.014014,0.012373,0.012021,0.011609,0.010996,0.010261,0.021190,-0.001275,0.012652,0.000190,0.026313,-0.000457,0.012142,0.014903,-0.002460,0.015592,0.018683,0.014443,0.009539,0.005587,0.005813,0.025398,-0.003110,-0.002015,0.001148,0.002050,0.020735,-0.004381,-0.004401,0.011326,0.021586,0.020345,0.021210,0.008440,0.023854,0.043544,0.015709,0.003593,-0.001404,-0.022011,-0.004963,-0.003503,-0.003582,0.000995,0.012313,-0.003184,-0.017083,-0.000256,0.000870,0.000988,-0.001241,-0.001176,-0.001200,0.004927,0.008386,-0.021849,-0.003921,-0.004295,-0.004756,-0.004108,-0.004574,-0.002649,-0.005366,-0.004330,-0.003615,-0.005329,-0.006949,-0.008534,-0.010275,-0.010711,-0.011723,-0.012833,-0.014776,-0.016969,-0.017857,-0.019308,-0.020431,-0.022109,-0.022112,-0.020237,-0.019046,-0.017000,-0.015666,-0.014754,-0.008801,-0.001119,0.006378,0.011101,0.007832,0.008909,0.008029,0.009846,0.012412,0.013038,0.010828,0.008477,0.006786,0.005912,0.002211,0.001546,-0.001814,-0.004340,-0.005167,-0.005723,-0.009296,-0.009317,-0.010968,-0.013001,-0.014407,-0.013502,-0.013241,-0.015153,-0.015726,-0.015419,-0.016375,-0.014637,-0.015359,-0.012738,-0.012411,-0.011211,-0.008144,-0.004056,-0.004098,-0.007999,-0.010579,-0.010652,-0.013234,-0.015736,-0.014646,-0.013422,-0.012942,-0.010444,89.879370,89.868579,89.866438,89.878204,89.886007,89.908230,89.916318,89.935048,89.951086,89.931216,89.918260,89.912826,89.913086,89.918833,89.922772,89.921160,89.918379,89.918082,89.919053,89.922175,89.933939,89.955605,89.948288,89.948390,89.954354,89.961055,89.959132,89.950313,89.950316,89.959058,89.968190,89.972473,89.963418,89.951065,89.957082,89.931095,89.918801,89.911472,89.904556,89.897727,89.955539,90.260793,90.433692,90.514351,90.527746,90.510114,90.469778,90.409371,90.328806,90.275965,90.269012,90.285651,90.321705,90.373401,90.410784,90.427710,90.432127,90.420966,90.406332,90.377007,90.318260,90.270622,90.234658,90.213251,90.253692,90.266728,90.199537,90.012050,89.957734,89.938835,89.919028,89.901521,89.873631,89.842403,89.819177,89.810463,89.811769,89.826516,89.828764,89.840859,89.861301,89.862710,89.858456,89.884827,89.923681,89.937673,89.938441,89.937516,89.942028,89.951440,89.961817,89.971574,89.990151,89.973308,89.948059,89.936005,89.927355,89.916781,89.903536,89.918970,89.911316,89.894003,89.857445,89.846899,89.850935,89.853112,89.863221,89.873778,89.878582,89.880123,89.886097,89.897726,89.915145,89.924056,89.944392,89.939088,89.941052,89.949566,89.953587,89.955891,89.963421,89.975746,89.990453,90.000420,90.118627,90.059660,90.063563,90.019399,90.175207,90.135380,90.166800,90.167190,89.998224,89.976277,89.983747,89.993317,89.998765,90.004809,90.008501,90.171289,90.041877,89.991860,90.011226,90.013140,90.170492,90.121751,90.078849,90.111981,90.170758,90.149841,90.114249,89.993816,89.994928,90.148815,90.125349,90.106028,90.125049,89.990763,89.968098,89.994914,90.016603,90.025001,90.107573,90.108680,90.000026,89.990486,89.980655,89.984573,89.963473,89.963510,89.966879,90.021346,90.154025,90.008938,90.001779,89.996255,89.984663,89.980086,89.984023,89.993980,89.997013,89.991308,89.980945,89.974467,89.969743,89.962422,89.952389,89.946404,89.952973,89.968299,89.979659,89.984011,89.989293,89.996625,89.999968,89.996413,89.989264,89.985496,89.984407,89.981676,89.978852,89.976910,89.968460,89.917620,89.898873,89.932988,89.934459,89.922708,89.899804,89.898457,89.908425,89.921427,89.932354,89.940967,89.940487,89.937286,89.918300,89.916864,89.914102,89.909198,89.908094,89.912298,89.898011,89.896798,89.906645,89.926434,89.938239,89.944504,89.955848,89.964334,89.965521,89.961939,89.960625,89.977263,89.970373,89.965138,89.963179,89.961517,89.956625,89.955599,89.953452,89.939520,89.921073,89.922129,89.917756,89.895112,89.885282,89.892735,89.893636,89.886851,0.000666,0.000820,0.000918,0.000856,0.000814,0.000558,0.000593,0.000571,0.000490,0.000696,0.000739,0.000766,0.000828,0.000875,0.000889,0.000875,0.000861,0.000871,0.000865,0.000818,0.000737,0.000601,0.000823,0.000896,0.000918,0.000914,0.000903,0.000913,0.000927,0.000957,0.000985,0.000968,0.000971,0.000973,0.000819,0.001135,0.001203,0.001245,0.001255,0.001248,0.001237,0.001227,0.001217,0.001196,0.001156,0.001119,0.001080,0.001021,0.000948,0.000911,0.000908,0.000923,0.000956,0.001017,0.001088,0.001153,0.001204,0.001225,0.001230,0.001212,0.001189,0.001217,0.001274,0.001285,0.001227,0.001214,0.001156,0.001114,0.001021,0.001073,0.001183,0.001214,0.001230,0.001207,0.001188,0.001172,0.001139,0.000957,0.000983,0.000975,0.000891,0.000985,0.001157,0.001070,0.000893,0.000943,0.000995,0.001007,0.000987,0.000966,0.000951,0.000918,0.000698,0.000850,0.001057,0.001076,0.001030,0.001017,0.001050,0.000720,0.000692,0.000750,0.001056,0.001057,0.000940,0.000918,0.000873,0.000821,0.000785,0.000730,0.000686,0.000720,0.000721,0.000710,0.000419,0.000435,0.000441,0.000442,0.000484,0.000513,0.000506,0.000487,0.000447,0.000430,0.000474,0.000769,0.000548,0.000567,0.000586,0.000709,0.000787,0.000625,0.000713,0.000602,0.000618,0.000525,0.000540,0.000535,0.000529,0.000589,0.000392,0.000503,0.000640,0.000662,0.000643,0.000711,0.000891,0.000905,0.000811,0.000738,0.000637,0.000696,0.000685,0.000394,0.000350,0.000376,0.000396,0.000397,0.000376,0.000362,0.000314,0.000369,0.000373,0.000398,0.000478,0.000478,0.000472,0.000480,0.000471,0.000471,0.000451,0.000361,0.000299,0.000303,0.000292,0.000307,0.000405,0.000438,0.000476,0.000492,0.000499,0.000511,0.000540,0.000562,0.000561,0.000554,0.000555,0.000554,0.000541,0.000519,0.000506,0.000490,0.000464,0.000454,0.000445,0.000448,0.000458,0.000462,0.000453,0.000441,0.000438,0.000444,0.000423,0.000604,0.000734,0.000385,0.000335,0.000314,0.000434,0.000432,0.000389,0.000392,0.000434,0.000435,0.000416,0.000370,0.000567,0.000589,0.000682,0.000788,0.000780,0.000591,0.000646,0.000665,0.000703,0.000686,0.000715,0.000715,0.000623,0.000600,0.000651,0.000686,0.000690,0.000511,0.000642,0.000726,0.000760,0.000745,0.000706,0.000578,0.000455,0.000476,0.000599,0.000542,0.000526,0.000684,0.000750,0.000706,0.000682,0.000654
-0.006370,-0.005630,-0.002549,0.000128,0.002540,0.006923,0.004609,0.002293,-0.000510,-0.002897,-0.003014,-0.004166,-0.007349,-0.011587,-0.014654,-0.015861,-0.017611,-0.020484,-0.023964,-0.026839,-0.029595,-0.030067,-0.035562,-0.035235,-0.035124,-0.035250,-0.035261,-0.035763,-0.037048,-0.038769,-0.041303,-0.043735,-0.047042,-0.051428,-0.053150,-0.061477,-0.059370,-0.057527,-0.058130,-0.057959,-0.052592,0.004878,0.018914,0.022718,0.023745,0.022300,0.019528,0.016806,0.013268,0.013620,0.016311,0.015297,0.011307,0.003005,-0.005468,-0.012679,-0.019647,-0.023784,-0.024689,-0.024164,-0.024237,-0.022900,-0.018020,-0.008303,0.005513,0.001097,-0.004998,0.000296,0.026791,0.034323,0.031290,0.028902,0.024838,0.021393,0.021100,0.022237,0.021317,0.019664,0.018525,0.022760,0.025169,0.026670,0.030268,0.033915,0.034812,0.034790,0.034836,0.035652,0.036693,0.037204,0.037568,0.038271,0.040585,0.036910,0.034655,0.036214,0.033330,0.029449,0.025235,0.027364,0.022332,0.018727,0.014216,0.017897,0.018843,0.017097,0.017765,0.018134,0.017644,0.015748,0.014757,0.015261,0.014664,0.012925,0.016267,0.015695,0.015345,0.014495,0.013066,0.011485,0.010114,0.010853,0.010975,0.010657,0.021923,-0.001455,0.013919,-0.002022,0.026764,-0.000371,0.013262,0.015362,-0.002795,0.015572,0.017158,0.014018,0.010217,0.006337,0.005910,0.024600,-0.003413,-0.002461,0.000489,0.000652,0.021510,-0.006187,-0.005499,0.012550,0.022221,0.022097,0.020817,0.010752,0.025473,0.043759,0.014970,0.004574,-0.001923,-0.022507,-0.006263,-0.002074,-0.001599,-0.001413,0.014620,-0.003778,-0.016854,-0.001114,-0.001285,-0.000905,0.000021,-0.001556,-0.002404,0.007126,0.009604,-0.021485,-0.004031,-0.004506,-0.005747,-0.004997,-0.004493,-0.004868,-0.005842,-0.005113,-0.004251,-0.006021,-0.007301,-0.009259,-0.011068,-0.011199,-0.012155,-0.014112,-0.016693,-0.018403,-0.018092,-0.019577,-0.021664,-0.022670,-0.021573,-0.020248,-0.018476,-0.016644,-0.017017,-0.015720,-0.008120,-0.001824,0.005624,0.010307,0.008882,0.008895,0.007512,0.007994,0.011604,0.012303,0.009661,0.007875,0.007416,0.005094,0.000618,0.001199,0.000128,-0.001964,-0.004483,-0.006086,-0.009598,-0.009294,-0.010853,-0.012252,-0.012702,-0.012749,-0.013202,-0.014306,-0.015385,-0.014941,-0.014248,-0.012627,-0.015204,-0.013675,-0.011834,-0.010647,-0.008672,-0.004688,-0.005180,-0.009107,-0.010904,-0.010181,-0.013950,-0.017357,-0.015735,-0.013600,-0.011084,-0.008659,89.883843,89.876869,89.874603,89.877725,89.881071,89.902308,89.909430,89.922955,89.932816,89.924197,89.921167,89.919237,89.921481,89.925129,89.925126,89.918492,89.910437,89.907353,89.909750,89.916704,89.926992,89.946210,89.934863,89.934280,89.939508,89.944420,89.948255,89.950484,89.957756,89.969857,89.977814,89.973604,89.958027,89.946788,89.960499,89.939304,89.918362,89.896616,89.891658,89.905226,89.950798,90.240989,90.433763,90.510567,90.519315,90.500887,90.468617,90.417879,90.341879,90.286325,90.270291,90.285409,90.332154,90.376023,90.401456,90.415573,90.420173,90.411410,90.400330,90.374799,90.333525,90.273545,90.231811,90.221062,90.269955,90.288061,90.191823,90.003430,89.950179,89.931371,89.912776,89.892131,89.867489,89.839990,89.818699,89.809007,89.810019,89.819259,89.819667,89.833658,89.851958,89.852028,89.852631,89.881955,89.921422,89.937052,89.942518,89.938922,89.933549,89.936465,89.951236,89.970463,89.994666,89.978935,89.946859,89.938480,89.928316,89.920438,89.910074,89.921199,89.912778,89.899696,89.863439,89.855016,89.861690,89.864686,89.869746,89.873225,89.880775,89.888436,89.895073,89.902450,89.914006,89.922901,89.945219,89.944717,89.947886,89.955042,89.957819,89.956751,89.960484,89.972176,89.986340,90.005187,90.128536,90.055831,90.059596,90.015676,90.173161,90.128884,90.163803,90.161517,90.007852,89.963550,89.984616,89.993946,90.000743,89.997381,89.996141,90.143111,90.031164,90.004861,90.009779,90.006075,90.177329,90.123252,90.072940,90.115002,90.164620,90.149820,90.113722,89.998410,89.995023,90.133527,90.126698,90.112551,90.144198,90.016352,89.991689,89.999478,89.998545,90.026193,90.098849,90.109795,90.009596,89.986574,89.975519,89.965184,89.976749,89.983188,89.967331,90.026027,90.146201,90.012607,90.002100,89.993180,89.981393,89.977365,89.981188,89.988407,89.990267,89.984884,89.973517,89.963944,89.962167,89.962647,89.957342,89.946963,89.941847,89.948956,89.963395,89.977128,89.988111,89.998416,90.001996,89.996425,89.987053,89.975345,89.968574,89.974391,89.980906,89.985729,89.979932,89.918108,89.912826,89.935813,89.930409,89.921049,89.903519,89.900132,89.909925,89.918766,89.927229,89.937683,89.943834,89.941295,89.921523,89.915851,89.912981,89.911692,89.912266,89.914623,89.899860,89.901701,89.913189,89.926732,89.933456,89.940207,89.954284,89.963335,89.962392,89.959245,89.957569,89.970902,89.963106,89.956902,89.949196,89.941720,89.943320,89.954901,89.964215,89.953035,89.935729,89.936070,89.929477,89.908719,89.899908,89.899165,89.891948,89.884651,0.000567,0.000699,0.000772,0.000779,0.000767,0.000519,0.000514,0.000474,0.000459,0.000619,0.000634,0.000635,0.000651,0.000685,0.000724,0.000768,0.000803,0.000817,0.000809,0.000781,0.000732,0.000542,0.000711,0.000746,0.000774,0.000857,0.000919,0.000933,0.000895,0.000856,0.000836,0.000816,0.000818,0.000825,0.000697,0.001058,0.001157,0.001213,0.001223,0.001211,0.001213,0.001206,0.001193,0.001159,0.001108,0.001067,0.001026,0.000960,0.000894,0.000864,0.000854,0.000859,0.000881,0.000926,0.000991,0.001074,0.001145,0.001176,0.001186,0.001180,0.001187,0.001225,0.001289,0.001295,0.001216,0.001206,0.001177,0.001045,0.000957,0.000996,0.001121,0.001217,0.001254,0.001263,0.001262,0.001208,0.001100,0.000924,0.000916,0.000877,0.000838,0.000995,0.001164,0.001075,0.000908,0.000933,0.000940,0.000927,0.000899,0.000887,0.000894,0.000868,0.000597,0.000633,0.000840,0.000841,0.000914,0.000933,0.000924,0.000628,0.000619,0.000657,0.000973,0.000967,0.000834,0.000784,0.000714,0.000699,0.000677,0.000651,0.000638,0.000664,0.000671,0.000667,0.000404,0.000392,0.000375,0.000361,0.000388,0.000422,0.000424,0.000411,0.000375,0.000360,0.000405,0.000711,0.000434,0.000468,0.000507,0.000858,0.000870,0.000687,0.000692,0.000659,0.000509,0.000459,0.000481,0.000479,0.000451,0.000655,0.000519,0.000423,0.000565,0.000555,0.000621,0.000726,0.000825,0.000881,0.000844,0.000760,0.000699,0.000598,0.000583,0.000355,0.000353,0.000351,0.000330,0.000351,0.000354,0.000395,0.000359,0.000421,0.000404,0.000394,0.000463,0.000356,0.000385,0.000395,0.000394,0.000398,0.000387,0.000309,0.000252,0.000266,0.000267,0.000260,0.000322,0.000349,0.000402,0.000443,0.000469,0.000484,0.000508,0.000544,0.000545,0.000518,0.000489,0.000467,0.000466,0.000474,0.000482,0.000479,0.000470,0.000461,0.000440,0.000409,0.000400,0.000404,0.000396,0.000381,0.000381,0.000380,0.000470,0.000812,0.000753,0.000361,0.000297,0.000310,0.000408,0.000401,0.000332,0.000305,0.000323,0.000331,0.000330,0.000323,0.000518,0.000570,0.000646,0.000720,0.000688,0.000505,0.000557,0.000569,0.000614,0.000633,0.000676,0.000689,0.000632,0.000647,0.000694,0.000682,0.000674,0.000505,0.000604,0.000643,0.000675,0.000693,0.000637,0.000506,0.000360,0.000386,0.000516,0.000501,0.000532,0.000662,0.000670,0.000608,0.000577,0.000560
-0.007002,-0.006653,-0.003728,-0.000391,0.002006,0.006016,0.005280,0.005378,0.002120,-0.002954,-0.002589,-0.003355,-0.006309,-0.010334,-0.013707,-0.016197,-0.018609,-0.021271,-0.024074,-0.027774,-0.030170,-0.029408,-0.034616,-0.034883,-0.034992,-0.034791,-0.035545,-0.035677,-0.036825,-0.039847,-0.042821,-0.044103,-0.045888,-0.049993,-0.053101,-0.062149,-0.059256,-0.056491,-0.056822,-0.058617,-0.052118,0.005841,0.018673,0.023727,0.024325,0.022757,0.020070,0.017221,0.014249,0.013146,0.015816,0.016148,0.011936,0.003904,-0.005231,-0.012919,-0.018951,-0.023366,-0.025780,-0.024165,-0.022203,-0.021311,-0.017447,-0.007336,0.006628,0.003188,-0.005352,0.001015,0.025317,0.034544,0.031003,0.029126,0.024883,0.022279,0.021059,0.020870,0.019822,0.019247,0.019789,0.023940,0.025032,0.026588,0.028840,0.034633,0.036488,0.036781,0.036770,0.035643,0.036199,0.037425,0.038042,0.038352,0.040366,0.036612,0.034980,0.035924,0.034215,0.030189,0.025060,0.027769,0.022481,0.018953,0.014329,0.017324,0.018280,0.015796,0.017351,0.018312,0.018173,0.016035,0.014284,0.015328,0.014523,0.012430,0.014960,0.014667,0.015233,0.014912,0.013879,0.012556,0.011954,0.012068,0.011927,0.010743,0.022979,-0.002568,0.012782,-0.002966,0.026833,-0.000998,0.014127,0.013354,-0.002576,0.015920,0.018098,0.013422,0.009269,0.005102,0.003244,0.024291,-0.002833,-0.003629,0.000459,0.001616,0.020450,-0.005765,-0.006183,0.012153,0.022503,0.022252,0.021787,0.010645,0.021582,0.044658,0.015261,0.003461,-0.002809,-0.021873,-0.004333,-0.002173,-0.002197,0.000712,0.013193,-0.003130,-0.018836,-0.002766,-0.000721,-0.000144,0.000603,-0.001266,-0.003060,0.004880,0.008501,-0.022190,-0.005178,-0.004005,-0.006012,-0.005052,-0.004741,-0.003431,-0.004064,-0.004510,-0.005133,-0.006535,-0.007528,-0.008563,-0.010228,-0.010309,-0.010574,-0.012706,-0.015791,-0.016978,-0.017635,-0.020912,-0.022107,-0.022596,-0.022690,-0.021376,-0.019322,-0.014741,-0.013808,-0.014774,-0.009659,-0.002310,0.006450,0.011051,0.007151,0.010706,0.009203,0.009225,0.011732,0.012541,0.010182,0.007863,0.006001,0.004328,0.000289,0.001137,-0.000680,-0.001997,-0.003327,-0.005986,-0.011245,-0.011834,-0.011781,-0.012547,-0.013599,-0.013378,-0.013644,-0.014797,-0.015566,-0.015659,-0.015825,-0.012968,-0.014774,-0.013777,-0.012140,-0.010521,-0.007780,-0.004152,-0.004204,-0.008666,-0.011409,-0.010241,-0.013640,-0.016972,-0.015423,-0.012913,-0.011997,-0.010250,89.896480,89.876874,89.863487,89.866003,89.882278,89.918609,89.927781,89.933432,89.938428,89.922975,89.917147,89.915425,89.919736,89.921873,89.919119,89.916460,89.916130,89.917123,89.919200,89.922466,89.928612,89.941188,89.925769,89.931057,89.944814,89.954973,89.955208,89.950804,89.951412,89.961094,89.976300,89.982018,89.970132,89.955666,89.961080,89.934748,89.920398,89.911638,89.911289,89.919319,89.958969,90.249640,90.424293,90.511791,90.521124,90.501767,90.476515,90.423482,90.344136,90.283692,90.268556,90.280654,90.321083,90.370057,90.410121,90.429107,90.427564,90.412154,90.399989,90.379409,90.338412,90.276869,90.228784,90.212133,90.263239,90.292955,90.187919,90.015028,89.950938,89.935857,89.917465,89.898561,89.869439,89.840169,89.822215,89.814646,89.815993,89.824888,89.827126,89.839326,89.854630,89.861458,89.862674,89.892919,89.927448,89.942681,89.942645,89.936198,89.938088,89.948664,89.961545,89.971388,89.991559,89.980255,89.957123,89.943838,89.924699,89.909830,89.895614,89.916297,89.910854,89.894218,89.856230,89.850719,89.859177,89.857166,89.865064,89.872357,89.877260,89.879707,89.886023,89.901625,89.917965,89.931195,89.956338,89.955221,89.954386,89.956472,89.958247,89.958019,89.962031,89.974411,89.990168,89.994588,90.117041,90.062166,90.083017,90.012312,90.166882,90.126645,90.168220,90.149197,90.017712,89.964076,89.989421,90.000131,90.010792,90.011779,89.990992,90.145600,90.040415,90.015720,90.005483,90.006871,90.169341,90.120295,90.068200,90.102368,90.154910,90.146400,90.103446,89.996673,89.991809,90.122346,90.139748,90.115880,90.138646,89.989984,89.977277,89.997065,89.993310,90.018430,90.099080,90.121798,90.018911,89.970606,89.967746,89.965435,89.965056,89.973926,89.964825,90.021966,90.134530,90.011048,90.005734,90.006312,89.996172,89.992279,89.990466,89.993918,89.994051,89.987454,89.977237,89.969099,89.963176,89.957144,89.949849,89.945462,89.948182,89.957280,89.967751,89.974940,89.981176,89.987799,89.994799,90.000950,90.001698,89.995781,89.981412,89.976946,89.974030,89.975022,89.970235,89.927216,89.904554,89.932342,89.926995,89.926429,89.905157,89.902572,89.913478,89.920481,89.925649,89.934582,89.939122,89.936947,89.919853,89.920593,89.916707,89.909125,89.905273,89.905946,89.891380,89.894113,89.913248,89.935758,89.942740,89.940627,89.945259,89.953481,89.958422,89.958101,89.954850,89.969818,89.967061,89.961133,89.951047,89.938992,89.934706,89.939336,89.946567,89.939370,89.924635,89.924693,89.918040,89.899540,89.894184,89.901749,89.906322,89.903896,0.000633,0.000838,0.000926,0.000867,0.000772,0.000491,0.000509,0.000495,0.000455,0.000634,0.000666,0.000697,0.000705,0.000702,0.000700,0.000696,0.000706,0.000727,0.000732,0.000697,0.000648,0.000519,0.000763,0.000826,0.000875,0.000923,0.000966,0.000969,0.000940,0.000920,0.000876,0.000822,0.000831,0.000839,0.000690,0.001043,0.001155,0.001209,0.001235,0.001239,0.001230,0.001201,0.001172,0.001146,0.001086,0.001025,0.000982,0.000932,0.000872,0.000865,0.000844,0.000845,0.000873,0.000921,0.000986,0.001049,0.001105,0.001159,0.001220,0.001244,0.001213,0.001209,0.001218,0.001196,0.001127,0.001164,0.001175,0.001037,0.000969,0.000977,0.001129,0.001175,0.001189,0.001197,0.001205,0.001174,0.001071,0.000940,0.000973,0.000936,0.000891,0.000960,0.001129,0.001020,0.000926,0.000964,0.000977,0.000970,0.000930,0.000921,0.000917,0.000873,0.000621,0.000727,0.000940,0.000928,0.000924,0.000901,0.000951,0.000616,0.000604,0.000649,0.000985,0.000985,0.000836,0.000845,0.000772,0.000743,0.000707,0.000677,0.000699,0.000721,0.000736,0.000710,0.000438,0.000425,0.000397,0.000395,0.000424,0.000450,0.000453,0.000456,0.000437,0.000432,0.000472,0.000772,0.000508,0.000525,0.000550,0.000817,0.000795,0.000620,0.000683,0.000588,0.000583,0.000531,0.000548,0.000548,0.000514,0.000651,0.000522,0.000569,0.000587,0.000614,0.000660,0.000658,0.000807,0.000857,0.000800,0.000725,0.000592,0.000636,0.000647,0.000339,0.000345,0.000347,0.000345,0.000352,0.000434,0.000403,0.000312,0.000303,0.000441,0.000454,0.000380,0.000382,0.000371,0.000379,0.000389,0.000397,0.000376,0.000318,0.000245,0.000258,0.000276,0.000302,0.000382,0.000391,0.000405,0.000412,0.000426,0.000450,0.000476,0.000491,0.000498,0.000510,0.000519,0.000502,0.000475,0.000461,0.000457,0.000455,0.000457,0.000455,0.000438,0.000419,0.000426,0.000442,0.000443,0.000433,0.000420,0.000402,0.000459,0.000701,0.000742,0.000346,0.000357,0.000282,0.000454,0.000466,0.000402,0.000368,0.000375,0.000363,0.000359,0.000359,0.000567,0.000578,0.000639,0.000711,0.000680,0.000521,0.000593,0.000614,0.000609,0.000574,0.000611,0.000663,0.000644,0.000653,0.000685,0.000674,0.000687,0.000523,0.000618,0.000683,0.000702,0.000696,0.000629,0.000532,0.000401,0.000400,0.000503,0.000482,0.000522,0.000649,0.000655,0.000585,0.000559,0.000573
-0.006489,-0.006241,-0.003358,-0.000981,0.001682,0.006413,0.004452,0.002427,-0.000139,-0.003005,-0.002589,-0.004692,-0.007553,-0.011091,-0.014809,-0.016759,-0.017893,-0.020156,-0.024037,-0.027759,-0.030370,-0.029490,-0.035277,-0.035666,-0.035017,-0.035436,-0.035624,-0.035816,-0.037182,-0.039375,-0.041052,-0.042140,-0.045128,-0.049553,-0.052310,-0.061545,-0.059409,-0.057236,-0.057605,-0.058342,-0.051399,0.006079,0.018085,0.022262,0.024066,0.023381,0.020415,0.017251,0.014225,0.014201,0.017406,0.016998,0.012790,0.003947,-0.004716,-0.012147,-0.018863,-0.024212,-0.025668,-0.024088,-0.024691,-0.021288,-0.016738,-0.006951,0.004898,0.001919,-0.004554,-0.000392,0.024782,0.033831,0.031355,0.030630,0.027010,0.022630,0.020669,0.021266,0.020051,0.019271,0.018999,0.023608,0.026083,0.027263,0.029514,0.034747,0.036712,0.036348,0.035553,0.034981,0.035882,0.036623,0.037294,0.038458,0.040966,0.035986,0.033830,0.035290,0.033437,0.029735,0.026111,0.027323,0.020619,0.018891,0.016461,0.019401,0.019511,0.016660,0.017628,0.017730,0.016968,0.015896,0.015197,0.014411,0.013650,0.013599,0.016360,0.016082,0.016326,0.015475,0.013719,0.011909,0.010587,0.010273,0.010954,0.011867,0.022498,0.000250,0.012241,-0.000081,0.026751,-0.002030,0.013434,0.014867,-0.003107,0.015016,0.016576,0.012996,0.009732,0.005883,0.004791,0.024317,-0.005738,-0.000723,0.000878,0.002917,0.020844,-0.006139,-0.005801,0.012885,0.023333,0.021282,0.020484,0.010635,0.025532,0.046207,0.016065,0.004172,-0.000763,-0.020717,-0.004819,-0.002819,-0.001877,0.000011,0.015312,-0.001340,-0.018479,-0.000731,0.001053,0.000222,-0.001611,-0.001981,-0.002724,0.005170,0.010223,-0.021008,-0.004634,-0.006332,-0.005141,-0.003241,-0.002725,-0.003655,-0.004827,-0.004836,-0.004629,-0.005061,-0.007539,-0.010191,-0.011243,-0.010497,-0.010635,-0.012357,-0.015019,-0.016353,-0.017182,-0.018603,-0.022234,-0.021951,-0.022333,-0.022066,-0.019629,-0.016202,-0.014462,-0.014061,-0.008171,0.000054,0.006040,0.009671,0.008293,0.009406,0.010743,0.011548,0.013424,0.013162,0.010871,0.008774,0.006737,0.005170,0.001596,0.001953,-0.000600,-0.003840,-0.004820,-0.005621,-0.010141,-0.010413,-0.012327,-0.014619,-0.014990,-0.012428,-0.012249,-0.014727,-0.015645,-0.015053,-0.015308,-0.013414,-0.014926,-0.012311,-0.010350,-0.009763,-0.008033,-0.004743,-0.004192,-0.007940,-0.010631,-0.010555,-0.013747,-0.016455,-0.015659,-0.014517,-0.013193,-0.009732,89.885072,89.871969,89.864192,89.871032,89.887115,89.917967,89.923976,89.933801,89.944241,89.932331,89.926743,89.919378,89.917060,89.920491,89.922842,89.924089,89.926253,89.925651,89.923408,89.925960,89.933863,89.952243,89.935843,89.927227,89.931166,89.939110,89.946173,89.946809,89.949379,89.959445,89.971398,89.972787,89.958984,89.944103,89.955917,89.936210,89.921111,89.906819,89.903690,89.904856,89.955811,90.242629,90.443477,90.508563,90.516064,90.507055,90.471642,90.409926,90.335860,90.281027,90.267436,90.279209,90.321255,90.373952,90.414336,90.434190,90.428438,90.403277,90.382386,90.364453,90.316240,90.266216,90.217896,90.208676,90.262966,90.280572,90.181024,90.003634,89.946845,89.928426,89.905967,89.891320,89.869991,89.839675,89.814126,89.803429,89.804791,89.816910,89.819298,89.835205,89.855378,89.861436,89.860051,89.885683,89.917360,89.927738,89.933242,89.933914,89.936320,89.942474,89.948253,89.955563,89.981728,89.976629,89.957622,89.950152,89.936108,89.921773,89.910000,89.925325,89.913242,89.895377,89.857200,89.846580,89.855253,89.858857,89.866701,89.873396,89.880046,89.884506,89.892199,89.902346,89.916016,89.926367,89.945412,89.946087,89.951422,89.958223,89.958053,89.957520,89.965501,89.978603,89.998991,90.020645,90.124578,90.052024,90.069660,90.012543,90.175808,90.131970,90.168322,90.162486,90.007055,89.983377,89.987408,89.994567,89.998982,89.997121,90.000574,90.145072,90.031769,90.016328,90.000413,90.004401,90.166654,90.127078,90.081715,90.112449,90.172448,90.157771,90.109074,89.984029,89.986184,90.148839,90.130607,90.108680,90.136221,89.984688,89.970629,89.997042,90.002032,90.007923,90.121765,90.119846,90.000432,89.989943,89.977131,89.974910,89.973163,89.980136,89.974338,90.026541,90.151092,90.015347,90.006395,89.998266,89.993642,89.996058,89.997820,89.995502,89.992102,89.989785,89.981188,89.971190,89.965507,89.957677,89.944739,89.933621,89.937260,89.952528,89.964157,89.970540,89.980841,89.992560,89.996991,89.992457,89.987797,89.987125,89.989043,89.979965,89.975741,89.984324,89.974827,89.921043,89.913061,89.933665,89.932673,89.913305,89.898090,89.902792,89.920643,89.933051,89.939285,89.941636,89.940065,89.937269,89.923625,89.917597,89.905388,89.894547,89.897344,89.909725,89.896173,89.893161,89.903118,89.921694,89.936064,89.946894,89.957136,89.958894,89.954668,89.953095,89.954931,89.971865,89.966133,89.965496,89.962451,89.953031,89.946745,89.952634,89.967655,89.967568,89.952797,89.943871,89.925851,89.900703,89.891651,89.893233,89.889750,89.886459,0.000646,0.000815,0.000898,0.000876,0.000795,0.000499,0.000518,0.000497,0.000463,0.000642,0.000659,0.000669,0.000668,0.000684,0.000734,0.000767,0.000752,0.000749,0.000747,0.000716,0.000674,0.000507,0.000733,0.000826,0.000840,0.000895,0.000935,0.000944,0.000923,0.000890,0.000851,0.000805,0.000830,0.000875,0.000741,0.001070,0.001132,0.001153,0.001177,0.001186,0.001194,0.001195,0.001175,0.001132,0.001087,0.001056,0.001014,0.000951,0.000884,0.000842,0.000817,0.000814,0.000850,0.000920,0.000998,0.001056,0.001086,0.001101,0.001111,0.001106,0.001115,0.001160,0.001240,0.001270,0.001213,0.001199,0.001175,0.001070,0.001000,0.001015,0.001159,0.001181,0.001177,0.001184,0.001199,0.001174,0.001098,0.000931,0.000980,0.000965,0.000904,0.000973,0.001154,0.001059,0.000879,0.000888,0.000883,0.000891,0.000879,0.000868,0.000901,0.000928,0.000665,0.000735,0.000927,0.000911,0.000927,0.000949,0.000959,0.000634,0.000652,0.000657,0.000938,0.000962,0.000840,0.000824,0.000757,0.000733,0.000723,0.000703,0.000673,0.000705,0.000709,0.000660,0.000404,0.000370,0.000344,0.000336,0.000368,0.000393,0.000394,0.000400,0.000384,0.000380,0.000415,0.000740,0.000475,0.000492,0.000551,0.000764,0.000807,0.000653,0.000644,0.000499,0.000544,0.000512,0.000525,0.000532,0.000523,0.000630,0.000476,0.000490,0.000539,0.000562,0.000611,0.000728,0.000813,0.000854,0.000782,0.000717,0.000560,0.000578,0.000565,0.000333,0.000275,0.000323,0.000589,0.000344,0.000375,0.000319,0.000227,0.000468,0.000364,0.000395,0.000423,0.000424,0.000416,0.000409,0.000404,0.000417,0.000413,0.000353,0.000279,0.000274,0.000267,0.000278,0.000386,0.000423,0.000449,0.000464,0.000467,0.000455,0.000483,0.000523,0.000526,0.000515,0.000505,0.000497,0.000488,0.000469,0.000449,0.000429,0.000410,0.000405,0.000399,0.000395,0.000414,0.000432,0.000424,0.000401,0.000396,0.000388,0.000403,0.000683,0.000763,0.000380,0.000282,0.000363,0.000400,0.000418,0.000382,0.000376,0.000370,0.000360,0.000346,0.000345,0.000523,0.000568,0.000651,0.000754,0.000743,0.000555,0.000621,0.000620,0.000592,0.000543,0.000559,0.000600,0.000595,0.000653,0.000721,0.000708,0.000666,0.000464,0.000581,0.000622,0.000629,0.000637,0.000618,0.000541,0.000388,0.000376,0.000475,0.000463,0.000524,0.000686,0.000720,0.000656,0.000631,0.000622
-0.007638,-0.007008,-0.003385,-0.000568,0.001526,0.006375,0.003953,0.003040,0.000997,-0.002107,-0.001658,-0.003554,-0.006550,-0.010628,-0.015241,-0.017610,-0.018473,-0.021129,-0.025283,-0.028282,-0.030018,-0.031058,-0.036002,-0.035052,-0.034384,-0.034029,-0.033612,-0.034463,-0.037509,-0.040240,-0.041762,-0.043570,-0.046894,-0.051210,-0.053000,-0.061281,-0.059508,-0.058603,-0.059109,-0.058450,-0.050701,0.005056,0.019991,0.022314,0.021502,0.021037,0.020267,0.016805,0.013109,0.013400,0.015734,0.015048,0.011033,0.003577,-0.004648,-0.013210,-0.019801,-0.023708,-0.025181,-0.024133,-0.022656,-0.022819,-0.018895,-0.007267,0.006808,0.002014,-0.004505,0.000583,0.026840,0.034268,0.031514,0.029438,0.026005,0.022615,0.021840,0.021746,0.020528,0.020032,0.019346,0.023287,0.025879,0.026332,0.028815,0.034700,0.036549,0.035927,0.034976,0.034205,0.035167,0.036424,0.037447,0.038005,0.040369,0.037377,0.035430,0.036190,0.033910,0.029423,0.024814,0.027072,0.022044,0.019349,0.015402,0.016221,0.016393,0.015914,0.017620,0.017421,0.016335,0.015421,0.014641,0.014402,0.014011,0.013675,0.016111,0.015501,0.015145,0.014019,0.013136,0.012207,0.011080,0.010601,0.010996,0.009384,0.021902,-0.002267,0.013355,-0.001049,0.027042,-0.000902,0.012604,0.014340,-0.003325,0.014939,0.017548,0.013784,0.009321,0.006888,0.004854,0.023759,-0.004117,-0.002064,-0.000296,0.002945,0.020150,-0.004673,-0.004870,0.012961,0.021708,0.021778,0.020663,0.008351,0.022614,0.044096,0.013759,0.004167,-0.002080,-0.021266,-0.003320,-0.002930,-0.004436,-0.000054,0.014841,-0.002086,-0.018102,0.000593,-0.001890,-0.000333,-0.000131,-0.001887,-0.002241,0.007564,0.010548,-0.022300,-0.005416,-0.005253,-0.006117,-0.005010,-0.005750,-0.004249,-0.005368,-0.004435,-0.004672,-0.006696,-0.008541,-0.010061,-0.012371,-0.011416,-0.010409,-0.012006,-0.015473,-0.018018,-0.017454,-0.018400,-0.020410,-0.020473,-0.020123,-0.019757,-0.020357,-0.017688,-0.015509,-0.014247,-0.008540,-0.000373,0.007818,0.011318,0.008303,0.008089,0.007626,0.011132,0.013463,0.011479,0.008745,0.008301,0.007796,0.005717,0.000911,0.000082,-0.002086,-0.002811,-0.003033,-0.004148,-0.009522,-0.010649,-0.010575,-0.011066,-0.013244,-0.013984,-0.012852,-0.012291,-0.013734,-0.015063,-0.015007,-0.012490,-0.014316,-0.012855,-0.011803,-0.010596,-0.007753,-0.004136,-0.004539,-0.008480,-0.011699,-0.011686,-0.014542,-0.017702,-0.015968,-0.013015,-0.011606,-0.009806,89.889580,89.879141,89.876744,89.882822,89.890356,89.913160,89.910642,89.921056,89.938308,89.932537,89.927476,89.919307,89.918657,89.921037,89.918870,89.913551,89.914703,89.922590,89.929014,89.934173,89.941868,89.951646,89.932447,89.929383,89.935901,89.944672,89.950504,89.951155,89.952327,89.962525,89.975535,89.977501,89.962126,89.948174,89.958642,89.937640,89.923685,89.911651,89.899711,89.900798,89.968971,90.251644,90.439990,90.520605,90.527288,90.497567,90.460964,90.415066,90.343870,90.291420,90.277654,90.290384,90.330140,90.370691,90.404195,90.417009,90.421531,90.415816,90.396914,90.363620,90.322988,90.271037,90.218889,90.210658,90.267348,90.283826,90.194418,90.006164,89.955624,89.937383,89.912800,89.891475,89.869755,89.846969,89.829777,89.819904,89.815436,89.820141,89.820198,89.833581,89.856063,89.858705,89.856997,89.881733,89.909780,89.922570,89.928071,89.928788,89.932831,89.943733,89.956551,89.966405,89.989225,89.982259,89.956895,89.945919,89.929024,89.913702,89.902969,89.918706,89.905507,89.884059,89.846396,89.834912,89.843023,89.851343,89.862012,89.869677,89.881462,89.893315,89.899311,89.905838,89.916566,89.930655,89.955304,89.949176,89.943840,89.951859,89.961582,89.963685,89.964751,89.975241,89.993742,90.000424,90.124522,90.051427,90.076149,90.009444,90.170518,90.133411,90.176571,90.169706,90.011384,89.974845,89.982269,89.988632,89.996208,90.000308,90.009082,90.155494,90.030967,90.015578,89.997910,90.010145,90.175317,90.128302,90.085021,90.115631,90.148382,90.142363,90.110189,89.990700,89.986868,90.134092,90.143533,90.099765,90.142488,90.006740,89.981243,90.005457,90.012632,90.012690,90.091943,90.115196,90.004144,89.992014,89.988387,89.977716,89.973510,89.982732,89.970788,90.022796,90.144676,90.004015,89.998570,90.000101,89.992392,89.992504,89.995752,89.997878,89.994455,89.988394,89.981982,89.976474,89.968222,89.957202,89.947986,89.941095,89.939492,89.943166,89.951759,89.964846,89.981453,89.995913,89.999737,89.995982,89.993102,89.995361,89.992693,89.982386,89.975327,89.979242,89.970668,89.919766,89.911378,89.932539,89.922558,89.906968,89.891107,89.904657,89.921622,89.925769,89.928682,89.937406,89.943620,89.939500,89.916634,89.909825,89.907271,89.908187,89.915384,89.924182,89.904998,89.896908,89.906488,89.925640,89.935040,89.939723,89.950707,89.960943,89.962668,89.957927,89.951818,89.966637,89.964091,89.964028,89.958356,89.947261,89.941213,89.945449,89.949974,89.937237,89.918706,89.920064,89.919807,89.903091,89.893236,89.892535,89.892063,89.891174,0.000617,0.000817,0.000916,0.000911,0.000848,0.000516,0.000525,0.000507,0.000493,0.000682,0.000698,0.000688,0.000667,0.000674,0.000717,0.000765,0.000791,0.000795,0.000778,0.000721,0.000645,0.000536,0.000776,0.000834,0.000862,0.000890,0.000899,0.000906,0.000910,0.000894,0.000875,0.000852,0.000888,0.000919,0.000761,0.001046,0.001105,0.001152,0.001208,0.001256,0.001283,0.001293,0.001271,0.001209,0.001126,0.001040,0.000976,0.000938,0.000912,0.000911,0.000924,0.000927,0.000934,0.000968,0.001027,0.001086,0.001137,0.001176,0.001207,0.001217,0.001222,0.001266,0.001314,0.001301,0.001214,0.001176,0.001127,0.001037,0.000939,0.001023,0.001187,0.001243,0.001216,0.001180,0.001158,0.001116,0.001048,0.000927,0.000996,0.001007,0.000912,0.001015,0.001151,0.001027,0.000933,0.000996,0.001029,0.001020,0.000978,0.000932,0.000910,0.000895,0.000644,0.000722,0.000986,0.000972,0.000965,0.000973,0.000975,0.000635,0.000661,0.000731,0.000996,0.001002,0.000863,0.000803,0.000737,0.000737,0.000708,0.000635,0.000624,0.000664,0.000699,0.000673,0.000415,0.000412,0.000405,0.000383,0.000386,0.000396,0.000401,0.000412,0.000409,0.000417,0.000456,0.000726,0.000504,0.000519,0.000552,0.000872,0.000825,0.000603,0.000666,0.000549,0.000529,0.000501,0.000510,0.000531,0.000545,0.000637,0.000353,0.000433,0.000624,0.000612,0.000669,0.000693,0.000804,0.000815,0.000768,0.000706,0.000623,0.000647,0.000652,0.000264,0.000387,0.000335,0.000313,0.000330,0.000354,0.000424,0.000459,0.000450,0.000419,0.000417,0.000316,0.000418,0.000425,0.000416,0.000401,0.000394,0.000369,0.000292,0.000230,0.000251,0.000262,0.000268,0.000345,0.000375,0.000425,0.000465,0.000487,0.000481,0.000470,0.000479,0.000500,0.000508,0.000505,0.000499,0.000504,0.000512,0.000510,0.000478,0.000430,0.000408,0.000408,0.000413,0.000422,0.000417,0.000387,0.000357,0.000341,0.000327,0.000367,0.000650,0.000638,0.000323,0.000290,0.000301,0.000455,0.000447,0.000378,0.000353,0.000353,0.000333,0.000313,0.000323,0.000547,0.000625,0.000724,0.000802,0.000762,0.000558,0.000617,0.000633,0.000639,0.000616,0.000651,0.000669,0.000634,0.000667,0.000734,0.000743,0.000742,0.000532,0.000607,0.000644,0.000661,0.000671,0.000640,0.000546,0.000410,0.000393,0.000477,0.000464,0.000531,0.000702,0.000707,0.000616,0.000569,0.000562
-0.007981,-0.007631,-0.003838,-0.000062,0.003096,0.006704,0.004658,0.004543,0.002139,-0.002211,-0.003116,-0.004029,-0.005321,-0.008553,-0.013254,-0.016993,-0.019195,-0.021188,-0.023779,-0.026954,-0.029500,-0.030236,-0.034741,-0.034799,-0.035500,-0.035236,-0.034333,-0.034221,-0.036136,-0.039557,-0.041872,-0.043130,-0.046459,-0.050529,-0.052211,-0.061097,-0.059411,-0.058025,-0.058362,-0.057768,-0.051250,0.006660,0.018128,0.022591,0.023712,0.022473,0.020134,0.017062,0.012329,0.012881,0.016425,0.015409,0.011106,0.003417,-0.004737,-0.012699,-0.019264,-0.023248,-0.024445,-0.023786,-0.023618,-0.023097,-0.018056,-0.006857,0.006988,0.001121,-0.003658,-0.001368,0.024845,0.033359,0.030142,0.028295,0.024037,0.021445,0.021300,0.021368,0.019486,0.019198,0.020190,0.023502,0.025728,0.027909,0.029968,0.034994,0.038155,0.036086,0.034690,0.033947,0.036018,0.036902,0.036505,0.037335,0.039831,0.037461,0.034659,0.036154,0.034013,0.029451,0.025028,0.025636,0.021432,0.019794,0.014663,0.016791,0.018414,0.017323,0.017930,0.017618,0.016729,0.015720,0.014279,0.013870,0.014300,0.013443,0.014615,0.013615,0.015373,0.015463,0.013306,0.012485,0.012136,0.010887,0.011456,0.011351,0.023357,-0.003003,0.012866,-0.000466,0.028697,-0.001124,0.012536,0.013226,-0.001740,0.014125,0.016515,0.013928,0.009507,0.005509,0.005096,0.022710,-0.002854,-0.002177,-0.000270,0.000670,0.022980,-0.006735,-0.005705,0.011959,0.021834,0.020971,0.019657,0.011607,0.025726,0.045477,0.014208,0.003619,-0.002815,-0.022990,-0.004607,-0.001176,-0.001810,-0.000560,0.015708,-0.002584,-0.016397,0.001325,-0.000154,0.001712,-0.000398,-0.003545,-0.001977,0.005885,0.009056,-0.018946,-0.003213,-0.003862,-0.005527,-0.003873,-0.003514,-0.004808,-0.004708,-0.005338,-0.004480,-0.005371,-0.006912,-0.008104,-0.009479,-0.010846,-0.012219,-0.012617,-0.013904,-0.016082,-0.017651,-0.018532,-0.021205,-0.022158,-0.022564,-0.021122,-0.019993,-0.017183,-0.015544,-0.013806,-0.008514,-0.000344,0.006741,0.012740,0.007555,0.008090,0.008111,0.012053,0.013662,0.012720,0.009449,0.007313,0.006099,0.005332,0.001511,0.001864,-0.000822,-0.003373,-0.004436,-0.005687,-0.010133,-0.010293,-0.011960,-0.013474,-0.014481,-0.014189,-0.013800,-0.013983,-0.014013,-0.014020,-0.014399,-0.012697,-0.014860,-0.013913,-0.011717,-0.009536,-0.007935,-0.004818,-0.004426,-0.008448,-0.011963,-0.010657,-0.012709,-0.015938,-0.015167,-0.013019,-0.011943,-0.010528,89.891294,89.875845,89.868910,89.869889,89.878400,89.904421,89.909867,89.920879,89.928775,89.916202,89.913655,89.913520,89.916826,89.919806,89.917269,89.912957,89.913503,89.915313,89.916511,89.922907,89.933211,89.945303,89.927804,89.925606,89.937814,89.950320,89.957794,89.959337,89.963116,89.968864,89.975702,89.974466,89.957978,89.939690,89.949627,89.931549,89.920817,89.904536,89.894477,89.898175,89.963331,90.244343,90.429613,90.512159,90.527318,90.505844,90.470184,90.421229,90.347705,90.290673,90.274841,90.287250,90.326404,90.364823,90.405502,90.425653,90.425603,90.407353,90.387130,90.359743,90.315014,90.264168,90.225655,90.214651,90.277757,90.291734,90.179925,89.999242,89.952108,89.935349,89.906699,89.884297,89.864482,89.845965,89.827872,89.813609,89.808794,89.817578,89.818963,89.829237,89.848068,89.859896,89.858946,89.879490,89.910692,89.920525,89.929241,89.932077,89.935428,89.943814,89.954219,89.965333,89.987762,89.984865,89.957390,89.944148,89.933354,89.917659,89.903407,89.913201,89.906750,89.895857,89.858445,89.846892,89.853345,89.853829,89.856932,89.864401,89.877302,89.887037,89.892332,89.896338,89.906715,89.922523,89.951674,89.951017,89.950368,89.952666,89.949990,89.944268,89.948605,89.964630,89.990933,89.997187,90.111550,90.033225,90.079190,90.009079,90.173824,90.147065,90.159879,90.148603,90.000345,89.973790,89.979338,89.989134,89.997463,89.997343,90.005497,90.157630,90.049228,90.014946,90.002820,89.994636,90.160266,90.114534,90.078672,90.116206,90.170893,90.154564,90.085474,89.981551,89.981674,90.137088,90.112206,90.107386,90.147496,89.997635,89.966575,89.985650,89.998124,90.014040,90.119556,90.125295,89.999350,89.989143,89.970635,89.970925,89.979012,89.977048,89.967116,90.015251,90.139834,90.008015,89.998159,89.998312,89.989385,89.985005,89.982406,89.988589,89.995716,89.997551,89.988050,89.973485,89.961615,89.954634,89.947359,89.939237,89.937160,89.945020,89.957518,89.967023,89.977319,89.990407,89.999667,89.998519,89.992365,89.989359,89.987998,89.987960,89.987793,89.985499,89.965207,89.907069,89.901963,89.932382,89.915807,89.907275,89.892057,89.902877,89.922566,89.931673,89.931649,89.932842,89.934304,89.937070,89.923649,89.923656,89.916162,89.903540,89.900192,89.905597,89.893208,89.896486,89.906854,89.921047,89.929305,89.936610,89.950351,89.959402,89.957248,89.950318,89.946545,89.962466,89.959382,89.956513,89.951878,89.947043,89.946033,89.949191,89.955143,89.947077,89.928851,89.926064,89.918236,89.896451,89.886538,89.890246,89.895449,89.896579,0.000640,0.000846,0.000950,0.000928,0.000809,0.000501,0.000530,0.000506,0.000516,0.000730,0.000742,0.000714,0.000698,0.000721,0.000783,0.000828,0.000820,0.000805,0.000801,0.000772,0.000719,0.000582,0.000798,0.000888,0.000911,0.000928,0.000913,0.000898,0.000886,0.000912,0.000919,0.000880,0.000891,0.000922,0.000778,0.001123,0.001189,0.001204,0.001196,0.001185,0.001203,0.001244,0.001257,0.001227,0.001153,0.001072,0.001019,0.000980,0.000951,0.000916,0.000890,0.000904,0.000937,0.000992,0.001073,0.001142,0.001191,0.001222,0.001246,0.001249,0.001233,0.001251,0.001278,0.001289,0.001248,0.001240,0.001181,0.001080,0.001001,0.000997,0.001161,0.001211,0.001247,0.001251,0.001244,0.001203,0.001117,0.000970,0.001002,0.000973,0.000904,0.000973,0.001218,0.001149,0.000894,0.000887,0.000885,0.000941,0.000980,0.000964,0.000944,0.000923,0.000715,0.000741,0.000977,0.000978,0.000950,0.001004,0.001022,0.000744,0.000732,0.000739,0.001035,0.001014,0.000853,0.000828,0.000797,0.000777,0.000753,0.000731,0.000720,0.000739,0.000735,0.000691,0.000419,0.000428,0.000425,0.000422,0.000459,0.000495,0.000504,0.000510,0.000480,0.000465,0.000508,0.000704,0.000524,0.000568,0.000617,0.000853,0.000774,0.000638,0.000690,0.000566,0.000603,0.000561,0.000580,0.000585,0.000586,0.000721,0.000473,0.000467,0.000630,0.000665,0.000596,0.000796,0.000890,0.000900,0.000828,0.000733,0.000569,0.000712,0.000688,0.000353,0.000413,0.000404,0.000384,0.000377,0.000388,0.000405,0.000396,0.000468,0.000426,0.000411,0.000420,0.000419,0.000421,0.000385,0.000378,0.000403,0.000423,0.000383,0.000293,0.000310,0.000314,0.000320,0.000413,0.000441,0.000475,0.000497,0.000515,0.000519,0.000533,0.000551,0.000548,0.000545,0.000542,0.000536,0.000543,0.000534,0.000504,0.000471,0.000441,0.000421,0.000419,0.000426,0.000462,0.000508,0.000511,0.000475,0.000449,0.000436,0.000436,0.000718,0.000740,0.000378,0.000396,0.000320,0.000468,0.000463,0.000397,0.000376,0.000396,0.000403,0.000411,0.000405,0.000632,0.000633,0.000676,0.000762,0.000743,0.000572,0.000664,0.000669,0.000670,0.000647,0.000685,0.000721,0.000683,0.000697,0.000750,0.000749,0.000734,0.000538,0.000621,0.000669,0.000710,0.000732,0.000685,0.000575,0.000427,0.000436,0.000559,0.000530,0.000568,0.000720,0.000738,0.000663,0.000622,0.000603
-0.008592,-0.007604,-0.003454,-0.001430,0.000881,0.005978,0.003708,0.002557,0.000227,-0.003026,-0.003002,-0.005075,-0.007784,-0.011063,-0.014544,-0.016304,-0.018866,-0.021468,-0.024877,-0.027698,-0.029816,-0.029829,-0.034815,-0.034832,-0.034779,-0.035593,-0.035900,-0.035536,-0.036414,-0.038897,-0.041909,-0.044158,-0.046461,-0.050153,-0.052899,-0.062335,-0.059179,-0.058285,-0.058823,-0.057797,-0.051337,0.007195,0.018684,0.022268,0.023150,0.022498,0.020958,0.016871,0.013277,0.014826,0.016433,0.014742,0.011136,0.004790,-0.003109,-0.012422,-0.019683,-0.024152,-0.025570,-0.025914,-0.024671,-0.021058,-0.017994,-0.005901,0.005890,0.001818,-0.003221,-0.000423,0.026588,0.034137,0.030421,0.029825,0.025893,0.021698,0.020231,0.020152,0.019615,0.018753,0.018080,0.022291,0.024522,0.026201,0.029997,0.036160,0.037729,0.036175,0.035694,0.034447,0.034902,0.037221,0.037716,0.038167,0.040905,0.037657,0.034830,0.035240,0.032844,0.029687,0.025861,0.026171,0.020354,0.019382,0.014619,0.018683,0.018919,0.016827,0.018049,0.017768,0.016519,0.015853,0.015151,0.015064,0.014854,0.012706,0.015731,0.015777,0.016610,0.015257,0.013186,0.012655,0.012341,0.011298,0.009116,0.008756,0.023090,-0.000520,0.013614,-0.002437,0.028797,-0.001428,0.014877,0.014966,-0.000610,0.015760,0.017993,0.013875,0.013327,0.004590,0.006548,0.024116,-0.003190,-0.001592,0.000815,-0.001276,0.021061,-0.004781,-0.004774,0.011701,0.022969,0.021308,0.020219,0.010644,0.025620,0.045494,0.012968,0.004500,-0.004363,-0.022299,-0.005311,-0.002692,-0.001372,-0.000101,0.015028,-0.001939,-0.016754,-0.003753,0.000134,0.000229,-0.000757,-0.002203,-0.001113,0.007308,0.009084,-0.021229,-0.005201,-0.005136,-0.005027,-0.003681,-0.002942,-0.003682,-0.004929,-0.005355,-0.004357,-0.004656,-0.005579,-0.008219,-0.011224,-0.010779,-0.010682,-0.011730,-0.015392,-0.017893,-0.019169,-0.021250,-0.021422,-0.022597,-0.021494,-0.021162,-0.018055,-0.016021,-0.016506,-0.015462,-0.009280,-0.000979,0.006411,0.011249,0.008124,0.008670,0.009077,0.010750,0.011811,0.010537,0.009596,0.008550,0.005910,0.004274,0.001911,0.002122,-0.001410,-0.003725,-0.004409,-0.005861,-0.010420,-0.009658,-0.010483,-0.012552,-0.014362,-0.013665,-0.012483,-0.013566,-0.015612,-0.015642,-0.014722,-0.011495,-0.013587,-0.012465,-0.011520,-0.009623,-0.006946,-0.005150,-0.005348,-0.009193,-0.010963,-0.010549,-0.013061,-0.015389,-0.014806,-0.014146,-0.012749,-0.010252,89.890030,89.876788,89.869388,89.864629,89.867966,89.894110,89.901573,89.918429,89.934474,89.924398,89.920543,89.917413,89.920313,89.924263,89.926074,89.926831,89.925084,89.921658,89.917284,89.917471,89.924298,89.943919,89.935533,89.935443,89.942648,89.949400,89.951752,89.946803,89.943830,89.951127,89.961797,89.966582,89.958899,89.949060,89.961937,89.937616,89.921758,89.912840,89.911754,89.923158,89.964160,90.241195,90.425639,90.509936,90.522803,90.507525,90.474117,90.406452,90.326118,90.283409,90.269880,90.281042,90.321937,90.366305,90.399783,90.417040,90.420346,90.413510,90.406809,90.370253,90.318974,90.281090,90.223477,90.211864,90.274093,90.280867,90.175821,90.003937,89.949260,89.934822,89.915864,89.902457,89.877477,89.842886,89.819149,89.806194,89.802726,89.808763,89.815947,89.836437,89.857589,89.865015,89.867670,89.898666,89.934811,89.943360,89.945319,89.942783,89.941756,89.947984,89.954351,89.958375,89.978188,89.971347,89.946330,89.937030,89.926453,89.916617,89.905270,89.918778,89.909608,89.897408,89.851215,89.841765,89.847780,89.847188,89.852428,89.864632,89.879729,89.890707,89.898176,89.904493,89.912129,89.917338,89.945382,89.952970,89.958947,89.962962,89.963681,89.963027,89.964052,89.969198,89.980509,89.995746,90.105358,90.065147,90.061594,90.004632,90.166888,90.119821,90.156970,90.151468,90.017439,89.977159,89.999634,89.996547,90.011647,90.002941,90.013234,90.155920,90.029381,90.008917,90.012648,90.009854,90.186598,90.125377,90.091541,90.110327,90.159461,90.153945,90.116862,89.995978,89.995330,90.138382,90.119909,90.097077,90.151312,90.020912,89.978920,90.004718,90.006657,90.023493,90.097171,90.134145,90.021873,89.992802,89.990158,89.968880,89.962816,89.969423,89.970641,90.026651,90.136806,90.014886,90.007466,90.003331,89.995619,89.991480,89.988858,89.992461,89.996096,89.993781,89.981445,89.969658,89.965089,89.962419,89.954327,89.944593,89.944239,89.955890,89.969733,89.976790,89.981352,89.985484,89.990287,89.994178,89.999665,89.998930,89.992050,89.978781,89.970797,89.970668,89.963401,89.919566,89.909200,89.933693,89.927792,89.913910,89.898590,89.901546,89.913948,89.918287,89.921212,89.927542,89.929792,89.927144,89.907053,89.904774,89.906455,89.909292,89.914270,89.919225,89.904279,89.904753,89.911206,89.922245,89.932288,89.942177,89.953186,89.960045,89.960815,89.958573,89.956782,89.972175,89.963225,89.957907,89.952369,89.944897,89.943464,89.946276,89.956817,89.951822,89.941766,89.943640,89.929766,89.899552,89.886772,89.889775,89.892772,89.893461,0.000709,0.000871,0.000926,0.000960,0.000922,0.000625,0.000639,0.000582,0.000512,0.000678,0.000698,0.000727,0.000740,0.000755,0.000766,0.000760,0.000753,0.000747,0.000740,0.000718,0.000699,0.000567,0.000788,0.000870,0.000873,0.000893,0.000893,0.000888,0.000894,0.000886,0.000892,0.000881,0.000920,0.000987,0.000829,0.001121,0.001184,0.001232,0.001225,0.001212,0.001202,0.001210,0.001220,0.001207,0.001164,0.001111,0.001047,0.000966,0.000904,0.000872,0.000860,0.000884,0.000933,0.000995,0.001061,0.001122,0.001171,0.001214,0.001245,0.001229,0.001212,0.001205,0.001248,0.001251,0.001221,0.001248,0.001215,0.001137,0.001000,0.000988,0.001155,0.001169,0.001148,0.001190,0.001225,0.001209,0.001106,0.000983,0.001001,0.000954,0.000880,0.000934,0.001112,0.001047,0.000922,0.000991,0.000986,0.000968,0.000941,0.000891,0.000880,0.000900,0.000663,0.000685,0.000893,0.000923,0.000977,0.001000,0.001015,0.000716,0.000719,0.000695,0.001092,0.001063,0.000889,0.000831,0.000777,0.000732,0.000708,0.000699,0.000707,0.000735,0.000729,0.000726,0.000420,0.000393,0.000393,0.000395,0.000419,0.000453,0.000502,0.000532,0.000494,0.000454,0.000467,0.000811,0.000536,0.000565,0.000575,0.000855,0.000829,0.000662,0.000758,0.000564,0.000627,0.000564,0.000567,0.000560,0.000550,0.000640,0.000506,0.000396,0.000571,0.000587,0.000637,0.000737,0.000839,0.000857,0.000813,0.000780,0.000659,0.000661,0.000629,0.000308,0.000410,0.000422,0.000401,0.000336,0.000354,0.000516,0.000358,0.000452,0.000497,0.000548,0.000481,0.000462,0.000466,0.000444,0.000436,0.000449,0.000456,0.000370,0.000294,0.000303,0.000305,0.000331,0.000452,0.000494,0.000509,0.000494,0.000497,0.000506,0.000522,0.000530,0.000528,0.000533,0.000539,0.000521,0.000512,0.000508,0.000509,0.000498,0.000464,0.000449,0.000429,0.000421,0.000422,0.000438,0.000461,0.000468,0.000463,0.000448,0.000526,0.000670,0.000678,0.000354,0.000359,0.000423,0.000538,0.000543,0.000452,0.000415,0.000426,0.000422,0.000405,0.000391,0.000623,0.000652,0.000687,0.000743,0.000696,0.000530,0.000627,0.000662,0.000688,0.000654,0.000669,0.000694,0.000662,0.000669,0.000709,0.000705,0.000681,0.000465,0.000597,0.000680,0.000725,0.000744,0.000697,0.000630,0.000445,0.000427,0.000523,0.000518,0.000608,0.000757,0.000725,0.000639,0.000622,0.000639
-0.007670,-0.006633,-0.003531,0.000825,0.002985,0.007199,0.004227,0.002656,0.000644,-0.001938,-0.002305,-0.004499,-0.007471,-0.011713,-0.014946,-0.017029,-0.018404,-0.020161,-0.023304,-0.027416,-0.030724,-0.030817,-0.035808,-0.034671,-0.033638,-0.034068,-0.036166,-0.036744,-0.037157,-0.038132,-0.041176,-0.043619,-0.046945,-0.050463,-0.052643,-0.061510,-0.058867,-0.057487,-0.058879,-0.059992,-0.051953,0.007571,0.019493,0.024337,0.025065,0.023679,0.020619,0.017932,0.014743,0.014359,0.016413,0.016414,0.012471,0.003319,-0.005784,-0.013303,-0.018507,-0.023332,-0.026364,-0.024830,-0.023473,-0.022525,-0.016366,-0.006785,0.005173,0.002883,-0.004193,-0.000848,0.026272,0.034470,0.031465,0.030783,0.025992,0.022495,0.022103,0.021843,0.020645,0.021821,0.021309,0.023702,0.025116,0.026326,0.028594,0.033714,0.036814,0.036708,0.036128,0.035530,0.035864,0.037002,0.037476,0.038365,0.040918,0.036025,0.034308,0.035484,0.033749,0.030316,0.026117,0.027806,0.021899,0.020694,0.015704,0.017492,0.017942,0.017244,0.017953,0.016748,0.015609,0.015229,0.013686,0.013862,0.013674,0.013795,0.016603,0.015307,0.014516,0.014152,0.012584,0.012328,0.012657,0.012246,0.010892,0.010650,0.023231,-0.001795,0.015101,-0.003720,0.025533,-0.000916,0.013531,0.014413,-0.002345,0.014420,0.017035,0.014939,0.009838,0.005902,0.005048,0.022216,-0.002156,-0.001821,-0.000312,0.003271,0.020234,-0.004748,-0.005683,0.012033,0.019568,0.020169,0.019247,0.010489,0.024449,0.045883,0.013942,0.003364,-0.003230,-0.020335,-0.003370,-0.001730,-0.000246,-0.000346,0.015703,-0.001963,-0.016948,-0.001415,-0.000718,-0.000577,0.000936,-0.002533,-0.001188,0.006774,0.010351,-0.020263,-0.005779,-0.004612,-0.004135,-0.003450,-0.005566,-0.003840,-0.004016,-0.003160,-0.003988,-0.006261,-0.007961,-0.009645,-0.011027,-0.011287,-0.011475,-0.013466,-0.015914,-0.016833,-0.017715,-0.019944,-0.021638,-0.022165,-0.022700,-0.021608,-0.020297,-0.017152,-0.015347,-0.013492,-0.010752,-0.002514,0.005022,0.010986,0.007683,0.007269,0.007142,0.009978,0.012305,0.012091,0.009358,0.007774,0.006427,0.005301,0.002208,0.002032,-0.001127,-0.003835,-0.004310,-0.005410,-0.009587,-0.009733,-0.011205,-0.014032,-0.015183,-0.013427,-0.012843,-0.014132,-0.014984,-0.014992,-0.016129,-0.013731,-0.014709,-0.013491,-0.013295,-0.011322,-0.008500,-0.005108,-0.005603,-0.009910,-0.011961,-0.011031,-0.013958,-0.016570,-0.014212,-0.012823,-0.013088,-0.010986,89.898889,89.881199,89.868479,89.872062,89.877634,89.904665,89.911266,89.921650,89.931826,89.924119,89.923839,89.919676,89.918193,89.918955,89.922029,89.926296,89.928867,89.927700,89.925690,89.928857,89.939232,89.959417,89.941976,89.933840,89.938542,89.945299,89.950326,89.951213,89.950890,89.958304,89.967605,89.968278,89.955914,89.943488,89.954999,89.932403,89.916217,89.902321,89.901756,89.908798,89.948787,90.261529,90.436690,90.511072,90.516160,90.502013,90.465326,90.403507,90.330794,90.278904,90.261324,90.283028,90.327284,90.369926,90.408009,90.427487,90.426237,90.418487,90.402712,90.371143,90.323163,90.264739,90.213906,90.208089,90.256905,90.279671,90.194116,89.995215,89.953025,89.932270,89.908916,89.891935,89.865906,89.836341,89.820950,89.816993,89.815355,89.825376,89.823191,89.829334,89.841204,89.851850,89.855744,89.876595,89.906252,89.924920,89.939751,89.942657,89.940387,89.943328,89.951013,89.959072,89.982098,89.972654,89.955942,89.949686,89.934660,89.921492,89.909170,89.922174,89.904013,89.892898,89.864854,89.859933,89.860325,89.856293,89.860440,89.866472,89.875440,89.884065,89.888913,89.897740,89.911218,89.921759,89.943699,89.946505,89.951596,89.960803,89.965178,89.962752,89.965977,89.978998,89.993885,89.998769,90.119508,90.063259,90.084934,90.010302,90.168986,90.116660,90.174605,90.158860,89.996161,89.980411,89.984364,89.992802,89.999926,90.001029,90.010190,90.145647,90.013257,89.991985,90.009055,90.009696,90.163495,90.116474,90.073317,90.125801,90.174825,90.159300,90.108094,89.996974,89.994062,90.143339,90.123261,90.117021,90.128773,90.003223,90.002765,90.015275,90.022222,90.015438,90.117663,90.134464,90.004648,89.978918,89.973311,89.968391,89.972368,89.977390,89.969528,90.018181,90.130677,90.017239,90.009561,90.002623,89.990478,89.986532,89.985933,89.988811,89.988886,89.984618,89.977495,89.972135,89.965328,89.956238,89.945838,89.935272,89.934572,89.948313,89.968876,89.983191,89.990389,89.993277,89.993980,89.991530,89.992709,89.992324,89.985655,89.978121,89.974208,89.971346,89.952286,89.924231,89.911562,89.939494,89.928664,89.913254,89.898375,89.904586,89.916149,89.922401,89.921318,89.919991,89.920652,89.926072,89.916652,89.909925,89.899419,89.895288,89.900496,89.904706,89.887613,89.888061,89.903809,89.920963,89.926384,89.929288,89.941179,89.952567,89.956085,89.956122,89.954171,89.968016,89.963462,89.963338,89.961823,89.953182,89.944497,89.946748,89.954781,89.945864,89.929301,89.932553,89.929079,89.906166,89.896118,89.902403,89.908958,89.907950,0.000656,0.000822,0.000948,0.000899,0.000857,0.000542,0.000533,0.000504,0.000483,0.000644,0.000651,0.000667,0.000677,0.000709,0.000737,0.000734,0.000718,0.000721,0.000737,0.000732,0.000712,0.000545,0.000763,0.000827,0.000828,0.000868,0.000898,0.000911,0.000939,0.000918,0.000878,0.000841,0.000873,0.000907,0.000756,0.001086,0.001151,0.001177,0.001154,0.001131,0.001151,0.001177,0.001184,0.001149,0.001089,0.001033,0.000982,0.000933,0.000905,0.000907,0.000916,0.000914,0.000903,0.000915,0.000974,0.001057,0.001125,0.001181,0.001220,0.001210,0.001187,0.001228,0.001289,0.001301,0.001205,0.001174,0.001125,0.001023,0.000907,0.000941,0.001126,0.001170,0.001183,0.001184,0.001174,0.001143,0.001090,0.000901,0.000928,0.000927,0.000898,0.000947,0.001123,0.001073,0.000915,0.000919,0.000933,0.000955,0.000962,0.000951,0.000951,0.000936,0.000660,0.000782,0.000965,0.000926,0.000913,0.000914,0.000951,0.000653,0.000755,0.000755,0.000999,0.000926,0.000801,0.000800,0.000784,0.000791,0.000767,0.000716,0.000728,0.000734,0.000702,0.000649,0.000380,0.000353,0.000366,0.000378,0.000407,0.000432,0.000427,0.000431,0.000426,0.000428,0.000466,0.000717,0.000519,0.000552,0.000626,0.000881,0.000831,0.000564,0.000634,0.000588,0.000623,0.000559,0.000548,0.000510,0.000438,0.000541,0.000288,0.000578,0.000567,0.000595,0.000620,0.000675,0.000832,0.000892,0.000856,0.000783,0.000685,0.000642,0.000652,0.000280,0.000384,0.000371,0.000344,0.000351,0.000340,0.000380,0.000327,0.000395,0.000468,0.000493,0.000416,0.000405,0.000413,0.000423,0.000431,0.000450,0.000445,0.000362,0.000283,0.000275,0.000266,0.000286,0.000389,0.000422,0.000456,0.000472,0.000484,0.000489,0.000495,0.000491,0.000493,0.000500,0.000480,0.000453,0.000449,0.000463,0.000478,0.000487,0.000484,0.000467,0.000417,0.000373,0.000367,0.000380,0.000384,0.000382,0.000392,0.000386,0.000426,0.000751,0.000827,0.000392,0.000321,0.000288,0.000422,0.000436,0.000402,0.000391,0.000414,0.000400,0.000366,0.000344,0.000530,0.000582,0.000657,0.000719,0.000668,0.000494,0.000572,0.000591,0.000571,0.000550,0.000604,0.000657,0.000616,0.000601,0.000643,0.000643,0.000651,0.000492,0.000600,0.000657,0.000685,0.000702,0.000690,0.000587,0.000416,0.000405,0.000533,0.000525,0.000568,0.000712,0.000701,0.000634,0.000614,0.000608
-0.006711,-0.006759,-0.003062,0.001386,0.002849,0.006798,0.004778,0.004432,0.000935,-0.002244,-0.001671,-0.002160,-0.006197,-0.011206,-0.014719,-0.016183,-0.018056,-0.021430,-0.024746,-0.027538,-0.029743,-0.029762,-0.034366,-0.035064,-0.035892,-0.036354,-0.035651,-0.035065,-0.036297,-0.038651,-0.041555,-0.043505,-0.047859,-0.051752,-0.053495,-0.062335,-0.058809,-0.057480,-0.058346,-0.058148,-0.052004,0.006875,0.018833,0.023586,0.024953,0.023724,0.021399,0.017028,0.013037,0.011897,0.015259,0.015525,0.011441,0.004290,-0.004854,-0.012460,-0.019098,-0.023119,-0.025046,-0.025300,-0.024241,-0.022219,-0.017614,-0.007536,0.006206,0.003511,-0.004433,0.000845,0.025323,0.034227,0.030673,0.029082,0.025368,0.021587,0.020313,0.020752,0.020520,0.019508,0.019733,0.023093,0.025897,0.027696,0.029699,0.035944,0.037529,0.035244,0.034740,0.034440,0.035474,0.036168,0.036627,0.037768,0.040439,0.038115,0.035964,0.035773,0.033708,0.030630,0.025805,0.026853,0.022362,0.019608,0.014479,0.016373,0.018094,0.016973,0.016620,0.015873,0.016040,0.016725,0.016536,0.015076,0.014079,0.012994,0.014942,0.014546,0.015443,0.015681,0.014317,0.012897,0.011161,0.010288,0.010270,0.011169,0.022773,0.001442,0.013831,-0.001316,0.028096,-0.000199,0.012871,0.013613,-0.003215,0.013917,0.015358,0.012588,0.010210,0.007063,0.004681,0.023192,-0.003513,-0.001821,0.000171,0.000454,0.020395,-0.004226,-0.004467,0.012962,0.021851,0.021714,0.021905,0.010185,0.025954,0.045137,0.015754,0.003568,-0.002998,-0.023246,-0.005211,-0.001020,-0.002432,0.000222,0.013081,-0.003504,-0.017627,0.000124,0.000439,-0.000352,-0.000584,-0.001381,-0.003193,0.006554,0.009514,-0.022763,-0.005094,-0.004847,-0.004779,-0.003671,-0.005388,-0.004215,-0.003921,-0.004227,-0.004908,-0.005983,-0.006851,-0.008729,-0.011000,-0.011181,-0.010942,-0.013223,-0.016910,-0.017762,-0.017951,-0.019218,-0.021085,-0.022941,-0.022808,-0.021637,-0.019419,-0.017857,-0.016525,-0.014637,-0.009204,-0.002005,0.005514,0.010575,0.008369,0.008474,0.009596,0.011579,0.013280,0.012860,0.009842,0.007584,0.006672,0.005285,0.000423,0.000796,-0.000524,-0.002431,-0.005031,-0.006598,-0.009999,-0.009124,-0.010457,-0.013217,-0.014404,-0.013228,-0.012643,-0.013277,-0.013752,-0.014527,-0.015864,-0.013814,-0.014976,-0.013125,-0.013397,-0.011621,-0.007688,-0.004261,-0.005087,-0.009799,-0.012350,-0.010973,-0.013540,-0.016744,-0.015231,-0.013201,-0.012379,-0.009798,89.886177,89.869682,89.862604,89.870605,89.877706,89.906505,89.911002,89.923707,89.934414,89.930302,89.927766,89.925217,89.925027,89.923668,89.921731,89.922650,89.926497,89.928461,89.928375,89.932656,89.940652,89.953029,89.936543,89.930335,89.936753,89.947769,89.958616,89.959522,89.955099,89.957779,89.966268,89.969395,89.960610,89.951174,89.960562,89.931579,89.910743,89.898977,89.898234,89.901788,89.948059,90.250226,90.437591,90.525360,90.532974,90.498402,90.460918,90.411662,90.344612,90.284180,90.262930,90.285524,90.332765,90.378421,90.407296,90.418065,90.416434,90.410053,90.403507,90.374447,90.318516,90.258201,90.219735,90.213070,90.267308,90.293820,90.181265,90.012551,89.957488,89.940829,89.916106,89.893962,89.866889,89.838144,89.819621,89.815648,89.819325,89.824871,89.823429,89.827689,89.840180,89.852562,89.860499,89.889983,89.924560,89.932498,89.935106,89.935079,89.940027,89.949628,89.956120,89.960945,89.980856,89.974555,89.951154,89.942467,89.930471,89.915917,89.898131,89.913520,89.909631,89.894386,89.859175,89.852309,89.861447,89.865984,89.873283,89.877556,89.881428,89.884632,89.892323,89.900121,89.913198,89.923135,89.946765,89.949728,89.953887,89.961349,89.966182,89.965739,89.967207,89.973204,89.981596,89.993774,90.111442,90.068856,90.073916,90.009071,90.174952,90.142691,90.166488,90.152190,89.994516,89.974825,89.989998,89.994316,89.999049,90.000884,90.005641,90.152523,90.036153,89.996369,90.008483,90.011722,90.165297,90.111063,90.076285,90.130326,90.173601,90.129095,90.099944,89.992897,89.990547,90.133502,90.113342,90.112423,90.138802,90.005439,89.973799,89.989815,89.998135,90.010020,90.097276,90.110423,89.995221,89.969153,89.976356,89.981342,89.972338,89.985159,89.968282,90.022317,90.142338,90.018526,90.012114,90.004380,89.994392,89.998011,90.001898,89.999130,89.991225,89.983385,89.973407,89.965978,89.961942,89.958391,89.952175,89.942978,89.938684,89.943000,89.951037,89.959981,89.972904,89.984047,89.986854,89.983370,89.980771,89.980469,89.986774,89.981622,89.976202,89.974854,89.968147,89.927155,89.910860,89.934151,89.934228,89.920989,89.903902,89.908610,89.924284,89.932297,89.933252,89.935544,89.935141,89.931532,89.912568,89.910110,89.907025,89.904030,89.902567,89.904039,89.889063,89.894649,89.912955,89.929238,89.933295,89.934842,89.943668,89.951242,89.955334,89.958252,89.958416,89.971693,89.963025,89.960476,89.958178,89.953664,89.952199,89.954387,89.957017,89.943502,89.925596,89.927535,89.920760,89.897257,89.887583,89.892812,89.896627,89.892546,0.000646,0.000874,0.001010,0.000948,0.000865,0.000495,0.000517,0.000504,0.000525,0.000652,0.000694,0.000732,0.000762,0.000785,0.000790,0.000769,0.000747,0.000753,0.000762,0.000722,0.000665,0.000533,0.000738,0.000824,0.000860,0.000918,0.000931,0.000925,0.000924,0.000914,0.000905,0.000882,0.000933,0.000977,0.000843,0.001161,0.001207,0.001222,0.001222,0.001198,0.001199,0.001209,0.001225,0.001224,0.001167,0.001066,0.000975,0.000910,0.000869,0.000861,0.000867,0.000885,0.000925,0.000963,0.001005,0.001049,0.001087,0.001116,0.001139,0.001137,0.001134,0.001166,0.001212,0.001213,0.001153,0.001180,0.001165,0.001019,0.001005,0.000929,0.001055,0.001156,0.001223,0.001241,0.001202,0.001115,0.001011,0.000919,0.000949,0.000941,0.000867,0.000887,0.001092,0.001064,0.000900,0.000936,0.000952,0.000979,0.000982,0.000943,0.000907,0.000860,0.000613,0.000679,0.000920,0.000912,0.000893,0.000898,0.000989,0.000693,0.000634,0.000658,0.000951,0.000955,0.000820,0.000781,0.000743,0.000739,0.000727,0.000715,0.000710,0.000762,0.000727,0.000675,0.000428,0.000425,0.000414,0.000407,0.000433,0.000450,0.000437,0.000439,0.000426,0.000425,0.000416,0.000749,0.000441,0.000508,0.000606,0.000884,0.000799,0.000579,0.000619,0.000572,0.000556,0.000499,0.000473,0.000486,0.000493,0.000579,0.000486,0.000349,0.000603,0.000625,0.000652,0.000751,0.000868,0.000894,0.000834,0.000751,0.000627,0.000641,0.000611,0.000318,0.000409,0.000381,0.000436,0.000432,0.000342,0.000330,0.000427,0.000431,0.000469,0.000494,0.000423,0.000439,0.000472,0.000462,0.000429,0.000414,0.000408,0.000330,0.000291,0.000314,0.000311,0.000314,0.000393,0.000391,0.000414,0.000469,0.000528,0.000558,0.000581,0.000593,0.000581,0.000548,0.000488,0.000448,0.000453,0.000453,0.000452,0.000450,0.000447,0.000459,0.000460,0.000445,0.000427,0.000414,0.000419,0.000436,0.000457,0.000455,0.000414,0.000593,0.000665,0.000358,0.000262,0.000296,0.000444,0.000443,0.000380,0.000354,0.000377,0.000383,0.000377,0.000369,0.000578,0.000609,0.000657,0.000708,0.000681,0.000522,0.000617,0.000623,0.000601,0.000570,0.000604,0.000644,0.000608,0.000618,0.000658,0.000673,0.000692,0.000509,0.000610,0.000647,0.000677,0.000679,0.000635,0.000563,0.000425,0.000429,0.000534,0.000503,0.000562,0.000735,0.000767,0.000700,0.000639,0.000614
-0.007698,-0.006695,-0.003343,-0.001056,0.002509,0.008044,0.005057,0.003737,0.001368,-0.001629,-0.002352,-0.004291,-0.007051,-0.011012,-0.014301,-0.016565,-0.018531,-0.022091,-0.025176,-0.027079,-0.028795,-0.028973,-0.034401,-0.035130,-0.036000,-0.036312,-0.036127,-0.035453,-0.036201,-0.038622,-0.042005,-0.043916,-0.046029,-0.049863,-0.052572,-0.062832,-0.060047,-0.057663,-0.058281,-0.058476,-0.050773,0.006299,0.018585,0.023223,0.024781,0.023674,0.020073,0.016342,0.013836,0.013177,0.014980,0.015075,0.012522,0.004689,-0.005057,-0.013595,-0.019412,-0.022416,-0.024194,-0.023923,-0.024116,-0.022024,-0.018286,-0.008034,0.006497,0.003083,-0.006119,-0.000850,0.025300,0.035024,0.032384,0.029497,0.025595,0.022258,0.020472,0.020698,0.020345,0.018579,0.018949,0.022952,0.025722,0.026287,0.027941,0.034611,0.037574,0.035571,0.034486,0.034139,0.035492,0.037470,0.038085,0.038143,0.039293,0.035901,0.034773,0.036146,0.032766,0.028393,0.024562,0.027423,0.021383,0.018886,0.014410,0.017586,0.018368,0.017401,0.017607,0.017402,0.016871,0.014973,0.013988,0.014755,0.014593,0.012482,0.015001,0.014851,0.015780,0.014683,0.012795,0.011835,0.011457,0.011965,0.012496,0.011525,0.022870,-0.001005,0.013585,-0.001188,0.026533,-0.002037,0.013149,0.015010,-0.002597,0.013849,0.017001,0.014798,0.011579,0.007268,0.005183,0.022463,-0.004590,-0.001847,0.001526,0.002699,0.021178,-0.007149,-0.004955,0.012200,0.022635,0.020406,0.020888,0.010410,0.024122,0.043217,0.015592,0.004212,-0.001366,-0.022365,-0.004832,-0.000366,-0.000919,0.001717,0.014782,-0.000717,-0.018185,-0.001210,0.001605,-0.002625,-0.002466,-0.001955,-0.004007,0.005015,0.007789,-0.021518,-0.004660,-0.003826,-0.003726,-0.003374,-0.003476,-0.003591,-0.004943,-0.004947,-0.004895,-0.006143,-0.007817,-0.009681,-0.011226,-0.010723,-0.011835,-0.013540,-0.015327,-0.016813,-0.018231,-0.019306,-0.020663,-0.022079,-0.021690,-0.021203,-0.018496,-0.016834,-0.014114,-0.013510,-0.009460,-0.001342,0.005438,0.010288,0.008321,0.008972,0.007410,0.009465,0.011933,0.011588,0.009603,0.007428,0.005870,0.004477,0.000616,0.000759,-0.000917,-0.002819,-0.004498,-0.006090,-0.010356,-0.009916,-0.010256,-0.012511,-0.014330,-0.013217,-0.011505,-0.012327,-0.014568,-0.015464,-0.016253,-0.013639,-0.015329,-0.013216,-0.012121,-0.010592,-0.007232,-0.004596,-0.004589,-0.008774,-0.010763,-0.010863,-0.013673,-0.016352,-0.014919,-0.012924,-0.012909,-0.010792,89.890144,89.876665,89.870027,89.870783,89.876986,89.902084,89.902837,89.915345,89.929844,89.922769,89.920759,89.921379,89.925112,89.924948,89.920495,89.915920,89.915742,89.917858,89.921073,89.925649,89.929935,89.942524,89.934949,89.939509,89.948217,89.951544,89.952203,89.953699,89.960894,89.969086,89.973364,89.968770,89.956892,89.944988,89.960650,89.938464,89.920467,89.904523,89.902271,89.916082,89.961027,90.249267,90.439141,90.518892,90.513739,90.488786,90.466289,90.409341,90.339405,90.290590,90.267605,90.278116,90.331927,90.378322,90.416436,90.431637,90.421626,90.406082,90.398392,90.378168,90.325635,90.263480,90.216636,90.211028,90.263694,90.287133,90.195868,90.012683,89.947327,89.931508,89.915880,89.899049,89.872937,89.843628,89.824014,89.817120,89.821882,89.825632,89.828886,89.838040,89.852291,89.859055,89.856318,89.879177,89.913154,89.925377,89.930400,89.928859,89.927901,89.935561,89.950686,89.967700,89.994026,89.982790,89.951899,89.939917,89.929101,89.916755,89.896631,89.909250,89.901852,89.892512,89.856387,89.850955,89.861910,89.866610,89.867887,89.871957,89.882350,89.894159,89.901692,89.904619,89.911136,89.917502,89.945203,89.950113,89.953695,89.958934,89.959669,89.955062,89.952231,89.958403,89.975948,89.993869,90.120721,90.056319,90.070102,90.011895,90.185544,90.139260,90.159221,90.157763,90.010657,89.972857,89.980165,89.993034,90.006851,90.007479,90.015116,90.158569,90.032141,90.012756,90.005695,90.013751,90.183000,90.124200,90.080764,90.126735,90.173277,90.150811,90.104935,89.987662,89.988257,90.118685,90.124029,90.102146,90.135440,90.000492,89.976153,90.001565,90.000144,89.996800,90.103757,90.121577,89.995396,89.998684,90.002247,89.978348,89.975569,89.982434,89.968530,90.034472,90.141920,90.009886,90.004846,90.000851,89.991852,89.989591,89.993170,89.996665,89.995062,89.988814,89.977329,89.964688,89.958441,89.957269,89.954608,89.946499,89.941694,89.948320,89.961919,89.973042,89.980616,89.985588,89.989270,89.990694,89.991168,89.989153,89.994250,89.986939,89.974149,89.976337,89.975259,89.916496,89.910218,89.940644,89.931689,89.916697,89.898961,89.905832,89.919653,89.925112,89.927050,89.934649,89.942499,89.941687,89.920235,89.911124,89.911244,89.914924,89.916213,89.915642,89.897490,89.896613,89.911460,89.927807,89.933250,89.937009,89.949201,89.956564,89.953004,89.948214,89.946508,89.964737,89.957209,89.952490,89.945431,89.937780,89.940383,89.949973,89.959416,89.946779,89.927483,89.924257,89.918422,89.901775,89.896891,89.902928,89.901708,89.895870,0.000620,0.000792,0.000891,0.000896,0.000827,0.000503,0.000548,0.000521,0.000498,0.000682,0.000721,0.000724,0.000722,0.000739,0.000761,0.000778,0.000784,0.000780,0.000764,0.000735,0.000699,0.000552,0.000718,0.000778,0.000797,0.000849,0.000882,0.000879,0.000843,0.000838,0.000873,0.000901,0.000914,0.000934,0.000741,0.001080,0.001154,0.001185,0.001172,0.001195,0.001204,0.001181,0.001159,0.001117,0.001054,0.001009,0.000981,0.000935,0.000894,0.000891,0.000895,0.000896,0.000908,0.000951,0.001038,0.001122,0.001161,0.001173,0.001191,0.001194,0.001189,0.001182,0.001208,0.001210,0.001165,0.001204,0.001214,0.001075,0.000976,0.000986,0.001132,0.001238,0.001294,0.001272,0.001195,0.001090,0.000950,0.000909,0.000942,0.000946,0.000883,0.000937,0.001141,0.001068,0.000876,0.000919,0.000962,0.000974,0.000958,0.000925,0.000913,0.000897,0.000629,0.000711,0.000969,0.000948,0.000898,0.000866,0.000953,0.000666,0.000687,0.000699,0.001036,0.001012,0.000837,0.000772,0.000748,0.000728,0.000706,0.000677,0.000648,0.000664,0.000663,0.000692,0.000436,0.000420,0.000391,0.000376,0.000412,0.000452,0.000462,0.000463,0.000442,0.000443,0.000480,0.000807,0.000493,0.000513,0.000516,0.000725,0.000713,0.000607,0.000728,0.000606,0.000631,0.000550,0.000518,0.000499,0.000518,0.000556,0.000257,0.000356,0.000577,0.000577,0.000638,0.000653,0.000805,0.000858,0.000788,0.000719,0.000590,0.000607,0.000572,0.000253,0.000306,0.000352,0.000328,0.000307,0.000313,0.000408,0.000377,0.000407,0.000499,0.000508,0.000421,0.000414,0.000384,0.000373,0.000355,0.000356,0.000352,0.000306,0.000239,0.000270,0.000288,0.000303,0.000392,0.000415,0.000434,0.000459,0.000497,0.000513,0.000518,0.000516,0.000495,0.000483,0.000478,0.000485,0.000505,0.000505,0.000494,0.000479,0.000469,0.000475,0.000470,0.000440,0.000423,0.000420,0.000410,0.000404,0.000410,0.000401,0.000372,0.000599,0.000634,0.000308,0.000366,0.000346,0.000439,0.000419,0.000358,0.000333,0.000357,0.000343,0.000320,0.000317,0.000506,0.000556,0.000626,0.000718,0.000718,0.000556,0.000620,0.000637,0.000632,0.000607,0.000644,0.000680,0.000643,0.000661,0.000727,0.000742,0.000742,0.000516,0.000650,0.000737,0.000774,0.000746,0.000647,0.000554,0.000403,0.000415,0.000511,0.000497,0.000545,0.000692,0.000718,0.000650,0.000628,0.000607
-0.007979,-0.007145,-0.002274,0.000948,0.002516,0.005298,0.003573,0.003528,0.001864,-0.002313,-0.002918,-0.005036,-0.007388,-0.010170,-0.014345,-0.017538,-0.019060,-0.020497,-0.024160,-0.027702,-0.030330,-0.030183,-0.035327,-0.035751,-0.035510,-0.035112,-0.034428,-0.034204,-0.035986,-0.039237,-0.042153,-0.044431,-0.047276,-0.049790,-0.049953,-0.061652,-0.059977,-0.058249,-0.057730,-0.057958,-0.050853,0.005971,0.017117,0.022745,0.024018,0.023146,0.020390,0.017288,0.014161,0.013292,0.017255,0.015051,0.011139,0.003550,-0.004746,-0.012164,-0.018934,-0.023420,-0.026490,-0.026206,-0.025007,-0.022725,-0.017165,-0.007522,0.006209,0.003564,-0.003433,-0.000067,0.025960,0.033920,0.031813,0.027784,0.024909,0.022125,0.019624,0.020003,0.019962,0.019127,0.019079,0.024237,0.026589,0.027252,0.029012,0.035038,0.036653,0.035150,0.035590,0.035571,0.035972,0.036779,0.036689,0.037172,0.039819,0.037032,0.035607,0.035932,0.033218,0.029492,0.024783,0.026811,0.020983,0.018743,0.014253,0.017140,0.018015,0.016665,0.018263,0.017687,0.017105,0.016186,0.015343,0.014782,0.014286,0.013578,0.015388,0.013833,0.014981,0.014424,0.013142,0.012233,0.011570,0.011427,0.010876,0.009049,0.023754,0.000100,0.013646,-0.001359,0.027505,-0.001380,0.014267,0.013699,-0.000447,0.016697,0.016953,0.013189,0.008226,0.005052,0.004572,0.023689,-0.003128,-0.003639,-0.000047,0.002565,0.021133,-0.005473,-0.004106,0.013142,0.022552,0.019960,0.020042,0.008999,0.023819,0.045487,0.014365,0.003821,-0.002999,-0.022578,-0.005263,-0.001103,-0.004225,-0.000689,0.013914,-0.001202,-0.017545,-0.000952,-0.000004,0.001631,0.001176,-0.000429,-0.001174,0.006544,0.009694,-0.022155,-0.004221,-0.005181,-0.005085,-0.004464,-0.004903,-0.005699,-0.005197,-0.003468,-0.003703,-0.005972,-0.007296,-0.008858,-0.011256,-0.011254,-0.010886,-0.012053,-0.014984,-0.016961,-0.018166,-0.019156,-0.021673,-0.022399,-0.021345,-0.020977,-0.019404,-0.016765,-0.014478,-0.015008,-0.009672,-0.001426,0.006666,0.012267,0.007616,0.009918,0.009642,0.011742,0.012879,0.011309,0.009730,0.008651,0.007284,0.004759,0.000853,0.001608,-0.001235,-0.003845,-0.005042,-0.005120,-0.009158,-0.009501,-0.010956,-0.012967,-0.014669,-0.014469,-0.014769,-0.015453,-0.015842,-0.015018,-0.014913,-0.013975,-0.015657,-0.013765,-0.012651,-0.011197,-0.008094,-0.004487,-0.004678,-0.009187,-0.011511,-0.010427,-0.012311,-0.015768,-0.015154,-0.013448,-0.012355,-0.010304,89.885982,89.872547,89.870239,89.877939,89.887869,89.912843,89.918057,89.929507,89.940262,89.931128,89.925288,89.919289,89.917854,89.917495,89.915735,89.913320,89.914128,89.917671,89.919815,89.921554,89.926313,89.942883,89.931701,89.928156,89.936269,89.945418,89.950657,89.951908,89.955298,89.962550,89.972711,89.976078,89.968826,89.956896,89.967382,89.935220,89.918619,89.907788,89.907988,89.918759,89.986392,90.254625,90.426399,90.509369,90.526124,90.504680,90.461827,90.402249,90.345451,90.291632,90.279087,90.279695,90.321305,90.369054,90.408933,90.428192,90.426899,90.411411,90.396324,90.365973,90.315028,90.269382,90.232365,90.216535,90.261025,90.284221,90.179510,89.998012,89.948227,89.930443,89.915885,89.899563,89.879242,89.851307,89.824577,89.806746,89.805432,89.820008,89.827870,89.840144,89.849957,89.851688,89.848921,89.876968,89.908813,89.920911,89.933060,89.938550,89.940476,89.943785,89.950218,89.962505,89.989683,89.978667,89.950616,89.940362,89.931887,89.923671,89.909612,89.927454,89.917277,89.899524,89.860891,89.853475,89.859908,89.857396,89.861213,89.867495,89.877499,89.881716,89.886039,89.895713,89.913386,89.926303,89.947807,89.947153,89.952929,89.959625,89.959042,89.957405,89.963919,89.977110,89.989736,90.000105,90.133785,90.062305,90.072034,90.011117,90.184391,90.126627,90.178407,90.168330,89.997424,89.949743,89.990236,89.999523,90.003404,90.001216,90.007461,90.159522,90.045066,90.014992,90.010339,90.017652,90.174694,90.139100,90.090390,90.120669,90.172977,90.154133,90.116110,89.988172,89.979066,90.139881,90.132783,90.122234,90.125820,90.002334,89.978036,90.003657,90.007336,90.021037,90.110595,90.123011,90.002567,89.977585,89.971647,89.969662,89.967251,89.971486,89.969730,90.030466,90.147058,90.011159,90.010454,90.005745,89.994208,89.987752,89.987290,89.991713,89.993310,89.988205,89.975054,89.964899,89.964005,89.962891,89.950601,89.933605,89.928649,89.941883,89.962522,89.975942,89.981110,89.982898,89.984123,89.983381,89.986539,89.986246,89.980316,89.964713,89.962325,89.974232,89.966295,89.923258,89.916012,89.945673,89.923721,89.919492,89.904023,89.903678,89.911506,89.916999,89.920908,89.924416,89.925054,89.924454,89.916553,89.923699,89.917535,89.902176,89.895600,89.904694,89.894562,89.897244,89.908982,89.926233,89.935722,89.942351,89.954388,89.961307,89.960406,89.958575,89.958973,89.975690,89.968650,89.962229,89.954194,89.946823,89.944947,89.951834,89.960440,89.947960,89.929341,89.926996,89.921018,89.898841,89.888783,89.894901,89.897605,89.893340,0.000666,0.000860,0.000933,0.000898,0.000834,0.000547,0.000541,0.000514,0.000500,0.000668,0.000707,0.000748,0.000771,0.000792,0.000798,0.000779,0.000761,0.000779,0.000804,0.000769,0.000710,0.000556,0.000764,0.000874,0.000902,0.000923,0.000918,0.000911,0.000928,0.000975,0.000975,0.000938,0.000941,0.000970,0.000814,0.001245,0.001282,0.001255,0.001219,0.001198,0.001203,0.001208,0.001201,0.001188,0.001150,0.001086,0.001011,0.000933,0.000875,0.000875,0.000852,0.000847,0.000880,0.000942,0.001021,0.001094,0.001142,0.001174,0.001215,0.001241,0.001252,0.001281,0.001307,0.001298,0.001216,0.001222,0.001185,0.001062,0.001054,0.001058,0.001127,0.001235,0.001270,0.001281,0.001276,0.001221,0.001084,0.000892,0.000899,0.000894,0.000878,0.000961,0.001169,0.001069,0.000954,0.001022,0.001024,0.001029,0.001021,0.000992,0.000964,0.000912,0.000631,0.000724,0.000944,0.000966,0.001015,0.001058,0.001119,0.000712,0.000677,0.000720,0.001052,0.001026,0.000842,0.000803,0.000749,0.000770,0.000762,0.000745,0.000737,0.000769,0.000738,0.000667,0.000391,0.000385,0.000365,0.000372,0.000414,0.000436,0.000427,0.000426,0.000409,0.000400,0.000466,0.000899,0.000601,0.000633,0.000665,0.000864,0.000849,0.000747,0.000711,0.000575,0.000615,0.000545,0.000550,0.000552,0.000549,0.000575,0.000472,0.000502,0.000602,0.000617,0.000599,0.000702,0.000834,0.000872,0.000788,0.000752,0.000673,0.000697,0.000734,0.000254,0.000302,0.000343,0.000305,0.000341,0.000358,0.000429,0.000380,0.000374,0.000404,0.000484,0.000426,0.000421,0.000444,0.000442,0.000432,0.000425,0.000423,0.000306,0.000297,0.000312,0.000312,0.000305,0.000375,0.000391,0.000430,0.000469,0.000500,0.000495,0.000488,0.000498,0.000505,0.000493,0.000474,0.000461,0.000472,0.000504,0.000520,0.000507,0.000486,0.000468,0.000448,0.000430,0.000427,0.000434,0.000436,0.000444,0.000463,0.000468,0.000504,0.000710,0.000713,0.000357,0.000432,0.000312,0.000459,0.000471,0.000417,0.000410,0.000427,0.000420,0.000394,0.000373,0.000551,0.000584,0.000685,0.000790,0.000763,0.000555,0.000621,0.000619,0.000626,0.000601,0.000630,0.000666,0.000642,0.000685,0.000741,0.000721,0.000695,0.000520,0.000664,0.000731,0.000742,0.000724,0.000693,0.000606,0.000446,0.000463,0.000560,0.000533,0.000559,0.000698,0.000709,0.000635,0.000612,0.000612
-0.006713,-0.006804,-0.003725,-0.000580,0.001803,0.006319,0.004373,0.003742,0.001592,-0.001974,-0.001559,-0.004053,-0.008132,-0.011513,-0.013340,-0.014865,-0.018084,-0.020439,-0.023840,-0.028028,-0.030080,-0.028680,-0.035094,-0.035020,-0.034793,-0.034798,-0.035125,-0.036109,-0.037625,-0.039145,-0.041331,-0.043372,-0.045522,-0.049158,-0.052606,-0.063006,-0.059701,-0.056862,-0.058436,-0.060273,-0.052625,0.006788,0.018013,0.024250,0.024218,0.021327,0.019463,0.017573,0.013879,0.015121,0.015918,0.016431,0.012691,0.003951,-0.005272,-0.013422,-0.019990,-0.023113,-0.025505,-0.025479,-0.023282,-0.023766,-0.016688,-0.006326,0.006277,0.003594,-0.002884,-0.002683,0.026602,0.032984,0.029733,0.028736,0.024364,0.020874,0.020051,0.021010,0.020469,0.019769,0.019366,0.022753,0.024747,0.025762,0.029283,0.034379,0.036155,0.035044,0.034798,0.035160,0.036252,0.036625,0.037311,0.038781,0.040447,0.036731,0.035363,0.035869,0.033253,0.029558,0.025890,0.026974,0.019811,0.017576,0.014223,0.016571,0.017704,0.016107,0.017399,0.017352,0.017472,0.016763,0.014927,0.014679,0.014353,0.012939,0.014616,0.014241,0.015982,0.014986,0.012427,0.011601,0.011075,0.011118,0.011715,0.011446,0.021983,-0.002023,0.013107,-0.001006,0.027236,-0.000936,0.012363,0.015287,-0.002277,0.013016,0.017926,0.014279,0.010980,0.006780,0.004747,0.021281,-0.003448,-0.002455,0.001587,0.002150,0.020354,-0.006146,-0.005235,0.010679,0.021948,0.022433,0.020211,0.010960,0.024765,0.042841,0.014146,0.003665,-0.001787,-0.021803,-0.005450,-0.002267,-0.002886,0.000175,0.013875,-0.001804,-0.018232,0.001749,0.000248,-0.001589,0.000316,-0.002008,-0.001624,0.007706,0.010574,-0.022126,-0.006056,-0.003816,-0.003575,-0.002430,-0.003393,-0.004652,-0.004035,-0.004113,-0.004298,-0.006492,-0.007932,-0.008919,-0.011494,-0.011250,-0.011320,-0.012800,-0.015075,-0.016904,-0.018395,-0.019626,-0.021368,-0.022616,-0.022146,-0.020875,-0.018946,-0.017160,-0.015843,-0.015207,-0.010039,-0.000160,0.008329,0.012427,0.007232,0.008075,0.008026,0.010087,0.013019,0.012963,0.009593,0.007602,0.006448,0.005984,0.001460,0.001172,-0.000497,-0.002210,-0.004081,-0.006151,-0.010675,-0.010475,-0.011600,-0.013609,-0.014943,-0.014441,-0.014940,-0.015184,-0.015081,-0.014784,-0.016002,-0.014419,-0.016518,-0.013678,-0.011726,-0.009973,-0.007757,-0.005367,-0.005974,-0.008681,-0.010868,-0.010579,-0.013814,-0.016872,-0.014828,-0.012550,-0.011611,-0.009347,89.891854,89.874920,89.869536,89.878342,89.884941,89.906283,89.906089,89.920927,89.937332,89.928441,89.921911,89.914866,89.915870,89.919240,89.919922,89.920741,89.923518,89.926294,89.923641,89.921179,89.924594,89.940815,89.926050,89.930445,89.943345,89.952314,89.957449,89.957182,89.958055,89.964634,89.973577,89.976277,89.966066,89.952571,89.960301,89.934517,89.917026,89.904426,89.901728,89.915132,89.954902,90.248183,90.417609,90.509917,90.526151,90.505414,90.467402,90.407242,90.329855,90.291899,90.279478,90.281991,90.322466,90.366360,90.404479,90.427192,90.427785,90.411920,90.399697,90.376145,90.337435,90.266373,90.229789,90.221867,90.263453,90.273811,90.179104,90.010673,89.957400,89.945837,89.915392,89.890189,89.862952,89.838567,89.823563,89.818312,89.819714,89.825361,89.820859,89.829746,89.848886,89.852537,89.852926,89.878345,89.918936,89.935106,89.937814,89.933637,89.934529,89.944249,89.955321,89.964702,89.985800,89.975380,89.947373,89.931459,89.919004,89.907032,89.894906,89.917727,89.912462,89.900541,89.864852,89.851233,89.852886,89.851021,89.858612,89.868763,89.875462,89.879072,89.885817,89.896473,89.912159,89.924214,89.947907,89.946706,89.948960,89.954585,89.953079,89.950288,89.957075,89.974802,89.999193,90.010516,90.123052,90.070146,90.067387,90.011529,90.178582,90.145639,90.162491,90.160295,90.007280,89.970871,89.980709,89.991141,90.000285,90.000771,89.998277,90.140948,90.037675,89.998090,89.993607,90.000259,90.165075,90.114078,90.078643,90.122312,90.172723,90.154378,90.120243,89.984127,89.983052,90.117434,90.132632,90.106259,90.143461,90.003732,89.968264,90.006251,90.008179,90.022551,90.110823,90.132393,90.014446,89.983289,89.982357,89.963685,89.974898,89.979350,89.961895,90.010178,90.127100,89.998030,89.989907,89.992215,89.985095,89.981688,89.982232,89.989712,89.996092,89.994943,89.985885,89.976243,89.966846,89.954233,89.943044,89.939314,89.946195,89.959322,89.971627,89.980315,89.988828,89.996181,89.998857,89.993501,89.988781,89.987636,89.993970,89.995060,89.981813,89.975097,89.959073,89.919170,89.904054,89.920687,89.911468,89.909228,89.900757,89.902465,89.911436,89.921939,89.931014,89.934521,89.931037,89.930929,89.917456,89.916514,89.911299,89.908310,89.913888,89.922589,89.903367,89.897962,89.908110,89.925566,89.933606,89.937864,89.947724,89.956256,89.959015,89.959013,89.956226,89.969053,89.960034,89.955495,89.951603,89.945450,89.941855,89.946133,89.952155,89.943733,89.925039,89.925624,89.924139,89.905427,89.894938,89.895299,89.895878,89.895647,0.000608,0.000815,0.000924,0.000888,0.000841,0.000545,0.000568,0.000511,0.000470,0.000661,0.000693,0.000721,0.000728,0.000749,0.000783,0.000791,0.000768,0.000747,0.000747,0.000744,0.000715,0.000542,0.000802,0.000889,0.000928,0.000967,0.000953,0.000940,0.000947,0.000937,0.000917,0.000887,0.000906,0.000925,0.000764,0.001074,0.001144,0.001204,0.001269,0.001316,0.001314,0.001253,0.001224,0.001187,0.001128,0.001057,0.000993,0.000930,0.000893,0.000894,0.000912,0.000898,0.000915,0.000970,0.001045,0.001108,0.001147,0.001185,0.001242,0.001259,0.001212,0.001215,0.001219,0.001214,0.001158,0.001161,0.001160,0.001064,0.000956,0.000987,0.001191,0.001229,0.001277,0.001304,0.001295,0.001225,0.001112,0.000955,0.000984,0.000976,0.000892,0.001002,0.001215,0.001210,0.001008,0.000986,0.000984,0.000984,0.000952,0.000919,0.000934,0.000950,0.000718,0.000787,0.001004,0.001019,0.000964,0.000963,0.001022,0.000649,0.000642,0.000672,0.000995,0.001024,0.000885,0.000872,0.000832,0.000827,0.000840,0.000807,0.000737,0.000711,0.000697,0.000676,0.000406,0.000422,0.000433,0.000430,0.000467,0.000476,0.000457,0.000448,0.000423,0.000419,0.000441,0.000801,0.000488,0.000560,0.000647,0.000825,0.000830,0.000679,0.000681,0.000582,0.000604,0.000556,0.000571,0.000550,0.000512,0.000683,0.000478,0.000398,0.000610,0.000613,0.000603,0.000775,0.000899,0.000942,0.000885,0.000809,0.000635,0.000691,0.000687,0.000370,0.000414,0.000405,0.000374,0.000338,0.000280,0.000529,0.000453,0.000477,0.000542,0.000489,0.000445,0.000468,0.000461,0.000435,0.000427,0.000439,0.000436,0.000355,0.000294,0.000303,0.000313,0.000330,0.000426,0.000454,0.000481,0.000482,0.000470,0.000471,0.000502,0.000530,0.000534,0.000535,0.000533,0.000509,0.000500,0.000512,0.000511,0.000485,0.000460,0.000460,0.000462,0.000469,0.000468,0.000442,0.000409,0.000409,0.000423,0.000416,0.000443,0.000625,0.000667,0.000356,0.000381,0.000383,0.000506,0.000518,0.000455,0.000422,0.000430,0.000427,0.000421,0.000388,0.000591,0.000619,0.000702,0.000800,0.000762,0.000545,0.000613,0.000640,0.000662,0.000649,0.000688,0.000716,0.000691,0.000715,0.000744,0.000694,0.000657,0.000462,0.000606,0.000695,0.000728,0.000718,0.000662,0.000548,0.000413,0.000419,0.000562,0.000549,0.000575,0.000713,0.000710,0.000633,0.000607,0.000586
-0.008001,-0.007673,-0.004639,-0.001150,0.001865,0.007202,0.005326,0.004194,0.000393,-0.003775,-0.003165,-0.004325,-0.007007,-0.011472,-0.015067,-0.017695,-0.019406,-0.021750,-0.025567,-0.028988,-0.030933,-0.030402,-0.035453,-0.033880,-0.034696,-0.035953,-0.036239,-0.035936,-0.036436,-0.038054,-0.041146,-0.043856,-0.046539,-0.049447,-0.051417,-0.061554,-0.060400,-0.058781,-0.059556,-0.058329,-0.049531,0.006727,0.020199,0.023973,0.025027,0.023115,0.020780,0.017150,0.012408,0.013206,0.014765,0.014684,0.012168,0.003707,-0.005497,-0.011905,-0.019676,-0.025314,-0.026049,-0.024456,-0.024624,-0.021831,-0.018856,-0.006836,0.006629,0.001074,-0.006190,-0.002538,0.026163,0.034168,0.030983,0.028960,0.025771,0.022766,0.021099,0.021076,0.020069,0.019071,0.018515,0.022464,0.024498,0.026543,0.029604,0.036381,0.038010,0.035782,0.034823,0.034388,0.034917,0.036743,0.036994,0.037259,0.040332,0.037145,0.034835,0.035624,0.034493,0.032026,0.027868,0.028216,0.021034,0.019226,0.015650,0.019066,0.020133,0.017785,0.018576,0.017354,0.015961,0.015315,0.015050,0.015334,0.014897,0.013856,0.015820,0.015236,0.015274,0.013975,0.012814,0.012382,0.011410,0.010672,0.011078,0.009978,0.023766,-0.002403,0.012788,-0.000557,0.029552,-0.001254,0.012729,0.014837,-0.000964,0.016576,0.016164,0.013997,0.010605,0.007083,0.004967,0.021869,-0.002533,-0.001764,0.000914,0.003513,0.021206,-0.003602,-0.005695,0.013773,0.021434,0.021044,0.020418,0.011346,0.024821,0.044669,0.015082,0.004882,-0.003243,-0.021843,-0.005165,-0.003481,-0.001441,0.000489,0.014117,-0.002240,-0.017901,-0.001050,-0.000751,-0.000477,-0.001395,-0.000976,-0.003774,0.005068,0.006966,-0.022373,-0.004521,-0.003421,-0.004186,-0.003750,-0.004690,-0.004311,-0.004390,-0.004461,-0.005114,-0.006560,-0.007480,-0.008803,-0.010303,-0.010391,-0.011305,-0.012954,-0.013870,-0.015308,-0.017106,-0.018378,-0.020765,-0.020559,-0.022166,-0.020790,-0.019605,-0.017569,-0.017036,-0.015248,-0.009860,-0.001980,0.003818,0.010703,0.008432,0.009479,0.009722,0.010839,0.012398,0.012086,0.009870,0.007770,0.006345,0.004806,0.001098,0.002148,0.000308,-0.002323,-0.003753,-0.005296,-0.011339,-0.012440,-0.012050,-0.012432,-0.014389,-0.013888,-0.013437,-0.013929,-0.014925,-0.015164,-0.015297,-0.013106,-0.014800,-0.013397,-0.011633,-0.009787,-0.007578,-0.005629,-0.005798,-0.008849,-0.010179,-0.009979,-0.012620,-0.015820,-0.015480,-0.014004,-0.012607,-0.010268,89.892405,89.882148,89.875988,89.877468,89.879941,89.903331,89.908635,89.922108,89.933133,89.922413,89.922665,89.924152,89.925179,89.925029,89.924018,89.921603,89.920903,89.922564,89.923218,89.925126,89.930739,89.945258,89.924955,89.928829,89.942560,89.952971,89.954301,89.952095,89.959098,89.974308,89.983527,89.978130,89.961926,89.949684,89.959626,89.935423,89.918411,89.905611,89.901151,89.901623,89.958985,90.249450,90.438951,90.513434,90.524665,90.507971,90.474785,90.411591,90.333977,90.295591,90.269256,90.267847,90.322442,90.365613,90.398611,90.433548,90.439862,90.412372,90.398406,90.375722,90.321864,90.272858,90.221866,90.194983,90.261841,90.291556,90.202146,90.015941,89.950411,89.932945,89.913156,89.894241,89.873669,89.846188,89.819673,89.807091,89.812589,89.826702,89.829382,89.840859,89.858156,89.868263,89.866608,89.886397,89.916699,89.932887,89.944742,89.942974,89.935382,89.938952,89.948884,89.960786,89.987826,89.980481,89.956726,89.950389,89.940201,89.928168,89.912977,89.924211,89.909803,89.897070,89.861374,89.852695,89.860320,89.858515,89.868112,89.877438,89.879871,89.881295,89.887778,89.897313,89.908518,89.919705,89.944059,89.944973,89.948385,89.957261,89.961637,89.961217,89.967901,89.984243,90.008231,90.011367,90.126666,90.050357,90.065130,90.006531,90.192341,90.129703,90.170463,90.153320,90.013181,89.971699,89.981825,89.996492,90.006266,89.999092,89.983402,90.153428,90.036428,90.019144,90.005905,90.005472,90.176066,90.125452,90.075985,90.119813,90.163055,90.150546,90.107489,89.991827,89.995531,90.145560,90.123248,90.121116,90.158084,90.003677,89.959327,89.994520,89.995196,90.015345,90.114592,90.121129,90.008609,89.987874,89.973537,89.975726,89.979293,89.985481,89.973740,90.028315,90.142369,90.020289,90.016265,90.013366,90.000597,89.995933,89.996952,90.001306,89.997011,89.986459,89.977011,89.975284,89.976306,89.968928,89.953841,89.943208,89.946387,89.959819,89.972811,89.982439,89.990486,89.995228,89.994315,89.993257,89.993208,89.993855,89.990105,89.985559,89.977430,89.970343,89.946777,89.920171,89.918384,89.939515,89.923412,89.917177,89.907070,89.908632,89.912680,89.913733,89.921597,89.935941,89.943262,89.940776,89.921101,89.917501,89.912545,89.905405,89.902550,89.904451,89.890508,89.898730,89.920787,89.938960,89.935887,89.927696,89.933910,89.948531,89.960444,89.964676,89.959802,89.967188,89.955106,89.948263,89.941328,89.935338,89.935790,89.946077,89.958228,89.946172,89.924791,89.922833,89.919692,89.901853,89.892755,89.897343,89.900649,89.898376,0.000639,0.000813,0.000924,0.000881,0.000793,0.000466,0.000483,0.000461,0.000470,0.000690,0.000713,0.000698,0.000693,0.000706,0.000725,0.000741,0.000748,0.000758,0.000767,0.000754,0.000711,0.000529,0.000791,0.000827,0.000840,0.000867,0.000898,0.000919,0.000905,0.000863,0.000839,0.000830,0.000849,0.000862,0.000740,0.001100,0.001182,0.001208,0.001225,0.001217,0.001180,0.001148,0.001113,0.001062,0.001013,0.000986,0.000955,0.000888,0.000848,0.000843,0.000840,0.000843,0.000869,0.000932,0.001026,0.001104,0.001127,0.001124,0.001154,0.001170,0.001170,0.001163,0.001189,0.001198,0.001181,0.001227,0.001210,0.001059,0.000987,0.000990,0.001100,0.001184,0.001216,0.001224,0.001224,0.001177,0.001071,0.000937,0.000981,0.000977,0.000931,0.000957,0.001122,0.001052,0.000908,0.000961,0.000974,0.000976,0.000955,0.000901,0.000895,0.000908,0.000674,0.000792,0.001043,0.000988,0.000955,0.000964,0.001005,0.000689,0.000725,0.000713,0.001008,0.000991,0.000831,0.000860,0.000789,0.000711,0.000682,0.000653,0.000624,0.000644,0.000666,0.000648,0.000396,0.000389,0.000384,0.000386,0.000418,0.000437,0.000419,0.000408,0.000384,0.000379,0.000414,0.000736,0.000486,0.000503,0.000592,0.000680,0.000745,0.000582,0.000651,0.000556,0.000522,0.000443,0.000445,0.000450,0.000457,0.000525,0.000280,0.000398,0.000543,0.000554,0.000606,0.000663,0.000824,0.000820,0.000743,0.000673,0.000568,0.000621,0.000598,0.000364,0.000341,0.000390,0.000337,0.000372,0.000348,0.000389,0.000308,0.000456,0.000383,0.000447,0.000394,0.000383,0.000385,0.000379,0.000379,0.000410,0.000422,0.000361,0.000275,0.000264,0.000247,0.000252,0.000350,0.000399,0.000444,0.000458,0.000469,0.000475,0.000478,0.000476,0.000470,0.000478,0.000482,0.000467,0.000451,0.000447,0.000460,0.000464,0.000444,0.000419,0.000399,0.000398,0.000409,0.000418,0.000403,0.000381,0.000380,0.000369,0.000359,0.000579,0.000635,0.000329,0.000322,0.000321,0.000406,0.000399,0.000356,0.000370,0.000401,0.000382,0.000349,0.000340,0.000565,0.000627,0.000700,0.000767,0.000712,0.000512,0.000586,0.000594,0.000594,0.000576,0.000634,0.000679,0.000640,0.000638,0.000659,0.000633,0.000636,0.000489,0.000606,0.000638,0.000648,0.000643,0.000609,0.000529,0.000379,0.000401,0.000517,0.000502,0.000528,0.000663,0.000700,0.000650,0.000612,0.000589
-0.007296,-0.007121,-0.002715,0.000862,0.002516,0.006443,0.004153,0.004595,0.002214,-0.001503,-0.001312,-0.003414,-0.007923,-0.012103,-0.014810,-0.016554,-0.018335,-0.021595,-0.025085,-0.028670,-0.031372,-0.031641,-0.035597,-0.035380,-0.036350,-0.036414,-0.035335,-0.034535,-0.035556,-0.038424,-0.042057,-0.045400,-0.048905,-0.051488,-0.052074,-0.061492,-0.059440,-0.058401,-0.058809,-0.058652,-0.050527,0.006559,0.020727,0.024120,0.023390,0.022091,0.019554,0.015431,0.012327,0.012852,0.016013,0.016181,0.012080,0.003575,-0.004303,-0.011913,-0.018908,-0.022943,-0.024056,-0.023959,-0.024119,-0.021727,-0.017244,-0.005004,0.006542,0.001575,-0.005422,-0.002115,0.027339,0.034301,0.031699,0.029103,0.023787,0.020833,0.021009,0.021165,0.019579,0.019769,0.018848,0.021629,0.025238,0.026954,0.030334,0.034997,0.036770,0.035185,0.034712,0.035276,0.035941,0.036621,0.037154,0.038267,0.039819,0.036370,0.036129,0.036774,0.033994,0.029182,0.024486,0.026160,0.020654,0.018805,0.014271,0.016637,0.018252,0.016930,0.017592,0.017362,0.017100,0.016393,0.015680,0.014604,0.013176,0.011515,0.014874,0.014987,0.014953,0.013302,0.011683,0.011527,0.012352,0.012640,0.011476,0.009065,0.022219,-0.001442,0.013511,-0.001343,0.027138,-0.001962,0.012552,0.013166,-0.002263,0.017035,0.018174,0.015124,0.011041,0.006702,0.005536,0.023187,-0.002172,-0.002397,0.001505,0.002242,0.021553,-0.005242,-0.005088,0.012936,0.021215,0.022353,0.019661,0.009103,0.025141,0.044727,0.012331,0.003405,-0.002827,-0.020831,-0.004547,-0.001036,-0.001378,0.001048,0.014912,-0.002101,-0.018021,-0.000287,0.001222,-0.000297,0.001434,-0.000840,-0.001506,0.005562,0.011196,-0.020859,-0.005233,-0.005514,-0.004587,-0.003209,-0.004293,-0.003965,-0.004349,-0.004210,-0.004000,-0.005232,-0.006217,-0.008595,-0.011258,-0.010697,-0.010432,-0.012417,-0.014944,-0.016358,-0.017222,-0.019963,-0.021676,-0.022932,-0.021357,-0.020481,-0.019727,-0.018181,-0.016104,-0.014148,-0.009645,-0.001813,0.005584,0.013060,0.008538,0.008797,0.007710,0.010854,0.013102,0.012444,0.010358,0.008587,0.007393,0.005287,0.000849,0.001700,0.000188,-0.002301,-0.004092,-0.004709,-0.009240,-0.010149,-0.011473,-0.012269,-0.013001,-0.012371,-0.012794,-0.014247,-0.014778,-0.014365,-0.014751,-0.014132,-0.016614,-0.014419,-0.012104,-0.010098,-0.007385,-0.004601,-0.005123,-0.009209,-0.011316,-0.011212,-0.014461,-0.016340,-0.014199,-0.012822,-0.012969,-0.010583,89.888301,89.870667,89.864866,89.872028,89.880320,89.905456,89.909964,89.927768,89.946512,89.938182,89.927628,89.919941,89.919547,89.919483,89.915364,89.909553,89.910193,89.916256,89.925883,89.933744,89.938713,89.943526,89.926051,89.930277,89.943451,89.957456,89.964435,89.959474,89.951803,89.953153,89.964585,89.973565,89.968627,89.959125,89.966635,89.936522,89.920772,89.910956,89.909639,89.920005,89.949639,90.252409,90.435716,90.524183,90.532318,90.507503,90.470432,90.417984,90.337808,90.278065,90.264847,90.272144,90.316102,90.369801,90.414650,90.435291,90.428911,90.407212,90.392081,90.367493,90.331978,90.286839,90.230295,90.216896,90.267594,90.282739,90.195807,90.010864,89.954787,89.935448,89.913794,89.896835,89.871400,89.838727,89.813773,89.803937,89.806439,89.823152,89.822350,89.825749,89.843200,89.854377,89.863095,89.887396,89.918859,89.936102,89.945268,89.941261,89.935907,89.941624,89.952656,89.960396,89.977774,89.967862,89.953381,89.953108,89.944447,89.925524,89.905626,89.917847,89.907849,89.892663,89.852369,89.840414,89.846347,89.847900,89.855849,89.863197,89.870196,89.875221,89.886419,89.899520,89.916625,89.927748,89.946781,89.939131,89.935328,89.941768,89.949717,89.952924,89.956506,89.965892,89.982083,89.998960,90.128415,90.059258,90.078479,90.012869,90.186636,90.150876,90.178991,90.160176,90.007504,89.978681,89.991677,89.999575,90.002266,90.000437,89.997856,90.153995,90.030227,89.996085,90.005992,90.008644,90.170350,90.116650,90.078232,90.116338,90.154010,90.150314,90.110817,89.995316,89.995543,90.134891,90.111428,90.111893,90.131303,90.001259,89.983151,89.983523,90.027348,90.015786,90.116843,90.129124,89.991219,89.980964,89.985058,89.973230,89.979525,89.981213,89.978503,90.030123,90.135825,90.005831,89.999918,89.996402,89.989142,89.984570,89.981198,89.985719,89.991264,89.990064,89.980854,89.971652,89.966224,89.959537,89.951244,89.944408,89.946124,89.956225,89.966239,89.973044,89.982051,89.990726,89.992757,89.988647,89.985249,89.980179,89.976314,89.974018,89.978885,89.990421,89.985836,89.931547,89.905128,89.937337,89.930949,89.921284,89.903452,89.910586,89.922685,89.926950,89.928039,89.931184,89.931597,89.929950,89.916933,89.916439,89.909961,89.902952,89.907013,89.920630,89.906540,89.900704,89.908504,89.925798,89.935899,89.942029,89.951568,89.956083,89.954446,89.954492,89.957038,89.977316,89.974281,89.965609,89.952752,89.940935,89.940135,89.947512,89.954930,89.945311,89.929179,89.933710,89.929748,89.907207,89.898626,89.906670,89.908422,89.900078,0.000619,0.000801,0.000906,0.000896,0.000843,0.000523,0.000551,0.000527,0.000506,0.000666,0.000693,0.000702,0.000723,0.000761,0.000796,0.000810,0.000788,0.000742,0.000680,0.000622,0.000578,0.000525,0.000789,0.000849,0.000882,0.000911,0.000921,0.000930,0.000934,0.000944,0.000948,0.000921,0.000910,0.000879,0.000697,0.001049,0.001144,0.001196,0.001215,0.001205,0.001198,0.001203,0.001189,0.001155,0.001093,0.001023,0.000952,0.000888,0.000837,0.000856,0.000888,0.000897,0.000910,0.000951,0.001008,0.001070,0.001120,0.001143,0.001154,0.001149,0.001157,0.001184,0.001236,0.001216,0.001148,0.001177,0.001201,0.001138,0.001017,0.001048,0.001173,0.001212,0.001200,0.001179,0.001171,0.001157,0.001124,0.000956,0.001027,0.001061,0.000977,0.001022,0.001123,0.001051,0.000933,0.000979,0.000989,0.000990,0.000972,0.000921,0.000905,0.000914,0.000677,0.000719,0.000878,0.000905,0.000937,0.000976,0.001008,0.000686,0.000678,0.000685,0.001003,0.001010,0.000866,0.000839,0.000767,0.000728,0.000700,0.000680,0.000640,0.000699,0.000730,0.000708,0.000423,0.000415,0.000423,0.000412,0.000417,0.000426,0.000418,0.000418,0.000405,0.000406,0.000489,0.000732,0.000560,0.000523,0.000665,0.000922,0.000889,0.000710,0.000722,0.000662,0.000662,0.000576,0.000578,0.000547,0.000507,0.000615,0.000475,0.000391,0.000598,0.000601,0.000633,0.000757,0.000899,0.000925,0.000867,0.000737,0.000640,0.000626,0.000588,0.000430,0.000333,0.000388,0.000404,0.000450,0.000405,0.000359,0.000357,0.000379,0.000483,0.000467,0.000507,0.000476,0.000477,0.000445,0.000429,0.000433,0.000420,0.000574,0.000269,0.000288,0.000299,0.000313,0.000383,0.000387,0.000425,0.000457,0.000502,0.000541,0.000550,0.000527,0.000496,0.000488,0.000494,0.000500,0.000507,0.000491,0.000467,0.000457,0.000450,0.000444,0.000423,0.000391,0.000386,0.000405,0.000415,0.000406,0.000394,0.000387,0.000379,0.000614,0.000731,0.000314,0.000314,0.000320,0.000518,0.000523,0.000439,0.000402,0.000414,0.000398,0.000364,0.000348,0.000525,0.000577,0.000680,0.000773,0.000740,0.000546,0.000654,0.000692,0.000690,0.000636,0.000645,0.000666,0.000640,0.000672,0.000714,0.000686,0.000675,0.000497,0.000615,0.000703,0.000745,0.000759,0.000714,0.000616,0.000450,0.000425,0.000548,0.000499,0.000496,0.000629,0.000673,0.000632,0.000619,0.000606
-0.007978,-0.008027,-0.004230,-0.000679,0.001390,0.005813,0.004103,0.004459,0.001446,-0.002988,-0.002216,-0.003298,-0.006593,-0.010707,-0.014114,-0.016302,-0.018071,-0.021236,-0.025432,-0.029100,-0.030474,-0.030461,-0.035842,-0.036052,-0.035877,-0.035391,-0.035289,-0.035958,-0.036765,-0.038204,-0.041535,-0.044052,-0.046225,-0.050133,-0.053031,-0.062702,-0.060190,-0.057669,-0.058202,-0.057383,-0.051960,0.006600,0.018347,0.022015,0.023241,0.022636,0.020002,0.016095,0.012561,0.014056,0.015850,0.015832,0.012170,0.003944,-0.006578,-0.014950,-0.019902,-0.021875,-0.023892,-0.024149,-0.023184,-0.020892,-0.016532,-0.006056,0.006496,0.003144,-0.003256,0.001219,0.027959,0.034127,0.032371,0.029528,0.025535,0.021887,0.020302,0.020305,0.019929,0.019914,0.018975,0.022488,0.024656,0.026125,0.029328,0.034411,0.037366,0.035787,0.034965,0.034559,0.035134,0.036589,0.037600,0.038928,0.041155,0.036695,0.034286,0.035566,0.033451,0.029647,0.024862,0.026957,0.021602,0.019936,0.015751,0.017546,0.018604,0.016570,0.017371,0.017526,0.017715,0.017079,0.015356,0.014960,0.015051,0.012950,0.014966,0.014913,0.014870,0.014803,0.013686,0.012217,0.010432,0.010358,0.010032,0.009687,0.021773,-0.000624,0.014030,-0.001658,0.028234,-0.002361,0.015189,0.014439,-0.002002,0.015255,0.016956,0.012787,0.010672,0.005424,0.004463,0.025593,-0.004619,-0.001299,0.001148,0.001662,0.021501,-0.005922,-0.004935,0.013124,0.023042,0.021245,0.020030,0.009309,0.025224,0.044820,0.015644,0.004691,-0.003394,-0.022676,-0.003403,-0.003613,-0.002667,0.001466,0.014908,-0.001745,-0.018075,-0.003001,-0.000385,-0.001961,-0.001006,-0.002440,-0.003547,0.006491,0.008511,-0.019867,-0.004294,-0.003673,-0.006092,-0.005132,-0.004467,-0.003552,-0.004674,-0.004557,-0.004565,-0.005612,-0.006459,-0.007778,-0.010523,-0.011584,-0.011620,-0.012757,-0.014310,-0.015641,-0.016350,-0.017853,-0.021506,-0.022326,-0.022117,-0.020503,-0.018416,-0.014746,-0.014534,-0.015211,-0.007965,-0.001992,0.006391,0.010762,0.008862,0.009593,0.007706,0.011399,0.013020,0.011189,0.008513,0.007299,0.005953,0.004534,0.001429,0.001104,-0.001841,-0.003334,-0.003525,-0.004357,-0.008922,-0.009479,-0.011536,-0.013425,-0.013741,-0.012366,-0.012180,-0.013582,-0.014283,-0.014288,-0.015860,-0.015229,-0.015601,-0.012450,-0.011444,-0.010263,-0.007135,-0.003432,-0.003760,-0.008854,-0.011798,-0.010810,-0.013708,-0.016462,-0.013901,-0.012476,-0.012381,-0.010495,89.886197,89.874193,89.871838,89.877712,89.886240,89.911117,89.907325,89.919200,89.940631,89.940448,89.936219,89.922983,89.916603,89.920049,89.923975,89.920420,89.915777,89.916276,89.922960,89.928643,89.934525,89.947072,89.936420,89.933825,89.935969,89.938370,89.943639,89.950565,89.959579,89.969332,89.972798,89.969711,89.967260,89.964253,89.972428,89.940261,89.918896,89.906704,89.905084,89.908037,89.948399,90.239081,90.430607,90.520196,90.526713,90.506068,90.480897,90.427833,90.337352,90.287152,90.279824,90.287276,90.327821,90.370853,90.404477,90.419619,90.419455,90.416046,90.414322,90.381847,90.327321,90.279241,90.231746,90.215784,90.253923,90.269017,90.193636,90.002018,89.955206,89.930589,89.915333,89.901195,89.877822,89.847691,89.827512,89.822063,89.822135,89.825335,89.817536,89.827979,89.849311,89.859724,89.863025,89.883757,89.921581,89.935175,89.935474,89.929867,89.930735,89.941750,89.952791,89.958520,89.978482,89.973027,89.950673,89.941521,89.928635,89.917135,89.902599,89.922442,89.913141,89.900063,89.865387,89.853470,89.860030,89.859432,89.862779,89.865176,89.874189,89.886044,89.891507,89.890688,89.898318,89.907999,89.935436,89.944230,89.951659,89.962524,89.968117,89.965193,89.960454,89.964837,89.977960,89.997285,90.126613,90.057860,90.067062,90.004360,90.185269,90.127435,90.168111,90.159497,89.999581,89.953054,89.981472,89.991096,90.004775,90.005736,90.003384,90.154825,90.029692,90.024153,90.019752,90.011735,90.173593,90.117756,90.079793,90.120680,90.166723,90.146245,90.098229,89.994895,89.998030,90.145666,90.133060,90.126473,90.138335,89.991375,89.994040,89.991906,90.019294,90.014286,90.106951,90.133485,89.996545,89.994537,89.998119,89.968939,89.952448,89.970699,89.967335,90.031703,90.144540,90.018260,90.008729,90.002856,89.989128,89.985421,89.986443,89.990590,89.991484,89.989147,89.981201,89.970853,89.963678,89.959750,89.953385,89.943926,89.943736,89.956787,89.974436,89.987249,89.996106,90.001420,89.999690,89.994249,89.990526,89.989574,89.983540,89.978502,89.982001,89.977160,89.963525,89.913446,89.910039,89.934366,89.930774,89.927908,89.911356,89.915044,89.921916,89.924669,89.928570,89.932629,89.929774,89.928136,89.920746,89.924187,89.915982,89.904409,89.900500,89.904144,89.891652,89.898395,89.917392,89.932577,89.933477,89.933244,89.945353,89.959265,89.964174,89.963257,89.959726,89.969332,89.958348,89.952589,89.948850,89.941828,89.940450,89.946041,89.953347,89.941714,89.923517,89.923864,89.919994,89.899702,89.890149,89.893535,89.895342,89.891168,0.000684,0.000866,0.000963,0.000945,0.000857,0.000486,0.000503,0.000465,0.000432,0.000619,0.000623,0.000634,0.000660,0.000694,0.000739,0.000782,0.000789,0.000760,0.000720,0.000684,0.000646,0.000550,0.000761,0.000854,0.000899,0.000935,0.000938,0.000943,0.000955,0.000949,0.000953,0.000949,0.000932,0.000927,0.000768,0.001079,0.001159,0.001235,0.001267,0.001281,0.001272,0.001280,0.001293,0.001241,0.001138,0.001061,0.001022,0.000976,0.000914,0.000879,0.000866,0.000860,0.000896,0.000952,0.001015,0.001059,0.001099,0.001165,0.001250,0.001273,0.001246,0.001224,0.001240,0.001244,0.001183,0.001193,0.001176,0.001030,0.000932,0.001050,0.001148,0.001211,0.001221,0.001221,0.001247,0.001250,0.001183,0.001003,0.001023,0.000972,0.000889,0.000959,0.001160,0.001203,0.001010,0.000984,0.000955,0.000951,0.000932,0.000908,0.000918,0.000930,0.000659,0.000678,0.000916,0.000945,0.000944,0.000918,0.000996,0.000661,0.000688,0.000715,0.001029,0.001065,0.000896,0.000845,0.000763,0.000745,0.000738,0.000696,0.000666,0.000706,0.000690,0.000676,0.000425,0.000389,0.000394,0.000399,0.000422,0.000438,0.000450,0.000455,0.000422,0.000406,0.000458,0.000765,0.000534,0.000572,0.000633,0.000947,0.000816,0.000614,0.000672,0.000650,0.000619,0.000558,0.000536,0.000528,0.000511,0.000572,0.000351,0.000495,0.000618,0.000654,0.000726,0.000710,0.000860,0.000907,0.000843,0.000790,0.000567,0.000674,0.000622,0.000410,0.000361,0.000378,0.000378,0.000368,0.000362,0.000394,0.000449,0.000510,0.000492,0.000461,0.000428,0.000419,0.000424,0.000416,0.000416,0.000430,0.000430,0.000356,0.000281,0.000276,0.000273,0.000286,0.000396,0.000447,0.000482,0.000485,0.000506,0.000528,0.000553,0.000573,0.000562,0.000526,0.000489,0.000468,0.000466,0.000463,0.000445,0.000410,0.000378,0.000377,0.000412,0.000433,0.000431,0.000420,0.000415,0.000420,0.000421,0.000395,0.000345,0.000562,0.000553,0.000313,0.000337,0.000301,0.000462,0.000446,0.000362,0.000332,0.000365,0.000385,0.000388,0.000372,0.000547,0.000559,0.000636,0.000733,0.000722,0.000551,0.000618,0.000633,0.000655,0.000642,0.000654,0.000646,0.000585,0.000591,0.000657,0.000675,0.000666,0.000482,0.000581,0.000633,0.000671,0.000717,0.000689,0.000580,0.000403,0.000407,0.000529,0.000532,0.000576,0.000716,0.000723,0.000682,0.000674,0.000665
-0.007225,-0.007723,-0.003342,0.000203,0.002098,0.005264,0.002206,0.001973,0.001442,-0.000867,-0.000896,-0.003950,-0.007401,-0.011014,-0.014820,-0.017396,-0.019244,-0.021347,-0.025133,-0.028792,-0.030488,-0.029559,-0.033180,-0.034651,-0.035181,-0.034857,-0.034074,-0.034699,-0.036823,-0.039211,-0.042047,-0.043895,-0.046573,-0.050394,-0.052684,-0.061843,-0.059412,-0.057114,-0.058319,-0.059056,-0.050379,0.007006,0.020143,0.022696,0.023827,0.022244,0.019182,0.016540,0.014177,0.014122,0.016276,0.016130,0.011133,0.003575,-0.006014,-0.013878,-0.019015,-0.022460,-0.024064,-0.024057,-0.023765,-0.021601,-0.015933,-0.005993,0.006589,0.001338,-0.005868,-0.000107,0.025915,0.034671,0.030592,0.029221,0.024783,0.022145,0.021208,0.021669,0.021268,0.020134,0.019261,0.023156,0.025460,0.026495,0.029643,0.034711,0.036284,0.036454,0.036348,0.035506,0.035537,0.035713,0.036403,0.038087,0.041202,0.037416,0.034957,0.035136,0.032857,0.030374,0.025816,0.026591,0.020228,0.017608,0.014247,0.018214,0.018171,0.015678,0.015620,0.015597,0.016019,0.016007,0.014424,0.013540,0.013653,0.012711,0.015243,0.015102,0.016025,0.015703,0.013443,0.011588,0.010945,0.010476,0.011194,0.010068,0.021665,-0.001886,0.013630,-0.001424,0.025457,-0.001167,0.010509,0.013775,-0.001735,0.013960,0.015624,0.015317,0.011210,0.005969,0.005538,0.023429,-0.003423,-0.003312,0.002157,0.002577,0.019911,-0.006175,-0.005949,0.012173,0.021635,0.019546,0.022955,0.008248,0.025307,0.045045,0.014790,0.003958,-0.003296,-0.022951,-0.005001,-0.002984,-0.001961,0.000449,0.015422,-0.001796,-0.015440,-0.001659,0.001251,-0.000550,-0.000224,-0.000554,-0.000906,0.006634,0.009686,-0.021590,-0.005153,-0.003068,-0.005970,-0.003818,-0.002797,-0.004159,-0.004611,-0.004624,-0.004612,-0.005556,-0.007260,-0.009553,-0.011490,-0.011432,-0.011825,-0.013940,-0.016203,-0.017087,-0.016989,-0.018988,-0.021244,-0.023038,-0.022228,-0.020179,-0.018545,-0.015573,-0.014355,-0.013395,-0.009025,-0.002635,0.004096,0.010046,0.009972,0.009217,0.009554,0.011224,0.013515,0.012246,0.009189,0.007389,0.006402,0.004468,0.000970,0.002319,0.000982,-0.002122,-0.004906,-0.006688,-0.010726,-0.011060,-0.012050,-0.013961,-0.014959,-0.014250,-0.013903,-0.014336,-0.015009,-0.015314,-0.015568,-0.013471,-0.015246,-0.013230,-0.011485,-0.009756,-0.007652,-0.004588,-0.004698,-0.007988,-0.010973,-0.011036,-0.013862,-0.017120,-0.016176,-0.014669,-0.012509,-0.009279,89.892318,89.877847,89.869585,89.871834,89.879755,89.907096,89.912033,89.923785,89.937444,89.930024,89.929853,89.926271,89.924592,89.923458,89.920178,89.917941,89.921848,89.927167,89.926010,89.926172,89.933776,89.945919,89.931512,89.925920,89.932034,89.937436,89.941230,89.943966,89.949561,89.956726,89.963296,89.963851,89.955055,89.945371,89.956406,89.938678,89.922685,89.903826,89.898438,89.903597,89.945914,90.248132,90.437017,90.507089,90.516500,90.510328,90.479694,90.413859,90.330814,90.279800,90.257397,90.277191,90.318915,90.363527,90.400838,90.429521,90.442809,90.429467,90.403438,90.375670,90.334995,90.276369,90.222528,90.208109,90.254131,90.275921,90.172219,89.997981,89.936044,89.925704,89.906094,89.893470,89.871362,89.846453,89.828347,89.819809,89.819666,89.828176,89.828889,89.837543,89.849810,89.848310,89.851319,89.888050,89.928919,89.942906,89.940371,89.933071,89.934987,89.944485,89.952347,89.956921,89.978416,89.970833,89.950621,89.943458,89.926749,89.914358,89.902976,89.921994,89.912073,89.889959,89.849326,89.846480,89.855072,89.855732,89.863419,89.876549,89.886623,89.891498,89.896915,89.906270,89.919975,89.926541,89.944383,89.944201,89.949067,89.958388,89.962843,89.958969,89.958819,89.967507,89.986081,89.997117,90.117013,90.050225,90.082806,90.006620,90.178098,90.148897,90.159894,90.145965,89.993885,89.982743,89.985944,89.994145,90.004447,90.006409,90.014545,90.156683,90.042725,90.011910,90.011463,90.014106,90.178301,90.121542,90.069325,90.110880,90.171802,90.148186,90.120909,89.985846,89.984789,90.143435,90.146336,90.116649,90.142843,90.000496,89.968008,89.986553,89.993986,90.007877,90.106559,90.121119,90.011968,89.981994,89.991432,89.976565,89.967902,89.979392,89.970286,90.019688,90.143313,90.011819,90.004627,90.005810,89.993069,89.991775,89.991385,89.992113,89.989747,89.986194,89.979899,89.973377,89.968334,89.960731,89.949935,89.941349,89.944361,89.958006,89.972103,89.980484,89.984988,89.988187,89.988258,89.985381,89.986639,89.988214,89.985678,89.981057,89.977383,89.973346,89.960471,89.913361,89.900438,89.926797,89.932810,89.925293,89.905217,89.904236,89.916966,89.925180,89.930609,89.932342,89.924965,89.918634,89.907721,89.911671,89.908828,89.905063,89.910111,89.916515,89.899540,89.896267,89.909572,89.927302,89.935000,89.940476,89.952503,89.961104,89.961353,89.957387,89.952630,89.964652,89.958794,89.959028,89.957028,89.947296,89.941654,89.948826,89.958880,89.951419,89.933080,89.931886,89.926612,89.906675,89.898239,89.898263,89.895267,89.893671,0.000626,0.000819,0.000923,0.000920,0.000852,0.000516,0.000530,0.000516,0.000490,0.000671,0.000681,0.000695,0.000717,0.000750,0.000793,0.000827,0.000831,0.000810,0.000775,0.000714,0.000644,0.000546,0.000753,0.000877,0.000917,0.000946,0.000928,0.000904,0.000905,0.000943,0.000982,0.000971,0.000937,0.000888,0.000726,0.001055,0.001152,0.001208,0.001247,0.001293,0.001290,0.001270,0.001248,0.001211,0.001159,0.001110,0.001042,0.000953,0.000880,0.000860,0.000878,0.000893,0.000910,0.000941,0.001004,0.001074,0.001133,0.001172,0.001213,0.001248,0.001265,0.001273,0.001280,0.001245,0.001157,0.001179,0.001174,0.001073,0.001005,0.000972,0.001153,0.001202,0.001221,0.001191,0.001169,0.001141,0.001071,0.000944,0.000973,0.000959,0.000880,0.000979,0.001157,0.001073,0.000925,0.000909,0.000906,0.000926,0.000930,0.000925,0.000953,0.000958,0.000673,0.000728,0.000928,0.000905,0.000943,0.000952,0.001015,0.000700,0.000687,0.000716,0.001027,0.000956,0.000798,0.000787,0.000768,0.000734,0.000706,0.000650,0.000622,0.000663,0.000661,0.000656,0.000410,0.000395,0.000389,0.000393,0.000426,0.000457,0.000449,0.000448,0.000441,0.000444,0.000476,0.000739,0.000511,0.000543,0.000630,0.000850,0.000806,0.000631,0.000710,0.000615,0.000602,0.000535,0.000519,0.000487,0.000464,0.000469,0.000580,0.000493,0.000620,0.000631,0.000722,0.000727,0.000854,0.000909,0.000861,0.000828,0.000649,0.000664,0.000636,0.000234,0.000521,0.000487,0.000311,0.000327,0.000347,0.000333,0.000364,0.000436,0.000562,0.000444,0.000492,0.000459,0.000451,0.000424,0.000404,0.000412,0.000427,0.000372,0.000286,0.000266,0.000251,0.000262,0.000361,0.000411,0.000466,0.000488,0.000497,0.000489,0.000502,0.000535,0.000553,0.000543,0.000520,0.000491,0.000481,0.000485,0.000491,0.000484,0.000473,0.000465,0.000458,0.000462,0.000477,0.000474,0.000438,0.000404,0.000398,0.000394,0.000380,0.000687,0.000708,0.000491,0.000369,0.000368,0.000469,0.000468,0.000393,0.000361,0.000369,0.000360,0.000357,0.000359,0.000543,0.000581,0.000660,0.000746,0.000716,0.000542,0.000592,0.000603,0.000611,0.000615,0.000678,0.000711,0.000655,0.000646,0.000678,0.000669,0.000669,0.000490,0.000614,0.000684,0.000712,0.000713,0.000646,0.000513,0.000368,0.000380,0.000531,0.000553,0.000622,0.000772,0.000753,0.000677,0.000648,0.000614
-0.007519,-0.006872,-0.002677,0.000358,0.002399,0.006551,0.003508,0.002832,0.000679,-0.002675,-0.002876,-0.004430,-0.007136,-0.010729,-0.014120,-0.016143,-0.018300,-0.021802,-0.024610,-0.027009,-0.029854,-0.031417,-0.034620,-0.034914,-0.035115,-0.035482,-0.035422,-0.035446,-0.037316,-0.039637,-0.041921,-0.043616,-0.046393,-0.050340,-0.052825,-0.062149,-0.060399,-0.057982,-0.057437,-0.058290,-0.049983,0.008366,0.019824,0.023200,0.024018,0.023322,0.020595,0.016628,0.013549,0.012170,0.015382,0.015862,0.012594,0.004647,-0.005815,-0.013739,-0.019673,-0.023403,-0.025164,-0.024500,-0.023400,-0.022457,-0.018765,-0.008208,0.004755,0.001029,-0.002891,-0.002453,0.025748,0.033355,0.032098,0.029241,0.025891,0.023169,0.021275,0.019732,0.019138,0.019421,0.019276,0.022301,0.025140,0.027376,0.030652,0.036769,0.038011,0.036482,0.034993,0.034386,0.035557,0.036651,0.037657,0.038500,0.039967,0.036065,0.035637,0.036670,0.033323,0.029788,0.025837,0.026842,0.022056,0.019699,0.015366,0.017093,0.017557,0.016804,0.016721,0.016462,0.016391,0.015737,0.013890,0.012955,0.013247,0.011845,0.014156,0.013132,0.014891,0.015447,0.013500,0.012263,0.012196,0.012193,0.011014,0.010212,0.022766,-0.000253,0.012520,-0.000282,0.028411,-0.001450,0.011203,0.013660,-0.002823,0.013611,0.018625,0.013805,0.010467,0.006132,0.005106,0.024511,-0.002893,-0.001990,0.000149,0.001225,0.019797,-0.005097,-0.004146,0.013389,0.022007,0.021243,0.020871,0.009516,0.025092,0.045781,0.014761,0.005013,-0.000456,-0.021526,-0.006422,-0.001911,-0.003433,-0.001093,0.013265,-0.002140,-0.016835,-0.001200,0.001204,-0.002090,-0.000039,-0.002080,-0.002774,0.005507,0.008566,-0.022212,-0.003514,-0.002002,-0.002934,-0.003814,-0.005059,-0.004445,-0.005892,-0.005127,-0.004534,-0.005546,-0.007294,-0.009747,-0.012066,-0.011575,-0.011077,-0.012389,-0.015184,-0.017623,-0.018786,-0.018950,-0.021021,-0.020145,-0.020518,-0.020468,-0.019403,-0.017760,-0.017169,-0.016006,-0.009872,-0.001938,0.005947,0.010056,0.006347,0.008177,0.008638,0.012179,0.012708,0.010459,0.008943,0.008298,0.006337,0.004309,0.001194,0.002583,0.000383,-0.002756,-0.004199,-0.005463,-0.010125,-0.010720,-0.011874,-0.012635,-0.014767,-0.014800,-0.014309,-0.013832,-0.014565,-0.015428,-0.015781,-0.012701,-0.014404,-0.014067,-0.012862,-0.010144,-0.007663,-0.004938,-0.004680,-0.008908,-0.012120,-0.011963,-0.014141,-0.016383,-0.013876,-0.012131,-0.010954,-0.009140,89.898461,89.879670,89.870279,89.873812,89.881993,89.909547,89.915232,89.927884,89.937261,89.923953,89.918920,89.916651,89.922448,89.930255,89.930043,89.922679,89.915166,89.913104,89.916231,89.920788,89.925503,89.936809,89.933065,89.933871,89.940715,89.944612,89.945546,89.946815,89.953310,89.963886,89.968805,89.963248,89.953724,89.948173,89.959005,89.930521,89.912278,89.901893,89.902015,89.910407,89.952363,90.257984,90.440936,90.517229,90.526492,90.507939,90.470017,90.410510,90.338320,90.296268,90.282165,90.296101,90.327696,90.368851,90.408523,90.427306,90.425647,90.411884,90.393914,90.360492,90.317953,90.279087,90.230352,90.215926,90.264687,90.282391,90.197355,90.020936,89.957786,89.937369,89.918283,89.898524,89.876994,89.851551,89.828725,89.812248,89.805374,89.803137,89.802305,89.819576,89.848841,89.864219,89.863311,89.886348,89.912832,89.927539,89.934578,89.934598,89.932156,89.936989,89.950658,89.963952,89.987486,89.975223,89.950830,89.940379,89.926127,89.915879,89.907692,89.919259,89.911694,89.901539,89.866314,89.851174,89.852718,89.856573,89.861130,89.865711,89.872237,89.881603,89.890172,89.897394,89.907474,89.915165,89.943209,89.944850,89.949321,89.958083,89.961755,89.956661,89.954987,89.968297,89.991664,90.010294,90.129722,90.042634,90.061202,89.993457,90.171767,90.154293,90.167368,90.152542,89.997745,89.971340,89.987252,89.999539,90.006116,90.001390,90.004577,90.169732,90.029188,90.017120,90.010276,90.013683,90.173324,90.113395,90.066345,90.115555,90.156684,90.141876,90.108356,89.994283,89.988103,90.138919,90.142204,90.106756,90.135234,90.022305,89.988817,89.990021,89.997960,90.026251,90.120457,90.132976,90.009293,89.982203,89.980648,89.970035,89.977927,89.977765,89.968840,90.025471,90.148040,90.016050,90.008842,89.999961,89.985735,89.984981,89.991487,89.995483,89.992926,89.986798,89.979830,89.975251,89.971127,89.961961,89.947189,89.934378,89.933090,89.944362,89.961168,89.976888,89.990294,89.996824,89.995748,89.989616,89.985617,89.986994,89.991837,89.988201,89.980019,89.977914,89.963780,89.916487,89.903415,89.936538,89.928456,89.919823,89.903800,89.910190,89.918750,89.919587,89.926673,89.940698,89.946056,89.939695,89.917341,89.916274,89.914485,89.909208,89.906549,89.907897,89.889679,89.887304,89.897629,89.913277,89.921658,89.928354,89.940714,89.952124,89.956961,89.956284,89.951776,89.966192,89.960523,89.956745,89.949917,89.939896,89.933159,89.936081,89.948979,89.945173,89.929429,89.928548,89.920468,89.896015,89.884610,89.886907,89.893342,89.899848,0.000651,0.000870,0.000959,0.000934,0.000856,0.000535,0.000572,0.000541,0.000509,0.000684,0.000708,0.000704,0.000707,0.000734,0.000776,0.000791,0.000791,0.000788,0.000766,0.000706,0.000633,0.000530,0.000705,0.000874,0.000959,0.000994,0.000951,0.000873,0.000827,0.000819,0.000831,0.000835,0.000860,0.000895,0.000770,0.001102,0.001201,0.001238,0.001214,0.001214,0.001241,0.001251,0.001230,0.001167,0.001084,0.001019,0.000977,0.000950,0.000931,0.000943,0.000947,0.000944,0.000959,0.001008,0.001075,0.001119,0.001140,0.001166,0.001211,0.001237,0.001244,0.001260,0.001260,0.001226,0.001157,0.001165,0.001130,0.001070,0.000985,0.001057,0.001157,0.001228,0.001232,0.001216,0.001208,0.001178,0.001066,0.000958,0.000991,0.001002,0.000928,0.000964,0.001161,0.001078,0.000988,0.001002,0.001007,0.000990,0.000970,0.000949,0.000920,0.000887,0.000629,0.000752,0.000968,0.000943,0.000992,0.001037,0.001006,0.000679,0.000660,0.000686,0.000981,0.001011,0.000892,0.000791,0.000716,0.000704,0.000744,0.000733,0.000697,0.000681,0.000662,0.000699,0.000433,0.000433,0.000400,0.000378,0.000408,0.000452,0.000474,0.000482,0.000456,0.000446,0.000474,0.000859,0.000526,0.000583,0.000584,0.000932,0.000856,0.000678,0.000754,0.000654,0.000595,0.000504,0.000506,0.000507,0.000521,0.000572,0.000305,0.000443,0.000617,0.000657,0.000731,0.000782,0.000858,0.000867,0.000832,0.000802,0.000651,0.000666,0.000650,0.000305,0.000369,0.000358,0.000344,0.000390,0.000412,0.000460,0.000467,0.000368,0.000483,0.000478,0.000376,0.000409,0.000405,0.000390,0.000407,0.000445,0.000453,0.000370,0.000288,0.000292,0.000285,0.000296,0.000396,0.000433,0.000461,0.000482,0.000499,0.000504,0.000504,0.000502,0.000514,0.000523,0.000509,0.000485,0.000486,0.000497,0.000499,0.000492,0.000476,0.000465,0.000452,0.000426,0.000422,0.000438,0.000452,0.000456,0.000452,0.000428,0.000480,0.000765,0.000747,0.000350,0.000393,0.000334,0.000449,0.000443,0.000390,0.000389,0.000413,0.000416,0.000398,0.000391,0.000620,0.000650,0.000711,0.000787,0.000742,0.000531,0.000569,0.000581,0.000612,0.000622,0.000665,0.000692,0.000670,0.000683,0.000722,0.000722,0.000739,0.000542,0.000626,0.000665,0.000686,0.000697,0.000685,0.000626,0.000462,0.000453,0.000568,0.000556,0.000604,0.000767,0.000777,0.000716,0.000657,0.000609
-0.007441,-0.007299,-0.003262,0.000230,0.003182,0.006963,0.003206,0.002446,0.001156,-0.002835,-0.003335,-0.003907,-0.006577,-0.011342,-0.015348,-0.016144,-0.018689,-0.021540,-0.024513,-0.027889,-0.030446,-0.030268,-0.034847,-0.035057,-0.034815,-0.034989,-0.035395,-0.035318,-0.036745,-0.039397,-0.041822,-0.043489,-0.045798,-0.050489,-0.053309,-0.062481,-0.059107,-0.058556,-0.059513,-0.058249,-0.050012,0.007372,0.018429,0.023698,0.025518,0.022789,0.019696,0.016906,0.013663,0.013393,0.015567,0.016133,0.011650,0.003381,-0.004371,-0.012253,-0.018978,-0.022705,-0.023628,-0.023781,-0.023657,-0.022435,-0.016240,-0.006203,0.006238,0.001148,-0.004127,-0.001311,0.026243,0.034617,0.031069,0.029126,0.024242,0.022128,0.021828,0.021742,0.020414,0.019272,0.017581,0.021751,0.025762,0.028042,0.029471,0.033879,0.035930,0.035403,0.036335,0.035431,0.035807,0.037170,0.038155,0.038375,0.040315,0.037131,0.035761,0.037443,0.033690,0.030272,0.026952,0.028555,0.021840,0.019631,0.015804,0.018197,0.018381,0.016157,0.017189,0.017186,0.016886,0.016150,0.014778,0.014479,0.014087,0.013010,0.015791,0.015788,0.016457,0.015513,0.013258,0.011926,0.011363,0.011062,0.010927,0.009131,0.023727,-0.000916,0.013340,-0.000798,0.028640,-0.003692,0.011136,0.014023,-0.000818,0.015876,0.017037,0.014235,0.011290,0.007892,0.005664,0.022565,-0.001092,-0.003219,0.001308,0.000256,0.020530,-0.004439,-0.003686,0.013884,0.021411,0.021697,0.021739,0.009244,0.025476,0.044283,0.012755,0.003357,-0.002648,-0.023238,-0.004602,-0.001674,-0.003528,0.000504,0.013229,-0.001744,-0.017483,0.000602,0.000526,-0.000002,-0.002429,-0.003579,-0.000641,0.006829,0.008246,-0.020565,-0.004411,-0.004281,-0.005765,-0.005616,-0.005197,-0.004195,-0.005203,-0.003360,-0.003211,-0.006493,-0.008976,-0.009425,-0.010997,-0.010992,-0.011552,-0.012913,-0.015402,-0.017631,-0.018036,-0.018610,-0.020934,-0.023393,-0.022920,-0.020918,-0.019797,-0.017901,-0.016224,-0.013897,-0.009258,-0.001548,0.006624,0.012023,0.007095,0.008893,0.008810,0.010602,0.012364,0.011981,0.010020,0.007605,0.005971,0.004582,0.000382,0.001761,-0.000038,-0.003321,-0.005422,-0.005988,-0.009366,-0.008603,-0.009467,-0.012148,-0.014278,-0.014582,-0.013847,-0.013876,-0.014413,-0.015176,-0.016173,-0.013963,-0.015035,-0.013653,-0.012365,-0.010433,-0.007433,-0.005202,-0.005490,-0.008879,-0.010716,-0.010975,-0.014175,-0.016235,-0.014517,-0.013416,-0.012619,-0.010197,89.886205,89.873225,89.871046,89.874094,89.876862,89.898726,89.899911,89.916626,89.934774,89.924185,89.913815,89.906071,89.911515,89.921086,89.922373,89.921899,89.923486,89.924124,89.922827,89.925329,89.933909,89.953044,89.943480,89.939198,89.939240,89.945582,89.956705,89.963378,89.962519,89.956892,89.955047,89.953868,89.951277,89.947724,89.959485,89.932751,89.917711,89.910344,89.906718,89.908508,89.947128,90.262324,90.448015,90.518793,90.519874,90.492753,90.461175,90.409509,90.336912,90.293756,90.277699,90.286017,90.329598,90.380520,90.420556,90.435206,90.430216,90.409976,90.392753,90.369557,90.327230,90.269300,90.223665,90.201235,90.255812,90.278446,90.197408,90.020005,89.961408,89.949626,89.920427,89.898325,89.876110,89.851970,89.830596,89.814384,89.813464,89.828814,89.834776,89.847064,89.861504,89.865864,89.863472,89.889361,89.926084,89.935972,89.939594,89.936975,89.937387,89.945817,89.955155,89.962285,89.985678,89.979525,89.954826,89.949042,89.934880,89.923845,89.911434,89.925027,89.909727,89.891634,89.860262,89.853662,89.855745,89.851352,89.860022,89.874044,89.885826,89.895431,89.900917,89.906324,89.913761,89.920475,89.946918,89.952063,89.955941,89.958704,89.957119,89.956481,89.961747,89.971549,89.988292,89.999407,90.130311,90.060499,90.076843,90.000742,90.179252,90.129589,90.166322,90.158720,90.023943,89.988594,89.984541,89.998972,90.010690,90.014316,90.001013,90.158369,90.032256,90.010168,90.007861,90.007924,90.183077,90.125756,90.066950,90.119213,90.171030,90.142816,90.104800,89.998132,90.001356,90.132508,90.114605,90.120101,90.134461,90.016874,89.984058,90.006827,90.015088,90.023259,90.095349,90.113432,89.990167,89.985045,89.983072,89.967769,89.968603,89.978311,89.984666,90.034905,90.136411,90.009819,90.002142,90.000631,89.994497,89.995588,89.999052,90.004101,90.003635,89.998391,89.987297,89.975354,89.963248,89.951146,89.940460,89.935932,89.942166,89.954056,89.962066,89.968570,89.980216,89.991776,89.993943,89.984299,89.979710,89.982138,89.983756,89.982183,89.976641,89.974931,89.975018,89.926630,89.905345,89.934006,89.926802,89.916874,89.897478,89.898777,89.911995,89.922987,89.930096,89.936340,89.937148,89.933731,89.913613,89.910218,89.908295,89.905282,89.905625,89.909899,89.893944,89.897546,89.914268,89.931719,89.939114,89.942466,89.950924,89.957017,89.955973,89.953605,89.954899,89.976088,89.974820,89.969954,89.960545,89.950209,89.949351,89.958878,89.968655,89.954963,89.932413,89.930003,89.921310,89.897581,89.887312,89.890646,89.893843,89.891264,0.000649,0.000832,0.000900,0.000906,0.000884,0.000584,0.000609,0.000542,0.000493,0.000707,0.000765,0.000800,0.000799,0.000782,0.000786,0.000787,0.000791,0.000807,0.000800,0.000759,0.000709,0.000560,0.000752,0.000814,0.000831,0.000857,0.000876,0.000901,0.000937,0.000991,0.000995,0.000962,0.000922,0.000906,0.000746,0.001086,0.001172,0.001229,0.001251,0.001241,0.001225,0.001225,0.001230,0.001203,0.001139,0.001076,0.001032,0.000977,0.000914,0.000901,0.000919,0.000934,0.000950,0.000983,0.001027,0.001078,0.001131,0.001175,0.001217,0.001235,0.001239,0.001252,0.001253,0.001235,0.001167,0.001189,0.001179,0.001087,0.000983,0.000958,0.001138,0.001205,0.001196,0.001160,0.001145,0.001135,0.001067,0.000920,0.000972,0.000970,0.000923,0.000996,0.001229,0.001173,0.000957,0.000981,0.000993,0.001010,0.000990,0.000934,0.000933,0.000966,0.000714,0.000743,0.000957,0.000903,0.000937,0.000952,0.000999,0.000663,0.000665,0.000716,0.001020,0.001019,0.000884,0.000892,0.000836,0.000775,0.000733,0.000680,0.000649,0.000651,0.000660,0.000669,0.000405,0.000393,0.000396,0.000396,0.000421,0.000423,0.000417,0.000435,0.000434,0.000431,0.000443,0.000765,0.000475,0.000527,0.000578,0.000764,0.000842,0.000622,0.000623,0.000536,0.000594,0.000538,0.000537,0.000519,0.000491,0.000546,0.000388,0.000473,0.000608,0.000591,0.000651,0.000682,0.000844,0.000866,0.000804,0.000742,0.000585,0.000635,0.000572,0.000290,0.000297,0.000342,0.000355,0.000382,0.000408,0.000438,0.000382,0.000455,0.000483,0.000427,0.000417,0.000415,0.000432,0.000427,0.000439,0.000434,0.000394,0.000313,0.000259,0.000286,0.000300,0.000321,0.000419,0.000425,0.000444,0.000459,0.000477,0.000486,0.000518,0.000564,0.000583,0.000578,0.000560,0.000544,0.000541,0.000528,0.000513,0.000501,0.000489,0.000471,0.000432,0.000402,0.000395,0.000408,0.000419,0.000431,0.000448,0.000455,0.000393,0.000586,0.000715,0.000302,0.000294,0.000293,0.000431,0.000417,0.000339,0.000311,0.000341,0.000361,0.000368,0.000360,0.000570,0.000591,0.000658,0.000759,0.000757,0.000568,0.000637,0.000620,0.000590,0.000547,0.000574,0.000621,0.000612,0.000645,0.000701,0.000694,0.000683,0.000494,0.000606,0.000682,0.000713,0.000716,0.000677,0.000589,0.000412,0.000399,0.000524,0.000521,0.000582,0.000717,0.000704,0.000638,0.000608,0.000612
-0.006730,-0.006068,-0.003536,-0.001153,0.001444,0.005536,0.003317,0.003755,0.002255,-0.002343,-0.002968,-0.003575,-0.005947,-0.011082,-0.015858,-0.017471,-0.018355,-0.021886,-0.025024,-0.027329,-0.030265,-0.031052,-0.035272,-0.034817,-0.034160,-0.034667,-0.035174,-0.035153,-0.035988,-0.038406,-0.041356,-0.043868,-0.046936,-0.050495,-0.052772,-0.061830,-0.059776,-0.059901,-0.059796,-0.058129,-0.050329,0.009272,0.018167,0.022490,0.024233,0.022981,0.020671,0.017771,0.013035,0.013162,0.016022,0.015451,0.011666,0.004143,-0.005328,-0.013836,-0.018676,-0.021540,-0.023998,-0.024870,-0.023419,-0.023035,-0.017496,-0.007119,0.005700,0.002810,-0.004557,-0.001384,0.025155,0.033257,0.030502,0.028631,0.026024,0.023230,0.021783,0.021573,0.021116,0.020216,0.019334,0.022419,0.025657,0.026930,0.029484,0.035095,0.037959,0.036110,0.035309,0.035519,0.036394,0.036866,0.037823,0.039397,0.041275,0.036409,0.034832,0.036226,0.034030,0.029265,0.025569,0.026954,0.021437,0.020294,0.015203,0.017464,0.018061,0.016017,0.017192,0.017639,0.018349,0.016563,0.014746,0.013804,0.013230,0.012172,0.015708,0.015318,0.015670,0.014743,0.014233,0.013488,0.012100,0.010291,0.010352,0.009048,0.022900,-0.002971,0.014332,-0.003680,0.027101,-0.004028,0.010112,0.014353,-0.002481,0.015178,0.017187,0.014067,0.008986,0.007754,0.004820,0.023491,-0.001899,-0.004243,-0.000097,0.002794,0.021643,-0.006709,-0.004707,0.011692,0.021070,0.019154,0.020446,0.009940,0.022982,0.043136,0.014978,0.004646,-0.000828,-0.021792,-0.005965,-0.002244,-0.001440,0.002302,0.016541,-0.002304,-0.016051,-0.001494,0.000605,-0.001644,-0.003041,-0.001815,-0.002775,0.006059,0.007967,-0.022398,-0.005389,-0.004130,-0.004727,-0.002793,-0.003013,-0.005051,-0.005201,-0.005897,-0.005717,-0.006627,-0.006967,-0.007490,-0.010261,-0.012022,-0.012911,-0.013851,-0.015714,-0.017683,-0.018086,-0.018520,-0.021246,-0.023453,-0.022755,-0.020616,-0.017467,-0.015318,-0.015498,-0.013986,-0.009311,-0.002401,0.006259,0.011642,0.008575,0.008675,0.006439,0.008418,0.011657,0.011784,0.010159,0.009091,0.007381,0.004748,0.000805,0.001341,-0.000083,-0.002366,-0.004563,-0.005990,-0.009500,-0.009355,-0.011081,-0.013035,-0.013988,-0.013390,-0.014571,-0.015863,-0.015312,-0.014614,-0.014813,-0.012634,-0.014150,-0.012942,-0.013101,-0.011969,-0.008745,-0.004538,-0.005103,-0.009390,-0.011648,-0.011110,-0.013489,-0.015903,-0.014917,-0.013719,-0.013433,-0.010712,89.890635,89.874875,89.866695,89.868552,89.880218,89.915026,89.926583,89.937215,89.939689,89.926616,89.921864,89.917389,89.916307,89.920541,89.927763,89.930355,89.926801,89.919173,89.918621,89.926223,89.934396,89.947656,89.934491,89.930168,89.939591,89.949151,89.956792,89.959488,89.959900,89.958674,89.959768,89.960754,89.956761,89.950686,89.959944,89.931193,89.916043,89.907668,89.906571,89.911548,89.945365,90.253654,90.437249,90.517377,90.529673,90.507197,90.467990,90.415840,90.348217,90.292254,90.264975,90.273511,90.321354,90.372759,90.415344,90.438967,90.439718,90.419680,90.388457,90.355989,90.328676,90.278433,90.225301,90.218087,90.270961,90.288404,90.191069,90.018734,89.950242,89.931078,89.914731,89.902420,89.881258,89.853071,89.829621,89.814310,89.814098,89.824049,89.828414,89.835655,89.851419,89.859241,89.863012,89.886200,89.918438,89.931848,89.939890,89.939502,89.935650,89.937346,89.948842,89.964521,89.989345,89.974926,89.948453,89.941550,89.932233,89.916873,89.898033,89.907886,89.897456,89.890518,89.858493,89.851292,89.856839,89.856600,89.863498,89.871471,89.883411,89.891908,89.898547,89.905741,89.918991,89.928627,89.952570,89.954291,89.956322,89.959044,89.961296,89.960581,89.963343,89.974376,89.996248,89.997741,90.123141,90.057195,90.068311,90.012438,90.181015,90.144190,90.151552,90.158896,90.004851,89.975381,89.989997,89.996582,89.998994,90.001164,90.002912,90.139940,90.045691,90.019172,90.002635,90.003860,90.177443,90.115307,90.074610,90.119410,90.183543,90.156746,90.095655,90.003167,90.002883,90.143740,90.118674,90.104652,90.143268,90.013029,89.982561,90.015565,90.002985,90.010264,90.113231,90.120410,89.991817,89.984077,89.979846,89.958851,89.950674,89.969889,89.964141,90.023416,90.138048,90.012674,90.003937,90.003696,89.995634,89.992925,89.988016,89.987800,89.989758,89.988295,89.977636,89.963532,89.953338,89.948851,89.944428,89.938711,89.940174,89.952594,89.969715,89.982104,89.990715,89.997793,90.000778,89.993683,89.987871,89.985524,89.988736,89.991531,89.986542,89.974232,89.961472,89.917502,89.907166,89.937281,89.935632,89.928744,89.907621,89.908557,89.916807,89.920780,89.924617,89.933271,89.938275,89.939807,89.925703,89.923421,89.916945,89.910882,89.912472,89.918331,89.901096,89.895000,89.902514,89.920737,89.932643,89.940385,89.950957,89.958069,89.957256,89.954618,89.953461,89.970902,89.966716,89.963469,89.954892,89.942304,89.940538,89.952161,89.960169,89.945101,89.923982,89.923164,89.919740,89.903582,89.897387,89.903317,89.903724,89.898591,0.000657,0.000824,0.000914,0.000906,0.000832,0.000508,0.000499,0.000443,0.000445,0.000626,0.000657,0.000685,0.000725,0.000765,0.000784,0.000784,0.000782,0.000795,0.000781,0.000741,0.000697,0.000546,0.000716,0.000816,0.000842,0.000905,0.000945,0.000950,0.000928,0.000920,0.000901,0.000881,0.000891,0.000907,0.000750,0.001063,0.001120,0.001156,0.001199,0.001229,0.001250,0.001243,0.001224,0.001188,0.001130,0.001072,0.001013,0.000947,0.000910,0.000892,0.000870,0.000862,0.000892,0.000968,0.001071,0.001155,0.001185,0.001179,0.001167,0.001138,0.001097,0.001123,0.001186,0.001214,0.001168,0.001190,0.001168,0.001030,0.000954,0.001014,0.001180,0.001221,0.001203,0.001172,0.001157,0.001150,0.001085,0.000998,0.001013,0.000984,0.000880,0.000951,0.001119,0.001063,0.000893,0.000908,0.000889,0.000871,0.000873,0.000911,0.000958,0.000947,0.000659,0.000725,0.000944,0.000947,0.000924,0.000909,0.000924,0.000616,0.000659,0.000690,0.001052,0.001054,0.000882,0.000813,0.000726,0.000719,0.000717,0.000722,0.000717,0.000766,0.000756,0.000711,0.000410,0.000388,0.000377,0.000382,0.000406,0.000448,0.000461,0.000458,0.000417,0.000414,0.000466,0.000831,0.000491,0.000538,0.000612,0.000965,0.000847,0.000649,0.000654,0.000557,0.000551,0.000502,0.000493,0.000447,0.000405,0.000437,0.000275,0.000483,0.000596,0.000612,0.000621,0.000733,0.000873,0.000877,0.000801,0.000716,0.000626,0.000587,0.000591,0.000379,0.000389,0.000405,0.000347,0.000357,0.000341,0.000358,0.000343,0.000440,0.000420,0.000412,0.000367,0.000458,0.000486,0.000458,0.000436,0.000422,0.000398,0.000341,0.000298,0.000332,0.000342,0.000337,0.000420,0.000426,0.000423,0.000406,0.000420,0.000461,0.000511,0.000532,0.000528,0.000517,0.000515,0.000516,0.000523,0.000515,0.000494,0.000482,0.000475,0.000457,0.000410,0.000404,0.000405,0.000402,0.000393,0.000380,0.000371,0.000359,0.000415,0.000666,0.000704,0.000331,0.000331,0.000334,0.000491,0.000477,0.000396,0.000351,0.000355,0.000353,0.000353,0.000341,0.000528,0.000556,0.000624,0.000691,0.000665,0.000513,0.000611,0.000651,0.000677,0.000646,0.000661,0.000674,0.000630,0.000636,0.000684,0.000683,0.000683,0.000494,0.000600,0.000639,0.000667,0.000710,0.000690,0.000564,0.000405,0.000427,0.000552,0.000539,0.000583,0.000715,0.000722,0.000644,0.000636,0.000634
-0.008390,-0.007108,-0.004134,-0.000397,0.002404,0.007032,0.005002,0.003491,0.000363,-0.002787,-0.001942,-0.003309,-0.006174,-0.009864,-0.013219,-0.016411,-0.018922,-0.022020,-0.025673,-0.028639,-0.030875,-0.030566,-0.034911,-0.034813,-0.034579,-0.034967,-0.034734,-0.034557,-0.036393,-0.039034,-0.041929,-0.044389,-0.047523,-0.050080,-0.052427,-0.061821,-0.060949,-0.059152,-0.059008,-0.057812,-0.049996,0.005819,0.018758,0.021421,0.022641,0.022919,0.021158,0.017806,0.014196,0.013611,0.015283,0.015394,0.012955,0.004829,-0.006476,-0.015412,-0.020805,-0.022876,-0.024166,-0.024324,-0.023816,-0.021718,-0.017577,-0.006516,0.006811,0.000258,-0.004493,-0.001421,0.025996,0.034071,0.031054,0.029352,0.025998,0.022554,0.019987,0.020310,0.020690,0.020857,0.019216,0.022424,0.025418,0.029038,0.031249,0.034462,0.036083,0.035656,0.035795,0.034713,0.035299,0.036707,0.036925,0.037269,0.040134,0.037602,0.035673,0.037297,0.034192,0.030698,0.025524,0.026612,0.021129,0.019302,0.015318,0.018456,0.019028,0.016769,0.017699,0.018819,0.019158,0.016629,0.014228,0.013359,0.013528,0.012696,0.014432,0.014138,0.014043,0.014011,0.013234,0.011802,0.009686,0.009717,0.011918,0.010238,0.022569,-0.001799,0.012346,0.000295,0.027182,-0.002072,0.011668,0.014153,-0.002385,0.014694,0.016715,0.013665,0.009352,0.005766,0.004719,0.024713,-0.002302,-0.003752,0.000708,0.002614,0.020065,-0.005699,-0.006233,0.012225,0.023051,0.019610,0.020292,0.008677,0.022647,0.044798,0.013520,0.004254,-0.003029,-0.023448,-0.004889,-0.001059,-0.003636,-0.001345,0.014844,-0.002698,-0.016923,-0.000980,0.001005,0.001237,-0.001703,-0.000229,-0.000795,0.006442,0.007401,-0.023185,-0.005340,-0.003894,-0.004432,-0.004326,-0.003075,-0.004364,-0.003791,-0.003971,-0.004553,-0.005650,-0.006374,-0.008472,-0.011262,-0.011175,-0.011771,-0.012380,-0.014448,-0.017488,-0.019638,-0.017772,-0.023506,-0.022412,-0.021969,-0.020938,-0.018766,-0.015645,-0.014091,-0.015887,-0.010172,0.000309,0.004871,0.009460,0.006714,0.007926,0.008846,0.011786,0.012583,0.011172,0.009209,0.007771,0.007167,0.005596,0.001436,0.001851,-0.000278,-0.002836,-0.004095,-0.005506,-0.009757,-0.009545,-0.010467,-0.012818,-0.013842,-0.012850,-0.013102,-0.014717,-0.015191,-0.014405,-0.015087,-0.013537,-0.015033,-0.013328,-0.012373,-0.011087,-0.007762,-0.004322,-0.005024,-0.009546,-0.011455,-0.010589,-0.013046,-0.015608,-0.013852,-0.013357,-0.013589,-0.011242,89.890343,89.878898,89.869660,89.875827,89.890875,89.925149,89.931304,89.935689,89.940314,89.932441,89.931632,89.927032,89.924488,89.925821,89.926297,89.922565,89.921987,89.924087,89.922409,89.922821,89.930300,89.948006,89.938381,89.934653,89.939773,89.945938,89.952030,89.953568,89.956053,89.962968,89.972098,89.977951,89.972979,89.962022,89.958527,89.923103,89.906014,89.901314,89.903302,89.912292,89.958598,90.245642,90.427600,90.512687,90.525191,90.497818,90.452672,90.395315,90.336005,90.300232,90.285823,90.281270,90.318718,90.373686,90.425840,90.439820,90.431066,90.418775,90.410338,90.378279,90.324419,90.276291,90.222852,90.204012,90.268187,90.273619,90.176339,90.018555,89.953193,89.935523,89.911486,89.898106,89.874877,89.845995,89.822966,89.813370,89.811283,89.819424,89.819162,89.831526,89.845405,89.854429,89.857759,89.885509,89.923086,89.939414,89.943559,89.936159,89.933620,89.945363,89.959119,89.967643,89.988072,89.979224,89.952863,89.943712,89.928258,89.918116,89.909523,89.925642,89.910578,89.891989,89.855946,89.852196,89.861099,89.857387,89.858992,89.868382,89.882094,89.887874,89.892652,89.900840,89.915043,89.925998,89.947458,89.948399,89.950984,89.957513,89.960359,89.959812,89.965570,89.980291,90.005233,90.008723,90.113770,90.062373,90.047798,90.013924,90.170466,90.134373,90.159293,90.156243,90.007518,89.985657,89.992357,89.999339,90.004220,90.001810,89.996861,90.156120,90.047092,90.009427,90.015827,90.014976,90.181187,90.124859,90.078347,90.113159,90.167967,90.143149,90.101103,89.995849,89.994482,90.152693,90.144916,90.113648,90.128441,90.009253,90.006034,90.003714,90.005180,90.014554,90.111253,90.133517,90.006432,89.989453,89.977604,89.971102,89.967512,89.976797,89.968409,90.021140,90.134169,90.009024,89.995031,89.984638,89.977004,89.984480,89.996066,89.999830,89.992502,89.984561,89.977256,89.969898,89.961645,89.953930,89.944918,89.938668,89.941932,89.954106,89.968753,89.979220,89.988607,89.997774,90.000433,89.996308,89.994187,89.998497,90.001313,89.987177,89.978211,89.985929,89.965336,89.913461,89.908320,89.940184,89.922873,89.911901,89.904839,89.914368,89.921719,89.922088,89.924719,89.931117,89.933858,89.932762,89.915601,89.912031,89.905740,89.897468,89.897615,89.902394,89.888811,89.894187,89.917344,89.941817,89.947785,89.945715,89.952621,89.959097,89.956481,89.951296,89.950075,89.969426,89.966075,89.961405,89.954141,89.943236,89.937494,89.943945,89.955722,89.947229,89.929138,89.926029,89.920042,89.899544,89.891118,89.893481,89.894371,89.892633,0.000678,0.000834,0.000958,0.000929,0.000841,0.000502,0.000498,0.000482,0.000486,0.000639,0.000648,0.000658,0.000684,0.000713,0.000727,0.000728,0.000725,0.000735,0.000754,0.000713,0.000639,0.000512,0.000745,0.000848,0.000849,0.000863,0.000873,0.000872,0.000848,0.000829,0.000856,0.000872,0.000888,0.000856,0.000697,0.000999,0.001099,0.001161,0.001185,0.001167,0.001136,0.001120,0.001142,0.001165,0.001153,0.001103,0.001031,0.000949,0.000870,0.000827,0.000811,0.000820,0.000857,0.000925,0.001022,0.001093,0.001131,0.001159,0.001192,0.001194,0.001180,0.001187,0.001208,0.001209,0.001150,0.001189,0.001139,0.001034,0.000939,0.000920,0.001074,0.001142,0.001230,0.001263,0.001242,0.001165,0.001062,0.000887,0.000901,0.000847,0.000801,0.000853,0.001053,0.001020,0.000862,0.000890,0.000915,0.000949,0.000945,0.000911,0.000901,0.000889,0.000646,0.000720,0.000956,0.000921,0.000957,0.000960,0.000977,0.000637,0.000666,0.000689,0.001011,0.001018,0.000861,0.000812,0.000735,0.000678,0.000645,0.000648,0.000645,0.000673,0.000658,0.000623,0.000382,0.000375,0.000376,0.000379,0.000402,0.000413,0.000403,0.000411,0.000396,0.000378,0.000394,0.000807,0.000479,0.000523,0.000600,0.000869,0.000832,0.000661,0.000685,0.000654,0.000536,0.000481,0.000496,0.000487,0.000474,0.000639,0.000484,0.000547,0.000586,0.000587,0.000635,0.000658,0.000800,0.000825,0.000780,0.000762,0.000621,0.000588,0.000577,0.000351,0.000368,0.000285,0.000297,0.000307,0.000278,0.000230,0.000416,0.000369,0.000412,0.000437,0.000421,0.000372,0.000377,0.000380,0.000394,0.000397,0.000381,0.000318,0.000270,0.000286,0.000279,0.000277,0.000344,0.000362,0.000381,0.000413,0.000451,0.000479,0.000507,0.000517,0.000503,0.000493,0.000491,0.000486,0.000473,0.000456,0.000449,0.000440,0.000430,0.000430,0.000417,0.000402,0.000405,0.000413,0.000407,0.000395,0.000394,0.000384,0.000444,0.000714,0.000712,0.000288,0.000355,0.000327,0.000436,0.000430,0.000378,0.000364,0.000382,0.000371,0.000351,0.000344,0.000562,0.000595,0.000647,0.000709,0.000660,0.000491,0.000571,0.000593,0.000590,0.000560,0.000604,0.000649,0.000613,0.000612,0.000652,0.000650,0.000647,0.000450,0.000550,0.000608,0.000642,0.000677,0.000665,0.000581,0.000431,0.000442,0.000543,0.000520,0.000548,0.000695,0.000706,0.000654,0.000634,0.000634
-0.006266,-0.005463,-0.002297,0.001242,0.002911,0.007550,0.005212,0.003502,-0.000237,-0.003304,-0.002109,-0.004075,-0.007169,-0.010222,-0.013683,-0.016537,-0.018871,-0.022372,-0.025947,-0.027986,-0.029522,-0.029925,-0.034828,-0.034619,-0.034536,-0.035046,-0.035476,-0.035390,-0.036717,-0.039056,-0.042382,-0.045203,-0.047074,-0.050758,-0.053389,-0.062843,-0.060182,-0.058464,-0.059311,-0.058686,-0.050591,0.005458,0.017368,0.022101,0.024138,0.023535,0.020386,0.016295,0.014082,0.014289,0.016197,0.015620,0.011313,0.003656,-0.004683,-0.012143,-0.019403,-0.024076,-0.025157,-0.024031,-0.022927,-0.021219,-0.016282,-0.006359,0.006543,0.001692,-0.003776,-0.002228,0.027263,0.034882,0.031705,0.027821,0.024461,0.021954,0.021914,0.022643,0.021102,0.019442,0.018573,0.022939,0.025812,0.027074,0.029584,0.035851,0.037883,0.036400,0.036931,0.036309,0.035606,0.036115,0.036850,0.038200,0.040683,0.036498,0.034826,0.036804,0.033568,0.029212,0.025463,0.027067,0.021517,0.018635,0.014717,0.016695,0.017876,0.015979,0.015988,0.016391,0.017445,0.016574,0.015241,0.014907,0.013758,0.012268,0.015924,0.016636,0.016041,0.014174,0.012609,0.011499,0.011109,0.011900,0.012192,0.010325,0.022176,-0.001348,0.015702,-0.002924,0.027186,-0.002287,0.010939,0.014617,-0.003270,0.017173,0.017536,0.011871,0.010475,0.006650,0.005712,0.024275,-0.001541,-0.001951,0.000223,0.003465,0.020761,-0.005052,-0.005613,0.013611,0.021136,0.019079,0.019832,0.010449,0.025098,0.043604,0.014056,0.004469,-0.001146,-0.022115,-0.006307,-0.001833,-0.001974,0.001460,0.014866,-0.003661,-0.016603,0.000059,0.000172,0.000561,0.000159,-0.002206,-0.002664,0.007721,0.007816,-0.021890,-0.003089,-0.003017,-0.004214,-0.003892,-0.003899,-0.004446,-0.004606,-0.005035,-0.004831,-0.006184,-0.008640,-0.010358,-0.011999,-0.010120,-0.010754,-0.013302,-0.014915,-0.016559,-0.018164,-0.019585,-0.020491,-0.020913,-0.021286,-0.021314,-0.019643,-0.017940,-0.015864,-0.015310,-0.009793,-0.001291,0.005833,0.010780,0.008030,0.009206,0.008850,0.011106,0.013021,0.012465,0.010902,0.008528,0.006223,0.004208,0.000044,0.000986,-0.001559,-0.003187,-0.004181,-0.005231,-0.009673,-0.010466,-0.011349,-0.011932,-0.013298,-0.013319,-0.013260,-0.013599,-0.013472,-0.013454,-0.013941,-0.012021,-0.015541,-0.014020,-0.012009,-0.009181,-0.006417,-0.004861,-0.005042,-0.008231,-0.010237,-0.011050,-0.014102,-0.016244,-0.013718,-0.012141,-0.011908,-0.009363,89.891189,89.875567,89.867574,89.876889,89.886992,89.911743,89.909475,89.919516,89.934529,89.926961,89.924308,89.919744,89.919536,89.923066,89.925777,89.925088,89.924757,89.924399,89.921970,89.923541,89.932605,89.945739,89.928929,89.926467,89.935119,89.945008,89.950837,89.950233,89.952481,89.960811,89.970763,89.967400,89.951710,89.941943,89.959824,89.938655,89.923841,89.910330,89.903467,89.905287,89.959378,90.251940,90.434459,90.509743,90.523954,90.512727,90.487941,90.421362,90.343446,90.293862,90.274502,90.282981,90.321634,90.364234,90.393142,90.419676,90.432185,90.419388,90.394301,90.360712,90.317774,90.270510,90.231008,90.210895,90.270055,90.281978,90.196591,90.020264,89.949558,89.926601,89.909785,89.895576,89.876451,89.847278,89.819696,89.806587,89.807058,89.817396,89.821032,89.838194,89.860505,89.866533,89.861569,89.884294,89.919842,89.932736,89.935760,89.929841,89.927342,89.933672,89.946635,89.959989,89.983098,89.969203,89.943197,89.943765,89.937615,89.923599,89.903746,89.909659,89.900895,89.893776,89.865550,89.854343,89.857833,89.858804,89.866670,89.867431,89.870310,89.874937,89.885155,89.899177,89.915790,89.926143,89.947886,89.945473,89.946111,89.951524,89.957491,89.960797,89.966813,89.975023,89.982073,89.989708,90.115732,90.060320,90.076183,90.009698,90.175187,90.130729,90.166333,90.163765,90.008327,89.970903,89.986846,89.990884,89.999280,89.997867,90.000896,90.149403,90.042306,90.013190,90.018800,90.016546,90.175642,90.113392,90.067225,90.123388,90.155654,90.133915,90.103669,89.987766,89.991568,90.149537,90.142120,90.108586,90.134361,90.006582,89.985487,90.006014,89.987030,90.016227,90.130732,90.132875,90.000474,89.993648,89.981513,89.969234,89.977552,89.975744,89.968763,90.040143,90.149363,90.002620,89.997036,90.001938,90.000652,89.996901,89.990520,89.987389,89.986451,89.986136,89.980474,89.971858,89.964236,89.958918,89.952156,89.944777,89.941696,89.948195,89.963523,89.978725,89.986247,89.987700,89.987162,89.986847,89.987444,89.989527,89.997091,89.994024,89.984397,89.979610,89.965789,89.930103,89.909668,89.928106,89.920731,89.913605,89.894453,89.897656,89.914627,89.924533,89.923847,89.922022,89.921449,89.923696,89.911850,89.914046,89.912340,89.910092,89.909931,89.910590,89.890782,89.890621,89.908384,89.928772,89.934701,89.938240,89.951575,89.961488,89.962130,89.959627,89.958476,89.976124,89.964012,89.954833,89.947467,89.944539,89.945888,89.948794,89.953081,89.937881,89.918398,89.919372,89.919829,89.904518,89.897094,89.900615,89.900928,89.897358,0.000686,0.000899,0.001037,0.000981,0.000918,0.000590,0.000594,0.000535,0.000497,0.000712,0.000745,0.000747,0.000731,0.000730,0.000755,0.000788,0.000811,0.000836,0.000845,0.000793,0.000705,0.000588,0.000827,0.000847,0.000819,0.000860,0.000919,0.000949,0.000945,0.000948,0.000934,0.000922,0.000945,0.000974,0.000839,0.001192,0.001249,0.001249,0.001229,0.001223,0.001219,0.001236,0.001241,0.001214,0.001168,0.001117,0.001068,0.001001,0.000944,0.000923,0.000915,0.000918,0.000945,0.000993,0.001050,0.001125,0.001194,0.001240,0.001264,0.001259,0.001239,0.001256,0.001295,0.001296,0.001220,0.001227,0.001213,0.001137,0.000980,0.001009,0.001080,0.001171,0.001238,0.001274,0.001281,0.001222,0.001107,0.000961,0.001013,0.001024,0.000984,0.001036,0.001185,0.001076,0.000891,0.000938,0.000971,0.001007,0.001002,0.000989,0.000983,0.000946,0.000658,0.000765,0.001044,0.001006,0.000985,0.000981,0.001013,0.000734,0.000732,0.000747,0.001025,0.001051,0.000911,0.000886,0.000806,0.000807,0.000780,0.000762,0.000747,0.000744,0.000701,0.000680,0.000434,0.000426,0.000423,0.000440,0.000455,0.000457,0.000447,0.000461,0.000449,0.000448,0.000478,0.000747,0.000499,0.000520,0.000569,0.000875,0.000808,0.000626,0.000746,0.000656,0.000646,0.000599,0.000567,0.000571,0.000555,0.000670,0.000466,0.000484,0.000659,0.000694,0.000731,0.000802,0.000943,0.000957,0.000877,0.000803,0.000663,0.000671,0.000618,0.000380,0.000405,0.000421,0.000373,0.000384,0.000404,0.000402,0.000484,0.000514,0.000560,0.000510,0.000394,0.000419,0.000421,0.000415,0.000431,0.000468,0.000488,0.000403,0.000317,0.000300,0.000287,0.000285,0.000385,0.000431,0.000477,0.000503,0.000531,0.000552,0.000570,0.000580,0.000575,0.000564,0.000557,0.000523,0.000496,0.000510,0.000533,0.000517,0.000476,0.000451,0.000444,0.000440,0.000435,0.000435,0.000437,0.000441,0.000458,0.000480,0.000503,0.000693,0.000721,0.000348,0.000328,0.000305,0.000462,0.000456,0.000395,0.000380,0.000409,0.000418,0.000417,0.000409,0.000598,0.000592,0.000641,0.000721,0.000731,0.000604,0.000708,0.000717,0.000694,0.000651,0.000686,0.000720,0.000686,0.000704,0.000748,0.000739,0.000740,0.000523,0.000680,0.000745,0.000764,0.000745,0.000694,0.000623,0.000443,0.000444,0.000564,0.000564,0.000616,0.000767,0.000779,0.000696,0.000656,0.000635
-0.008450,-0.007310,-0.002880,0.000258,0.002310,0.005783,0.004069,0.004296,0.001930,-0.001791,-0.001471,-0.003829,-0.007214,-0.010576,-0.014452,-0.016983,-0.018832,-0.021850,-0.026281,-0.029725,-0.030768,-0.029382,-0.034895,-0.036096,-0.035922,-0.035987,-0.035424,-0.034518,-0.035904,-0.039384,-0.042531,-0.044471,-0.047230,-0.050799,-0.051909,-0.061179,-0.058925,-0.057576,-0.057973,-0.058452,-0.052202,0.007573,0.019304,0.023462,0.023476,0.021556,0.019810,0.016506,0.013677,0.014472,0.015560,0.016299,0.012391,0.004679,-0.004380,-0.014058,-0.021151,-0.023831,-0.023864,-0.023062,-0.022863,-0.023424,-0.016793,-0.007024,0.006304,0.001239,-0.005545,-0.000445,0.025918,0.034940,0.030880,0.028894,0.024977,0.022571,0.022078,0.022768,0.021969,0.020739,0.018994,0.023386,0.026365,0.027322,0.029386,0.034239,0.035782,0.034592,0.033593,0.033334,0.035407,0.036652,0.036907,0.038389,0.040224,0.035489,0.034979,0.036947,0.033575,0.029158,0.024586,0.026800,0.022426,0.020216,0.015533,0.016485,0.016883,0.016307,0.018578,0.018034,0.017033,0.015799,0.015423,0.015412,0.014661,0.013562,0.015153,0.014575,0.015252,0.015362,0.014193,0.013012,0.012344,0.010740,0.010640,0.010630,0.023049,-0.001736,0.013329,-0.002515,0.027902,-0.000562,0.013222,0.015705,-0.002180,0.015826,0.015383,0.012691,0.011520,0.006285,0.004625,0.021954,-0.003354,-0.004183,0.000582,0.003132,0.022189,-0.007386,-0.004955,0.013576,0.022899,0.020992,0.020711,0.010304,0.024224,0.043878,0.014215,0.002907,-0.000253,-0.020892,-0.004336,-0.002985,-0.003046,0.000391,0.015077,-0.003607,-0.016670,-0.001498,-0.000787,0.000481,-0.001286,-0.003573,-0.001185,0.004981,0.007419,-0.021926,-0.005715,-0.001012,-0.006432,-0.003589,-0.004376,-0.004476,-0.004165,-0.003522,-0.003096,-0.005265,-0.007416,-0.008808,-0.010662,-0.011467,-0.012503,-0.013518,-0.015397,-0.015807,-0.016073,-0.018106,-0.021197,-0.022168,-0.021077,-0.020227,-0.018506,-0.016075,-0.015466,-0.014380,-0.009983,-0.001347,0.005313,0.011171,0.008169,0.007841,0.007630,0.010663,0.013289,0.012751,0.009305,0.007440,0.006183,0.005192,0.000841,0.001530,-0.000206,-0.002315,-0.003781,-0.004972,-0.009942,-0.010306,-0.011372,-0.012230,-0.013954,-0.014307,-0.014137,-0.013488,-0.013892,-0.015291,-0.015912,-0.013123,-0.015290,-0.014352,-0.012954,-0.010693,-0.007883,-0.004520,-0.004794,-0.008923,-0.011753,-0.012036,-0.014661,-0.016881,-0.015193,-0.011749,-0.010913,-0.009639,89.895421,89.877495,89.871005,89.874600,89.881642,89.902891,89.903075,89.916740,89.934676,89.927316,89.921781,89.917696,89.923207,89.929974,89.928124,89.920270,89.918245,89.924181,89.929689,89.932171,89.934653,89.948629,89.933896,89.931330,89.941188,89.951473,89.960013,89.965463,89.971397,89.976816,89.979349,89.974977,89.959436,89.944682,89.955342,89.932135,89.923257,89.912639,89.907535,89.915199,89.953011,90.265773,90.445651,90.515838,90.511294,90.493235,90.474740,90.418288,90.335956,90.295747,90.277200,90.291059,90.335679,90.372511,90.402837,90.431674,90.434443,90.416627,90.401715,90.384525,90.340168,90.265864,90.224527,90.214255,90.263325,90.279388,90.185030,90.017212,89.955760,89.945149,89.916219,89.895003,89.870438,89.842225,89.821424,89.814570,89.818639,89.828291,89.824695,89.839581,89.859938,89.865077,89.863201,89.884401,89.916836,89.931948,89.939707,89.939103,89.938491,89.939353,89.941395,89.954898,89.987817,89.979127,89.954816,89.946127,89.929891,89.913855,89.897363,89.910261,89.903191,89.892924,89.860622,89.847633,89.847486,89.846032,89.854509,89.866439,89.876750,89.884350,89.892812,89.906829,89.921736,89.933915,89.955105,89.955233,89.958448,89.961701,89.958369,89.955427,89.961508,89.975144,89.994752,89.999655,90.117320,90.057682,90.059693,90.003421,90.188024,90.129591,90.160661,90.145269,90.004251,89.989374,89.987419,89.996903,90.006804,89.996942,90.002380,90.176619,90.028288,90.009996,89.997767,90.009743,90.181999,90.115280,90.079881,90.133398,90.175919,90.137768,90.093148,89.997108,89.998263,90.137919,90.130370,90.101179,90.155089,90.016725,89.975962,90.022719,90.000009,90.017874,90.104144,90.134390,90.008162,89.985469,89.978608,89.982950,89.973033,89.966569,89.973143,90.017354,90.141481,90.014518,89.992319,89.998898,89.978483,89.986702,89.992295,89.994500,89.993586,89.988808,89.977353,89.965272,89.961323,89.959752,89.951170,89.941289,89.943028,89.956031,89.969794,89.977802,89.989379,90.002959,90.006961,89.996829,89.986327,89.984789,89.989722,89.991205,89.982503,89.976162,89.959228,89.918292,89.906477,89.940195,89.929271,89.917575,89.903547,89.908945,89.918746,89.919266,89.919610,89.928384,89.937664,89.942777,89.925377,89.920539,89.911233,89.903085,89.901601,89.908754,89.895919,89.898860,89.913618,89.929798,89.932907,89.932443,89.939307,89.944400,89.943238,89.940511,89.942007,89.964111,89.965146,89.964417,89.957600,89.950726,89.951374,89.957504,89.961051,89.946878,89.932423,89.936900,89.932110,89.905915,89.888799,89.891145,89.897628,89.900030,0.000645,0.000811,0.000893,0.000898,0.000831,0.000534,0.000543,0.000493,0.000450,0.000647,0.000679,0.000694,0.000705,0.000733,0.000766,0.000780,0.000772,0.000759,0.000758,0.000748,0.000710,0.000518,0.000699,0.000783,0.000811,0.000853,0.000861,0.000855,0.000859,0.000879,0.000899,0.000890,0.000907,0.000921,0.000763,0.001141,0.001189,0.001184,0.001161,0.001142,0.001170,0.001235,0.001262,0.001213,0.001113,0.001035,0.000999,0.000960,0.000922,0.000898,0.000877,0.000861,0.000867,0.000889,0.000944,0.001025,0.001095,0.001160,0.001233,0.001275,0.001246,0.001261,0.001272,0.001271,0.001203,0.001199,0.001174,0.001088,0.001004,0.001017,0.001224,0.001267,0.001258,0.001218,0.001187,0.001155,0.001088,0.000915,0.000950,0.000911,0.000871,0.000973,0.001134,0.001072,0.000920,0.000937,0.000945,0.000972,0.000978,0.000971,0.001015,0.000985,0.000678,0.000760,0.000952,0.000928,0.000953,0.000934,0.000959,0.000670,0.000678,0.000721,0.001039,0.001060,0.000898,0.000840,0.000803,0.000783,0.000735,0.000683,0.000684,0.000718,0.000722,0.000670,0.000418,0.000412,0.000415,0.000405,0.000416,0.000420,0.000424,0.000441,0.000426,0.000419,0.000454,0.000844,0.000535,0.000569,0.000608,0.000830,0.000757,0.000619,0.000715,0.000613,0.000618,0.000552,0.000554,0.000549,0.000516,0.000615,0.000403,0.000462,0.000622,0.000617,0.000686,0.000778,0.000882,0.000916,0.000829,0.000727,0.000576,0.000624,0.000639,0.000450,0.000358,0.000343,0.000349,0.000350,0.000346,0.000429,0.000371,0.000413,0.000455,0.000398,0.000321,0.000383,0.000392,0.000346,0.000346,0.000375,0.000379,0.000316,0.000270,0.000282,0.000288,0.000304,0.000399,0.000429,0.000458,0.000471,0.000477,0.000474,0.000492,0.000532,0.000552,0.000537,0.000501,0.000464,0.000460,0.000484,0.000503,0.000498,0.000488,0.000485,0.000463,0.000446,0.000453,0.000464,0.000448,0.000418,0.000401,0.000383,0.000447,0.000709,0.000718,0.000304,0.000338,0.000308,0.000416,0.000418,0.000386,0.000395,0.000426,0.000410,0.000389,0.000365,0.000569,0.000575,0.000645,0.000740,0.000752,0.000603,0.000678,0.000653,0.000631,0.000614,0.000669,0.000698,0.000634,0.000639,0.000698,0.000702,0.000676,0.000466,0.000569,0.000625,0.000663,0.000682,0.000659,0.000578,0.000443,0.000449,0.000529,0.000506,0.000543,0.000688,0.000718,0.000670,0.000661,0.000643
-0.007254,-0.006914,-0.003603,0.000472,0.003033,0.005578,0.003697,0.002537,0.000698,-0.002281,-0.002021,-0.004535,-0.007078,-0.009779,-0.012694,-0.015656,-0.018016,-0.021260,-0.024817,-0.027487,-0.030611,-0.031453,-0.035227,-0.033876,-0.034618,-0.035798,-0.035889,-0.034839,-0.036030,-0.038521,-0.041546,-0.043366,-0.046215,-0.050345,-0.052857,-0.061840,-0.058431,-0.058343,-0.060231,-0.059208,-0.049149,0.006667,0.019850,0.023577,0.022834,0.021725,0.020254,0.016719,0.012202,0.012603,0.015014,0.015760,0.012435,0.004628,-0.004176,-0.012005,-0.018827,-0.024180,-0.025540,-0.023458,-0.022909,-0.022564,-0.017496,-0.006233,0.006780,0.001469,-0.003656,-0.001962,0.026606,0.034155,0.031043,0.028446,0.026276,0.022904,0.021432,0.022006,0.020710,0.018751,0.019021,0.023021,0.025645,0.026309,0.028880,0.034253,0.037490,0.036458,0.035669,0.034575,0.035081,0.036191,0.036986,0.036979,0.040084,0.037455,0.035436,0.035747,0.032320,0.029328,0.025129,0.025944,0.020652,0.017520,0.013577,0.016836,0.018944,0.016676,0.016455,0.016484,0.017005,0.015964,0.014110,0.014372,0.014489,0.013295,0.015549,0.014987,0.015904,0.015681,0.013799,0.013544,0.014064,0.013578,0.010809,0.010543,0.020435,-0.001249,0.015060,-0.001922,0.028204,-0.000755,0.013522,0.013727,-0.002041,0.015589,0.018464,0.013465,0.010425,0.006303,0.005954,0.022674,-0.002429,-0.002291,-0.000828,0.003540,0.019737,-0.005770,-0.005113,0.013609,0.022373,0.020766,0.021792,0.010103,0.023972,0.045186,0.016003,0.002836,-0.003900,-0.023743,-0.003058,-0.002727,-0.004626,-0.000386,0.013868,-0.001953,-0.016829,-0.000659,0.000300,-0.001225,-0.000650,-0.001441,-0.002060,0.006158,0.010104,-0.020856,-0.005702,-0.005979,-0.006273,-0.004220,-0.003770,-0.003799,-0.005650,-0.004954,-0.003132,-0.004863,-0.007845,-0.009074,-0.009857,-0.009448,-0.010825,-0.012693,-0.015236,-0.017144,-0.018523,-0.019750,-0.020413,-0.022068,-0.021393,-0.020536,-0.018567,-0.017896,-0.016094,-0.013484,-0.009024,-0.001505,0.006835,0.010942,0.009690,0.009442,0.007748,0.009728,0.012887,0.012387,0.009412,0.007865,0.006987,0.005896,0.001578,0.000908,-0.000961,-0.002452,-0.003422,-0.004993,-0.009381,-0.009581,-0.011376,-0.013351,-0.014363,-0.013498,-0.013606,-0.015109,-0.015471,-0.015052,-0.015281,-0.013472,-0.014817,-0.012371,-0.011742,-0.010499,-0.007567,-0.005007,-0.004739,-0.008750,-0.010353,-0.009679,-0.012876,-0.016288,-0.014808,-0.013257,-0.012370,-0.009733,89.881224,89.869311,89.864488,89.872070,89.884988,89.906571,89.910638,89.923052,89.939418,89.931233,89.925230,89.917638,89.917126,89.921147,89.922656,89.922843,89.925684,89.927699,89.926972,89.929068,89.934035,89.944537,89.930140,89.927089,89.932806,89.943261,89.952674,89.955199,89.957124,89.960654,89.963886,89.961581,89.951071,89.941301,89.954387,89.931905,89.919913,89.907128,89.902020,89.907228,89.956730,90.256287,90.439843,90.516549,90.521988,90.505090,90.473764,90.419236,90.340797,90.292789,90.272629,90.279271,90.319899,90.362324,90.403629,90.431628,90.434322,90.415358,90.391193,90.366065,90.326305,90.268998,90.226267,90.212002,90.257264,90.281058,90.197833,90.012544,89.956570,89.943906,89.920816,89.892078,89.865291,89.837040,89.814887,89.805069,89.810377,89.824377,89.826379,89.836659,89.859531,89.872012,89.871686,89.886645,89.916030,89.927853,89.935697,89.935182,89.933637,89.936663,89.945199,89.953091,89.980497,89.977115,89.955514,89.946547,89.930857,89.916405,89.906094,89.918572,89.908039,89.892617,89.862301,89.851892,89.854565,89.850401,89.853331,89.858711,89.870982,89.884354,89.893949,89.901008,89.910629,89.917100,89.941657,89.946006,89.950659,89.956095,89.959275,89.962144,89.966815,89.973177,89.985118,90.016048,90.120287,90.045512,90.066639,90.002286,90.172071,90.125704,90.166486,90.145777,89.999298,89.967816,89.979349,89.988731,90.001443,90.004853,90.015163,90.158228,90.040133,90.006193,89.997106,90.012794,90.179596,90.123389,90.084950,90.131771,90.176399,90.146715,90.107877,89.989194,89.990680,90.140148,90.124128,90.106335,90.135873,90.000965,89.980177,90.000214,90.006062,90.014095,90.110405,90.123068,89.996148,89.993081,89.990068,89.977845,89.963348,89.977576,89.971750,90.030670,90.155242,90.021323,90.011765,90.009186,90.001323,90.000874,89.999929,89.997025,89.991224,89.983148,89.974195,89.968006,89.965140,89.962113,89.958122,89.955125,89.955332,89.961639,89.972023,89.980434,89.986595,89.990300,89.991625,89.989726,89.990088,89.988012,89.992089,89.985843,89.968950,89.970126,89.968741,89.927787,89.899381,89.933628,89.929715,89.916425,89.905063,89.906950,89.914230,89.913444,89.913259,89.918849,89.922308,89.922471,89.906944,89.907226,89.910300,89.914136,89.918653,89.921260,89.903603,89.905100,89.915547,89.928319,89.934292,89.940791,89.954939,89.963229,89.959597,89.952175,89.948728,89.965260,89.960502,89.958216,89.954161,89.946264,89.944172,89.948973,89.955983,89.944778,89.926794,89.927976,89.924993,89.906688,89.898199,89.899266,89.895496,89.887390,0.000595,0.000786,0.000915,0.000894,0.000793,0.000542,0.000543,0.000521,0.000481,0.000655,0.000659,0.000663,0.000692,0.000744,0.000810,0.000846,0.000827,0.000791,0.000758,0.000708,0.000665,0.000562,0.000775,0.000845,0.000881,0.000886,0.000854,0.000826,0.000832,0.000875,0.000914,0.000913,0.000919,0.000907,0.000761,0.001133,0.001160,0.001156,0.001151,0.001143,0.001163,0.001194,0.001182,0.001133,0.001070,0.001042,0.001031,0.000999,0.000944,0.000890,0.000858,0.000879,0.000929,0.001013,0.001097,0.001150,0.001156,0.001157,0.001183,0.001206,0.001207,0.001222,0.001236,0.001221,0.001161,0.001183,0.001148,0.001074,0.000960,0.000941,0.001042,0.001137,0.001149,0.001155,0.001177,0.001174,0.001103,0.000973,0.001010,0.000992,0.000881,0.000925,0.001125,0.001135,0.000954,0.000960,0.000942,0.000947,0.000941,0.000941,0.000934,0.000942,0.000681,0.000758,0.000978,0.000950,0.000983,0.001032,0.001031,0.000685,0.000664,0.000749,0.001052,0.001057,0.000865,0.000809,0.000747,0.000760,0.000779,0.000776,0.000765,0.000750,0.000691,0.000656,0.000387,0.000380,0.000376,0.000379,0.000413,0.000430,0.000423,0.000433,0.000414,0.000406,0.000453,0.000833,0.000527,0.000550,0.000578,0.000930,0.000835,0.000591,0.000724,0.000703,0.000598,0.000517,0.000511,0.000529,0.000536,0.000545,0.000462,0.000346,0.000570,0.000592,0.000640,0.000828,0.000928,0.000930,0.000821,0.000743,0.000587,0.000628,0.000589,0.000315,0.000280,0.000292,0.000341,0.000367,0.000313,0.000548,0.000402,0.000464,0.000479,0.000419,0.000384,0.000433,0.000438,0.000410,0.000411,0.000436,0.000441,0.000368,0.000280,0.000293,0.000296,0.000294,0.000376,0.000393,0.000413,0.000432,0.000451,0.000473,0.000511,0.000556,0.000571,0.000554,0.000517,0.000476,0.000472,0.000498,0.000522,0.000512,0.000474,0.000444,0.000434,0.000437,0.000442,0.000446,0.000437,0.000420,0.000402,0.000384,0.000488,0.000779,0.000791,0.000346,0.000327,0.000335,0.000406,0.000431,0.000393,0.000385,0.000406,0.000399,0.000382,0.000367,0.000570,0.000607,0.000675,0.000750,0.000732,0.000564,0.000636,0.000626,0.000630,0.000616,0.000661,0.000696,0.000636,0.000615,0.000652,0.000671,0.000703,0.000529,0.000654,0.000704,0.000734,0.000752,0.000693,0.000593,0.000440,0.000442,0.000551,0.000520,0.000541,0.000667,0.000671,0.000610,0.000581,0.000565
-0.007098,-0.007259,-0.003116,-0.000395,0.001736,0.006586,0.005191,0.003487,0.001018,-0.002729,-0.001260,-0.003064,-0.006962,-0.011252,-0.015112,-0.017481,-0.019893,-0.021609,-0.025221,-0.028658,-0.030860,-0.029560,-0.034133,-0.034282,-0.035128,-0.035447,-0.035111,-0.035334,-0.036591,-0.038534,-0.041363,-0.044634,-0.047359,-0.050775,-0.052980,-0.063069,-0.060997,-0.057852,-0.057738,-0.059293,-0.049856,0.005327,0.018573,0.022818,0.024732,0.023073,0.019710,0.016789,0.014292,0.013814,0.015143,0.014843,0.012173,0.003868,-0.005537,-0.013541,-0.020108,-0.023795,-0.024996,-0.024477,-0.023261,-0.021995,-0.016758,-0.007285,0.006330,0.001155,-0.005892,0.000181,0.026205,0.035131,0.030015,0.028911,0.025899,0.023068,0.020953,0.019969,0.020006,0.020577,0.020742,0.023716,0.026519,0.028963,0.030090,0.035156,0.037589,0.036707,0.036363,0.035400,0.035353,0.036523,0.037514,0.038553,0.041563,0.037282,0.034130,0.035945,0.033285,0.029430,0.025181,0.026423,0.021252,0.018693,0.014067,0.017067,0.017541,0.015811,0.017838,0.017833,0.017014,0.015591,0.014224,0.014339,0.013761,0.012612,0.016244,0.015593,0.015859,0.014739,0.012661,0.011463,0.010800,0.010150,0.011011,0.009591,0.023437,-0.002093,0.013332,-0.002922,0.026634,-0.002000,0.011632,0.013138,-0.001732,0.015145,0.016661,0.012851,0.009920,0.006395,0.004839,0.022776,-0.003237,-0.003261,0.000110,0.002472,0.020176,-0.005061,-0.005495,0.012349,0.022006,0.022766,0.022754,0.010344,0.024099,0.044717,0.015996,0.003369,-0.002489,-0.022025,-0.004354,-0.002710,-0.002034,0.000324,0.014844,-0.001353,-0.018786,-0.001775,0.000793,-0.001244,-0.000710,-0.002239,-0.003588,0.005884,0.008073,-0.021175,-0.005480,-0.004341,-0.004467,-0.004183,-0.004610,-0.004571,-0.003346,-0.004462,-0.004497,-0.005231,-0.007283,-0.010291,-0.012172,-0.011181,-0.010558,-0.011832,-0.014996,-0.017166,-0.018250,-0.020970,-0.021979,-0.022389,-0.020996,-0.021317,-0.018538,-0.016083,-0.015146,-0.015331,-0.010026,-0.001737,0.005601,0.009745,0.007058,0.008110,0.007015,0.009588,0.013431,0.012782,0.010266,0.008405,0.007225,0.005435,0.001538,0.001740,-0.000956,-0.002630,-0.004077,-0.006141,-0.011857,-0.011065,-0.011030,-0.013183,-0.014706,-0.012801,-0.012869,-0.014954,-0.015810,-0.015255,-0.014857,-0.012394,-0.015157,-0.014099,-0.012986,-0.011014,-0.008700,-0.005171,-0.005362,-0.009266,-0.011484,-0.011234,-0.014297,-0.016047,-0.013387,-0.012002,-0.012117,-0.009640,89.888936,89.867062,89.863579,89.875442,89.888451,89.907934,89.903692,89.911996,89.932455,89.929179,89.926822,89.916721,89.911445,89.914508,89.920573,89.923198,89.922193,89.922440,89.924049,89.925406,89.926261,89.937352,89.919466,89.923490,89.936551,89.948220,89.956249,89.958395,89.958846,89.963838,89.974967,89.978857,89.970453,89.956178,89.961752,89.935550,89.918803,89.910796,89.913177,89.909572,89.936503,90.247601,90.431090,90.505559,90.509241,90.486331,90.454661,90.409784,90.342389,90.296674,90.284853,90.288215,90.317709,90.366950,90.418076,90.445201,90.437526,90.418291,90.399735,90.364666,90.320843,90.277749,90.236806,90.209679,90.265675,90.298462,90.194512,90.027037,89.950769,89.938732,89.908091,89.888155,89.866167,89.843708,89.822767,89.807110,89.802017,89.810045,89.817138,89.834312,89.855046,89.863955,89.861208,89.887024,89.925125,89.938443,89.942747,89.938429,89.934324,89.936551,89.946373,89.958529,89.985976,89.978108,89.948286,89.944002,89.933997,89.920599,89.904903,89.917437,89.909247,89.895014,89.853033,89.840780,89.848653,89.850458,89.858009,89.865598,89.873922,89.878133,89.882260,89.894974,89.914123,89.929313,89.958150,89.955857,89.950861,89.950966,89.953750,89.958854,89.966489,89.975617,89.990857,89.996994,90.117501,90.051415,90.075063,90.007781,90.186585,90.137327,90.175829,90.165232,90.020754,89.973388,89.985020,89.990671,89.992941,89.990902,90.005703,90.165116,90.036071,89.997299,90.017463,90.001783,90.172007,90.121512,90.082522,90.121985,90.161779,90.148726,90.107539,89.995679,89.996415,90.135159,90.119582,90.103415,90.140172,89.997039,89.971675,89.986477,90.007557,90.020466,90.106891,90.128008,89.990981,90.000455,89.978713,89.964206,89.970248,89.986371,89.966188,90.021286,90.136968,90.010852,90.010192,90.006173,89.989145,89.979461,89.980632,89.989425,89.995408,89.989537,89.973539,89.962148,89.959578,89.958558,89.953961,89.946943,89.945774,89.954459,89.966811,89.977659,89.986954,89.993941,89.994463,89.989700,89.990373,89.991135,89.993828,89.980140,89.968059,89.970020,89.962848,89.915236,89.911251,89.935979,89.932006,89.920069,89.898562,89.902844,89.916609,89.921197,89.923487,89.930811,89.937452,89.935167,89.913741,89.912553,89.915320,89.916743,89.913096,89.911655,89.891964,89.893644,89.908071,89.925729,89.935593,89.945392,89.957083,89.960263,89.956884,89.954933,89.957406,89.976443,89.965851,89.958292,89.952219,89.946629,89.947717,89.954433,89.962762,89.954571,89.937256,89.934160,89.922635,89.899155,89.891836,89.898368,89.900634,89.897170,0.000657,0.000891,0.000976,0.000949,0.000862,0.000558,0.000567,0.000546,0.000477,0.000673,0.000707,0.000743,0.000752,0.000757,0.000767,0.000780,0.000813,0.000841,0.000820,0.000761,0.000708,0.000524,0.000763,0.000832,0.000890,0.000951,0.000950,0.000938,0.000955,0.000988,0.000961,0.000909,0.000902,0.000942,0.000821,0.001143,0.001210,0.001224,0.001241,0.001263,0.001266,0.001244,0.001225,0.001195,0.001143,0.001092,0.001048,0.001005,0.000957,0.000946,0.000949,0.000940,0.000937,0.000983,0.001066,0.001138,0.001176,0.001202,0.001219,0.001206,0.001198,0.001245,0.001287,0.001296,0.001230,0.001239,0.001198,0.001052,0.001041,0.001021,0.001237,0.001261,0.001263,0.001239,0.001228,0.001189,0.001084,0.000946,0.000989,0.000996,0.000921,0.000943,0.001185,0.001168,0.000998,0.001004,0.000990,0.001016,0.001041,0.001053,0.001056,0.001039,0.000722,0.000729,0.000974,0.000929,0.000958,0.000996,0.001027,0.000728,0.000726,0.000748,0.001099,0.001106,0.000923,0.000868,0.000782,0.000755,0.000720,0.000700,0.000728,0.000774,0.000778,0.000749,0.000413,0.000407,0.000424,0.000432,0.000469,0.000487,0.000483,0.000495,0.000467,0.000430,0.000439,0.000829,0.000490,0.000564,0.000600,0.000929,0.000892,0.000725,0.000724,0.000609,0.000636,0.000580,0.000577,0.000567,0.000539,0.000483,0.000445,0.000483,0.000672,0.000691,0.000735,0.000706,0.000873,0.000925,0.000867,0.000807,0.000623,0.000687,0.000687,0.000348,0.000363,0.000384,0.000381,0.000322,0.000345,0.000322,0.000465,0.000503,0.000429,0.000516,0.000486,0.000496,0.000459,0.000439,0.000425,0.000419,0.000413,0.000349,0.000277,0.000276,0.000293,0.000328,0.000451,0.000471,0.000481,0.000501,0.000502,0.000486,0.000500,0.000529,0.000536,0.000531,0.000518,0.000511,0.000520,0.000530,0.000539,0.000533,0.000502,0.000475,0.000457,0.000449,0.000453,0.000463,0.000452,0.000418,0.000413,0.000425,0.000472,0.000668,0.000628,0.000316,0.000322,0.000315,0.000451,0.000451,0.000388,0.000368,0.000396,0.000401,0.000400,0.000422,0.000654,0.000672,0.000708,0.000751,0.000757,0.000619,0.000722,0.000717,0.000714,0.000690,0.000721,0.000724,0.000666,0.000678,0.000719,0.000712,0.000696,0.000489,0.000636,0.000706,0.000743,0.000766,0.000720,0.000620,0.000462,0.000452,0.000562,0.000534,0.000597,0.000779,0.000807,0.000715,0.000657,0.000625
-0.008577,-0.008219,-0.004287,-0.001270,0.001554,0.006989,0.005120,0.003931,0.000868,-0.002559,-0.001675,-0.002849,-0.007118,-0.011398,-0.014436,-0.016680,-0.018953,-0.021290,-0.023744,-0.026637,-0.028681,-0.028586,-0.034105,-0.035865,-0.035534,-0.034862,-0.034827,-0.034634,-0.035637,-0.038502,-0.041608,-0.043855,-0.046147,-0.050636,-0.054229,-0.063148,-0.060099,-0.057637,-0.057642,-0.058133,-0.049877,0.008140,0.018938,0.023532,0.023956,0.022736,0.019992,0.015500,0.013003,0.013548,0.017153,0.016795,0.013120,0.003933,-0.005442,-0.013218,-0.019529,-0.023078,-0.024584,-0.024233,-0.022903,-0.021692,-0.017972,-0.006931,0.005570,0.001069,-0.004555,-0.000799,0.025838,0.034032,0.030467,0.027981,0.024891,0.022821,0.021285,0.020575,0.020098,0.019222,0.019727,0.022072,0.024339,0.026758,0.029387,0.034301,0.036616,0.036660,0.037470,0.035881,0.034993,0.036145,0.036601,0.038495,0.041487,0.037893,0.036430,0.036513,0.033789,0.030123,0.027377,0.028338,0.021753,0.019389,0.014675,0.017475,0.018071,0.016392,0.018490,0.018941,0.017815,0.016600,0.014814,0.013828,0.013225,0.012555,0.015848,0.015950,0.016313,0.014637,0.013502,0.012043,0.011453,0.011229,0.010395,0.008714,0.021759,-0.000917,0.012455,-0.001192,0.027071,-0.003820,0.011296,0.014237,-0.001963,0.014767,0.017425,0.012923,0.009974,0.006072,0.003944,0.023952,-0.001663,0.000928,-0.001526,0.002963,0.020464,-0.004957,-0.005317,0.012202,0.024636,0.021418,0.020409,0.009865,0.023914,0.043956,0.014299,0.002122,-0.002817,-0.020654,-0.005343,-0.002146,-0.003837,-0.001105,0.015711,-0.002148,-0.018778,-0.000074,-0.000049,0.000390,-0.000023,-0.000830,-0.000934,0.006734,0.011199,-0.021271,-0.004513,-0.004575,-0.003711,-0.002761,-0.004857,-0.005694,-0.006653,-0.004978,-0.005424,-0.006437,-0.007022,-0.008147,-0.010697,-0.011216,-0.011563,-0.012589,-0.014729,-0.016236,-0.017030,-0.019533,-0.021583,-0.022349,-0.021027,-0.021304,-0.017599,-0.017090,-0.015464,-0.013876,-0.008386,-0.001911,0.006582,0.012416,0.008810,0.007874,0.007429,0.010795,0.013385,0.011718,0.008768,0.008167,0.007254,0.005658,0.001589,0.000864,-0.001141,-0.003344,-0.003733,-0.004678,-0.008999,-0.009697,-0.010473,-0.012844,-0.014652,-0.014155,-0.013381,-0.013796,-0.014822,-0.015220,-0.015804,-0.013249,-0.014622,-0.012889,-0.010709,-0.008747,-0.007486,-0.005402,-0.005612,-0.008713,-0.010241,-0.010411,-0.014548,-0.017684,-0.015531,-0.012383,-0.011301,-0.010180,89.894631,89.877495,89.869520,89.873816,89.883775,89.910353,89.911422,89.920368,89.931310,89.922962,89.918088,89.913976,89.915227,89.917885,89.917624,89.913716,89.910443,89.910196,89.915818,89.924134,89.932441,89.949010,89.937377,89.934524,89.940499,89.948154,89.952696,89.952871,89.954944,89.961377,89.971581,89.969086,89.954583,89.945071,89.961383,89.942878,89.922461,89.901813,89.896864,89.908632,89.959480,90.256794,90.434944,90.522582,90.530452,90.501446,90.468436,90.419324,90.348175,90.288723,90.267147,90.280792,90.331134,90.375585,90.409058,90.430888,90.429035,90.408091,90.392804,90.367534,90.330446,90.284043,90.215767,90.193764,90.267640,90.287349,90.198295,90.014932,89.952428,89.938433,89.914829,89.891996,89.865545,89.839785,89.821091,89.812584,89.815899,89.818180,89.820411,89.830719,89.845515,89.851460,89.852769,89.882597,89.925649,89.942066,89.944437,89.936828,89.933357,89.939781,89.947805,89.958877,89.985658,89.976390,89.950931,89.941908,89.930405,89.916463,89.903207,89.913878,89.902152,89.889555,89.853748,89.842353,89.847135,89.851489,89.863709,89.871829,89.879011,89.889254,89.898376,89.908326,89.924599,89.936965,89.956556,89.945756,89.941733,89.951101,89.962210,89.965983,89.970323,89.979039,89.987874,89.997735,90.117718,90.066113,90.103696,90.000036,90.169449,90.121928,90.167420,90.167355,90.017767,89.974180,89.982479,89.993888,90.001042,89.998979,89.996708,90.171119,90.040816,90.019276,89.996523,90.007820,90.181452,90.113591,90.059280,90.100786,90.158034,90.133818,90.104491,89.993243,89.985745,90.129888,90.133126,90.112844,90.139177,89.998486,89.967845,89.999030,90.014141,90.006672,90.116359,90.117792,89.993703,89.990860,89.982265,89.961166,89.965157,89.983761,89.973026,90.018451,90.136527,90.003836,89.996744,89.995309,89.988718,89.985064,89.985774,89.994276,89.999141,89.994251,89.980273,89.968645,89.963511,89.959817,89.953368,89.945287,89.942818,89.950002,89.960576,89.970622,89.982213,89.991498,89.991656,89.984235,89.979068,89.973846,89.997758,89.987871,89.978691,89.963924,89.943459,89.917558,89.902882,89.933127,89.925112,89.910955,89.897157,89.905181,89.917741,89.923120,89.929314,89.939617,89.940703,89.933459,89.914070,89.912325,89.911943,89.908310,89.910124,89.914737,89.900503,89.898477,89.909369,89.926279,89.932889,89.935233,89.946586,89.956187,89.955958,89.952386,89.953414,89.975809,89.975015,89.970218,89.961093,89.951564,89.947706,89.952491,89.961773,89.954454,89.939614,89.938021,89.927596,89.905360,89.897022,89.901998,89.905053,89.901840,0.000695,0.000821,0.000855,0.000815,0.000759,0.000465,0.000519,0.000508,0.000511,0.000700,0.000732,0.000731,0.000728,0.000740,0.000748,0.000737,0.000729,0.000749,0.000771,0.000765,0.000716,0.000541,0.000737,0.000854,0.000895,0.000922,0.000941,0.000952,0.000930,0.000917,0.000869,0.000867,0.000911,0.000946,0.000794,0.001068,0.001131,0.001177,0.001184,0.001173,0.001144,0.001130,0.001125,0.001110,0.001078,0.001049,0.001029,0.000992,0.000928,0.000891,0.000873,0.000867,0.000882,0.000940,0.001045,0.001161,0.001224,0.001235,0.001243,0.001236,0.001229,0.001230,0.001263,0.001263,0.001200,0.001169,0.001097,0.000998,0.000898,0.000961,0.001137,0.001225,0.001265,0.001272,0.001247,0.001173,0.001027,0.000979,0.000984,0.000939,0.000861,0.000919,0.001137,0.001112,0.000941,0.000955,0.000951,0.000954,0.000947,0.000939,0.000967,0.000951,0.000671,0.000762,0.000977,0.000944,0.000909,0.000933,0.000969,0.000675,0.000673,0.000693,0.001014,0.000996,0.000832,0.000803,0.000734,0.000710,0.000711,0.000686,0.000682,0.000704,0.000668,0.000640,0.000378,0.000385,0.000370,0.000353,0.000370,0.000425,0.000464,0.000488,0.000458,0.000439,0.000468,0.000814,0.000496,0.000509,0.000531,0.000817,0.000865,0.000693,0.000703,0.000594,0.000565,0.000518,0.000538,0.000522,0.000497,0.000630,0.000437,0.000374,0.000585,0.000612,0.000620,0.000786,0.000813,0.000841,0.000762,0.000721,0.000735,0.000570,0.000606,0.000338,0.000409,0.000369,0.000341,0.000350,0.000340,0.000378,0.000412,0.000463,0.000439,0.000578,0.000446,0.000548,0.000441,0.000436,0.000440,0.000441,0.000429,0.000360,0.000279,0.000274,0.000273,0.000287,0.000367,0.000383,0.000408,0.000425,0.000452,0.000492,0.000554,0.000596,0.000588,0.000551,0.000494,0.000443,0.000435,0.000440,0.000452,0.000452,0.000439,0.000433,0.000435,0.000434,0.000440,0.000447,0.000447,0.000432,0.000409,0.000377,0.000438,0.000729,0.000802,0.000360,0.000310,0.000311,0.000419,0.000407,0.000348,0.000337,0.000360,0.000359,0.000358,0.000353,0.000525,0.000539,0.000601,0.000686,0.000651,0.000504,0.000595,0.000633,0.000631,0.000589,0.000615,0.000657,0.000636,0.000670,0.000727,0.000707,0.000680,0.000486,0.000598,0.000657,0.000668,0.000654,0.000634,0.000573,0.000434,0.000425,0.000516,0.000488,0.000532,0.000653,0.000669,0.000657,0.000680,0.000687
-0.007505,-0.005623,-0.002338,-0.000119,0.001691,0.007944,0.005302,0.004301,0.000471,-0.003399,-0.002279,-0.003705,-0.007286,-0.011296,-0.014758,-0.017012,-0.018828,-0.022120,-0.024985,-0.027752,-0.030301,-0.030498,-0.035430,-0.035437,-0.036406,-0.036043,-0.035488,-0.035107,-0.035873,-0.038718,-0.042272,-0.044584,-0.046877,-0.050593,-0.052730,-0.061760,-0.058798,-0.058154,-0.058759,-0.059781,-0.052962,0.006176,0.018591,0.022684,0.024250,0.023282,0.020737,0.017355,0.012950,0.012407,0.014601,0.015859,0.011766,0.005185,-0.005444,-0.013772,-0.019605,-0.022553,-0.024935,-0.024793,-0.023014,-0.021279,-0.016765,-0.006387,0.006575,0.002057,-0.005048,-0.001905,0.027312,0.034286,0.030195,0.029554,0.025713,0.022519,0.021043,0.020305,0.019160,0.020496,0.019926,0.022373,0.024723,0.026537,0.029567,0.034733,0.037549,0.036209,0.035843,0.033919,0.033735,0.036339,0.038705,0.038755,0.040049,0.037596,0.035647,0.036626,0.034266,0.030160,0.025507,0.026755,0.022009,0.019730,0.014835,0.017014,0.018438,0.016155,0.016691,0.016772,0.016803,0.016460,0.014354,0.013260,0.013982,0.012581,0.015169,0.015463,0.015432,0.014959,0.013691,0.012891,0.012925,0.012563,0.011815,0.009635,0.022920,-0.001285,0.013493,-0.001226,0.027299,-0.002866,0.012187,0.014647,-0.002836,0.014486,0.017398,0.012848,0.009717,0.005653,0.002689,0.023339,-0.004295,-0.004837,0.001153,0.001701,0.018908,-0.005912,-0.005535,0.013898,0.021381,0.021657,0.019936,0.010048,0.023939,0.044921,0.014219,0.003349,-0.001428,-0.020995,-0.005028,-0.000058,-0.002029,0.000115,0.014927,-0.003135,-0.016164,-0.002233,0.000423,0.000347,0.000282,-0.001072,-0.004181,0.007849,0.009921,-0.021766,-0.005158,-0.003742,-0.003381,-0.002121,-0.002226,-0.003399,-0.004905,-0.004317,-0.002871,-0.003901,-0.007399,-0.009203,-0.011780,-0.012091,-0.012205,-0.012628,-0.014666,-0.016363,-0.017694,-0.019539,-0.020920,-0.021803,-0.021085,-0.021716,-0.019820,-0.016454,-0.014559,-0.014540,-0.008930,-0.001680,0.006747,0.010159,0.006418,0.008076,0.006191,0.009673,0.012306,0.012001,0.010033,0.007978,0.007067,0.005922,0.000942,0.000221,-0.001154,-0.002414,-0.003473,-0.005123,-0.009160,-0.009205,-0.009870,-0.012117,-0.014170,-0.013314,-0.012781,-0.013445,-0.014930,-0.015865,-0.016255,-0.012963,-0.013786,-0.013300,-0.013264,-0.010358,-0.007012,-0.004369,-0.004467,-0.008490,-0.010663,-0.010457,-0.013286,-0.016262,-0.015057,-0.014097,-0.013176,-0.010783,89.886636,89.873028,89.866909,89.870966,89.869692,89.895488,89.902433,89.920720,89.932838,89.921179,89.917644,89.921133,89.926748,89.927118,89.920237,89.914392,89.919732,89.928409,89.929775,89.926754,89.929481,89.941941,89.924584,89.924972,89.934866,89.947033,89.954019,89.954528,89.957429,89.966044,89.976173,89.975034,89.960576,89.946286,89.961327,89.939235,89.916976,89.900869,89.899960,89.906701,89.931406,90.267979,90.441341,90.501670,90.510118,90.511384,90.478402,90.409204,90.338510,90.293637,90.262161,90.270035,90.320260,90.374577,90.409377,90.421166,90.422240,90.410291,90.396387,90.374745,90.337328,90.273602,90.217856,90.207872,90.266862,90.287433,90.190089,90.005066,89.939927,89.928848,89.913171,89.901535,89.876455,89.839560,89.810951,89.801988,89.805859,89.821050,89.824069,89.835706,89.856422,89.869091,89.872549,89.896076,89.928473,89.936881,89.938404,89.935256,89.933223,89.940788,89.956201,89.967823,89.985689,89.973204,89.941593,89.934662,89.931894,89.923283,89.904096,89.911762,89.902152,89.891218,89.862053,89.855281,89.861096,89.859613,89.868087,89.877207,89.886816,89.896533,89.900796,89.901108,89.909964,89.921423,89.947775,89.949272,89.945262,89.947934,89.955471,89.958315,89.958601,89.963445,89.980616,89.999963,90.121127,90.061680,90.075030,90.004041,90.170545,90.141717,90.161557,90.167636,90.011440,89.971204,89.981726,89.994164,90.002993,89.997727,89.981648,90.144755,90.020011,90.005540,90.004091,90.004168,90.163996,90.119713,90.072500,90.124677,90.170974,90.159928,90.110500,89.993456,89.992545,90.138489,90.142158,90.129888,90.137018,89.981168,89.975904,90.009835,90.013469,90.019494,90.115509,90.136995,90.008786,89.986810,89.974681,89.963744,89.973961,89.993431,89.970584,90.026383,90.138434,90.001178,89.994086,89.995567,89.988349,89.986597,89.988429,89.992965,89.996588,89.996072,89.986260,89.972768,89.964063,89.959367,89.952590,89.942105,89.939290,89.953532,89.974350,89.987885,89.993593,89.995061,89.995263,89.991474,89.992562,89.992388,89.993533,89.980933,89.968053,89.962971,89.957699,89.909342,89.899923,89.938569,89.932976,89.920103,89.895418,89.899228,89.914823,89.926615,89.935921,89.940596,89.936710,89.932264,89.919015,89.919488,89.915035,89.908921,89.907773,89.909595,89.892796,89.893769,89.909182,89.925250,89.927955,89.929755,89.945800,89.964668,89.972064,89.967189,89.959325,89.973426,89.967755,89.961418,89.950422,89.940147,89.939259,89.945377,89.951193,89.938642,89.920707,89.919726,89.912762,89.893450,89.894115,89.905683,89.907703,89.898761,0.000671,0.000808,0.000911,0.000863,0.000842,0.000516,0.000574,0.000539,0.000522,0.000697,0.000720,0.000706,0.000727,0.000770,0.000806,0.000820,0.000813,0.000810,0.000798,0.000760,0.000718,0.000613,0.000865,0.000893,0.000903,0.000945,0.000981,0.000979,0.000937,0.000904,0.000885,0.000872,0.000910,0.000981,0.000842,0.001138,0.001201,0.001218,0.001199,0.001191,0.001179,0.001176,0.001176,0.001150,0.001123,0.001116,0.001077,0.000997,0.000939,0.000914,0.000905,0.000912,0.000952,0.001010,0.001094,0.001172,0.001233,0.001269,0.001296,0.001300,0.001281,0.001296,0.001316,0.001295,0.001208,0.001220,0.001190,0.001068,0.001005,0.000971,0.001132,0.001189,0.001219,0.001233,0.001231,0.001175,0.001089,0.000918,0.000937,0.000948,0.000919,0.000991,0.001168,0.001125,0.000936,0.000951,0.000948,0.000951,0.000952,0.000938,0.000918,0.000928,0.000706,0.000735,0.000979,0.000967,0.000916,0.000897,0.000983,0.000736,0.000759,0.000794,0.001066,0.001043,0.000897,0.000914,0.000862,0.000832,0.000812,0.000755,0.000712,0.000738,0.000711,0.000691,0.000432,0.000392,0.000396,0.000399,0.000410,0.000427,0.000432,0.000460,0.000456,0.000455,0.000508,0.000758,0.000573,0.000595,0.000625,0.000952,0.000827,0.000639,0.000731,0.000641,0.000677,0.000602,0.000569,0.000556,0.000515,0.000465,0.000405,0.000446,0.000618,0.000635,0.000683,0.000767,0.000867,0.000866,0.000804,0.000700,0.000603,0.000633,0.000632,0.000331,0.000360,0.000429,0.000392,0.000389,0.000415,0.000433,0.000401,0.000440,0.000461,0.000457,0.000393,0.000472,0.000487,0.000457,0.000423,0.000426,0.000424,0.000357,0.000277,0.000287,0.000300,0.000317,0.000425,0.000454,0.000466,0.000477,0.000500,0.000524,0.000565,0.000587,0.000565,0.000529,0.000501,0.000494,0.000514,0.000523,0.000514,0.000485,0.000466,0.000480,0.000486,0.000481,0.000471,0.000463,0.000451,0.000439,0.000447,0.000446,0.000392,0.000661,0.000743,0.000333,0.000367,0.000305,0.000472,0.000497,0.000444,0.000407,0.000387,0.000364,0.000363,0.000382,0.000617,0.000678,0.000738,0.000788,0.000742,0.000567,0.000651,0.000681,0.000677,0.000634,0.000658,0.000694,0.000652,0.000666,0.000724,0.000746,0.000760,0.000555,0.000632,0.000651,0.000668,0.000688,0.000656,0.000575,0.000434,0.000437,0.000534,0.000525,0.000592,0.000776,0.000769,0.000684,0.000648,0.000640
-0.006681,-0.006081,-0.002298,0.000433,0.002922,0.006918,0.003766,0.003014,0.000559,-0.003299,-0.003718,-0.004957,-0.007846,-0.010542,-0.013166,-0.015857,-0.018744,-0.020452,-0.023585,-0.027332,-0.029753,-0.028860,-0.035172,-0.035012,-0.035177,-0.034969,-0.035589,-0.035277,-0.036279,-0.039345,-0.042709,-0.044851,-0.047760,-0.051454,-0.052075,-0.062091,-0.059166,-0.057414,-0.057101,-0.058225,-0.052206,0.007443,0.019523,0.024557,0.024395,0.021856,0.019224,0.016348,0.012918,0.013538,0.015658,0.015667,0.013119,0.005719,-0.004443,-0.013553,-0.019201,-0.022923,-0.025243,-0.024879,-0.023992,-0.022594,-0.017287,-0.006533,0.006258,0.002816,-0.005430,-0.001885,0.027683,0.035089,0.031211,0.028288,0.024973,0.022599,0.021460,0.021545,0.021058,0.019904,0.018603,0.022466,0.025632,0.027931,0.030016,0.035603,0.037522,0.036581,0.035345,0.034817,0.035519,0.037279,0.037458,0.037798,0.040320,0.036824,0.034878,0.037380,0.034520,0.029981,0.024450,0.026925,0.022207,0.019096,0.014492,0.017338,0.018253,0.017276,0.017679,0.017341,0.017185,0.016081,0.014011,0.014334,0.014987,0.013392,0.015885,0.015282,0.015171,0.013638,0.012205,0.012399,0.011595,0.010090,0.009995,0.009761,0.024558,-0.002488,0.012853,-0.002075,0.026050,-0.001495,0.011159,0.013933,-0.002046,0.014692,0.018624,0.014413,0.010493,0.006393,0.003527,0.024062,-0.004101,-0.003936,0.000684,0.003702,0.019399,-0.005499,-0.006138,0.013019,0.022620,0.022720,0.020553,0.009346,0.023112,0.044468,0.014136,0.002771,-0.001573,-0.021925,-0.004490,-0.001348,-0.002983,0.000899,0.014059,-0.002976,-0.017445,-0.001932,-0.001503,0.000268,0.000157,-0.002164,-0.002368,0.007541,0.010159,-0.019748,-0.005259,-0.005888,-0.004551,-0.004745,-0.004105,-0.003957,-0.005021,-0.004787,-0.003736,-0.004525,-0.006922,-0.010320,-0.012694,-0.011994,-0.011534,-0.012454,-0.014246,-0.015939,-0.017789,-0.019070,-0.020573,-0.021849,-0.021778,-0.021933,-0.019147,-0.016667,-0.016161,-0.014218,-0.009154,-0.002969,0.004682,0.011791,0.006940,0.009472,0.008803,0.011659,0.012477,0.012344,0.011350,0.009707,0.006970,0.004254,0.000710,0.002185,-0.000641,-0.003566,-0.004098,-0.004496,-0.009623,-0.010187,-0.010974,-0.012968,-0.015251,-0.014705,-0.013470,-0.013267,-0.012999,-0.013887,-0.015703,-0.013363,-0.015245,-0.013174,-0.011252,-0.009967,-0.007789,-0.004700,-0.003957,-0.008364,-0.012115,-0.011610,-0.013961,-0.015987,-0.014523,-0.013553,-0.013332,-0.010458,89.894410,89.873741,89.863144,89.863225,89.875749,89.910264,89.912515,89.919728,89.926866,89.917173,89.914687,89.917620,89.923342,89.927066,89.926293,89.921011,89.915173,89.914169,89.919522,89.927670,89.935415,89.950302,89.926983,89.925730,89.933855,89.941793,89.942878,89.944026,89.954808,89.965139,89.965985,89.957979,89.946033,89.942982,89.970626,89.942407,89.921922,89.903376,89.904671,89.922783,89.952187,90.248351,90.420201,90.507448,90.523584,90.504506,90.471177,90.421822,90.342829,90.285379,90.264154,90.281880,90.330970,90.372999,90.406785,90.429365,90.433262,90.418155,90.403239,90.377551,90.330454,90.267748,90.220754,90.203820,90.257301,90.283210,90.184707,90.013397,89.953380,89.939707,89.926236,89.904890,89.876912,89.845102,89.823138,89.817018,89.824696,89.832143,89.823607,89.826191,89.841325,89.850294,89.848819,89.877136,89.915465,89.932511,89.937323,89.936429,89.937233,89.943891,89.949553,89.956515,89.984160,89.979787,89.951647,89.948711,89.940151,89.924790,89.901870,89.911891,89.904191,89.890943,89.863073,89.860361,89.862554,89.862380,89.871368,89.875606,89.877138,89.881705,89.890349,89.897733,89.911454,89.922246,89.949055,89.950388,89.954586,89.962430,89.961776,89.956722,89.959004,89.969153,89.981712,89.985012,90.119095,90.062952,90.072183,90.023882,90.176194,90.132319,90.159810,90.165322,90.016220,89.971990,89.984154,89.992984,90.000990,89.997166,89.994060,90.138102,90.048274,90.003736,90.001326,90.013595,90.164633,90.126138,90.073043,90.119915,90.167032,90.140618,90.103317,89.999614,89.998942,90.143130,90.114501,90.106908,90.149522,90.015721,89.973937,90.008259,89.989392,89.984818,90.096244,90.114434,89.988940,89.985018,89.984694,89.971684,89.981095,89.983603,89.967059,90.018714,90.122260,90.004118,90.002304,89.999327,89.993701,89.987763,89.985951,89.989980,89.993870,89.990512,89.976577,89.963708,89.956223,89.950865,89.942776,89.937067,89.941492,89.950237,89.957078,89.966036,89.980221,89.990323,89.990980,89.986143,89.986763,89.987695,89.987462,89.984831,89.980760,89.978795,89.966510,89.918859,89.905447,89.943326,89.934952,89.922152,89.897285,89.903403,89.917971,89.923432,89.923328,89.925996,89.929759,89.931933,89.917992,89.917337,89.915086,89.917434,89.925204,89.929923,89.905321,89.899564,89.910470,89.927736,89.935938,89.940683,89.947317,89.947422,89.941988,89.941229,89.949915,89.978061,89.970985,89.960780,89.952749,89.949875,89.952645,89.955552,89.958601,89.944093,89.924369,89.925495,89.920319,89.900391,89.893920,89.898878,89.901189,89.899659,0.000658,0.000861,0.000937,0.000942,0.000853,0.000486,0.000545,0.000542,0.000527,0.000693,0.000744,0.000742,0.000732,0.000752,0.000800,0.000822,0.000802,0.000765,0.000747,0.000745,0.000733,0.000544,0.000817,0.000888,0.000937,0.000966,0.000987,0.000983,0.000927,0.000905,0.000942,0.000978,0.001015,0.001026,0.000764,0.001156,0.001220,0.001269,0.001284,0.001277,0.001260,0.001246,0.001232,0.001203,0.001153,0.001103,0.001057,0.001006,0.000951,0.000909,0.000884,0.000877,0.000901,0.000953,0.001033,0.001115,0.001177,0.001234,0.001303,0.001326,0.001297,0.001286,0.001293,0.001292,0.001231,0.001243,0.001251,0.001172,0.000979,0.001029,0.001153,0.001292,0.001325,0.001309,0.001273,0.001223,0.001123,0.001006,0.001025,0.000990,0.000946,0.001028,0.001233,0.001121,0.000920,0.000896,0.000891,0.000898,0.000921,0.000926,0.000969,0.000995,0.000699,0.000718,0.000983,0.000933,0.000945,0.000967,0.001046,0.000743,0.000753,0.000833,0.001092,0.000995,0.000876,0.000889,0.000833,0.000792,0.000752,0.000700,0.000681,0.000749,0.000748,0.000750,0.000471,0.000476,0.000480,0.000461,0.000467,0.000468,0.000466,0.000482,0.000472,0.000466,0.000463,0.000876,0.000531,0.000571,0.000640,0.000894,0.000811,0.000617,0.000710,0.000640,0.000611,0.000553,0.000541,0.000549,0.000525,0.000511,0.000485,0.000330,0.000626,0.000642,0.000691,0.000795,0.000898,0.000924,0.000841,0.000744,0.000648,0.000628,0.000631,0.000486,0.000298,0.000389,0.000404,0.000400,0.000471,0.000533,0.000392,0.000468,0.000502,0.000514,0.000454,0.000464,0.000473,0.000473,0.000460,0.000453,0.000447,0.000352,0.000307,0.000315,0.000307,0.000309,0.000405,0.000441,0.000488,0.000520,0.000533,0.000530,0.000534,0.000544,0.000541,0.000521,0.000494,0.000481,0.000495,0.000524,0.000551,0.000538,0.000490,0.000460,0.000459,0.000457,0.000451,0.000456,0.000464,0.000467,0.000463,0.000436,0.000456,0.000677,0.000750,0.000306,0.000338,0.000281,0.000457,0.000477,0.000440,0.000443,0.000470,0.000465,0.000433,0.000392,0.000592,0.000622,0.000703,0.000790,0.000766,0.000585,0.000685,0.000680,0.000660,0.000623,0.000653,0.000680,0.000647,0.000663,0.000721,0.000732,0.000732,0.000523,0.000682,0.000770,0.000789,0.000752,0.000670,0.000601,0.000472,0.000497,0.000624,0.000575,0.000596,0.000744,0.000762,0.000700,0.000662,0.000640
-0.007281,-0.007383,-0.003628,0.000227,0.003256,0.007147,0.004586,0.003542,0.001688,-0.001275,-0.001940,-0.004185,-0.007284,-0.010878,-0.014128,-0.016250,-0.018596,-0.022448,-0.025505,-0.027917,-0.029995,-0.030232,-0.035411,-0.034727,-0.034415,-0.034670,-0.035119,-0.035301,-0.037057,-0.039236,-0.041983,-0.044138,-0.046669,-0.050918,-0.053844,-0.063513,-0.059448,-0.057433,-0.059683,-0.059545,-0.050553,0.004963,0.018810,0.023391,0.024512,0.021738,0.019352,0.017542,0.014747,0.014355,0.015674,0.015519,0.011983,0.002833,-0.006830,-0.014458,-0.019939,-0.023084,-0.024880,-0.024929,-0.023987,-0.021430,-0.016115,-0.007520,0.004808,0.000346,-0.003942,-0.000890,0.026807,0.034959,0.032771,0.029531,0.024641,0.021781,0.021579,0.021410,0.020530,0.018863,0.019475,0.023464,0.025513,0.027215,0.029501,0.034436,0.036641,0.035831,0.036284,0.035760,0.035666,0.035602,0.036207,0.038030,0.039550,0.034820,0.034193,0.036984,0.034421,0.029932,0.025683,0.027262,0.022335,0.020732,0.015862,0.017419,0.018617,0.017532,0.017886,0.017052,0.016831,0.016571,0.015782,0.015858,0.014689,0.013518,0.016819,0.015267,0.015020,0.014195,0.013837,0.013592,0.012169,0.010513,0.010938,0.010554,0.022214,-0.000864,0.014738,-0.002049,0.026661,-0.001731,0.012790,0.014338,-0.000767,0.014442,0.017224,0.013429,0.010389,0.006488,0.004633,0.024305,-0.005011,-0.003093,0.000605,0.002570,0.020691,-0.005685,-0.003626,0.013201,0.020847,0.022338,0.019903,0.008673,0.023047,0.045470,0.014766,0.005060,-0.000061,-0.021997,-0.005636,-0.002251,-0.001630,0.000925,0.012618,-0.004143,-0.016967,-0.000766,0.000606,0.000276,0.000230,-0.003007,-0.001905,0.005471,0.008916,-0.022429,-0.004531,-0.004716,-0.005867,-0.004266,-0.003805,-0.002582,-0.004399,-0.005170,-0.003621,-0.004353,-0.007027,-0.009647,-0.011896,-0.012388,-0.012116,-0.012788,-0.014704,-0.016518,-0.017478,-0.019700,-0.021888,-0.023179,-0.021536,-0.020786,-0.017621,-0.016947,-0.016924,-0.015073,-0.010294,-0.001439,0.004113,0.009529,0.006903,0.009197,0.008513,0.011850,0.013412,0.012310,0.009927,0.008343,0.006109,0.004591,0.001072,0.001183,-0.002525,-0.004802,-0.004897,-0.005755,-0.009714,-0.009165,-0.009672,-0.011954,-0.014494,-0.013945,-0.013649,-0.013876,-0.014761,-0.015182,-0.015322,-0.012964,-0.015173,-0.013555,-0.011811,-0.009137,-0.005983,-0.004351,-0.004525,-0.008271,-0.010985,-0.011274,-0.015068,-0.016616,-0.014059,-0.012503,-0.011337,-0.009129,89.890065,89.875606,89.870548,89.875850,89.883057,89.903465,89.906766,89.917748,89.929102,89.928787,89.929985,89.924216,89.920018,89.920961,89.924630,89.928406,89.928439,89.920946,89.914752,89.916849,89.928509,89.951681,89.942804,89.939275,89.943901,89.948083,89.946244,89.943694,89.953121,89.970248,89.979256,89.969690,89.949741,89.939505,89.954190,89.929210,89.916024,89.909659,89.907557,89.906316,89.961431,90.266391,90.434315,90.501882,90.513900,90.497917,90.463360,90.407384,90.345007,90.302616,90.268637,90.274980,90.329760,90.379710,90.409133,90.429200,90.438799,90.423267,90.398886,90.368420,90.329549,90.270053,90.221160,90.198392,90.259344,90.292511,90.194934,90.009638,89.952164,89.934795,89.916933,89.899980,89.879844,89.852428,89.827090,89.811994,89.818029,89.824853,89.824872,89.837955,89.858176,89.869267,89.867132,89.887357,89.921047,89.934420,89.939587,89.935424,89.930399,89.936053,89.949027,89.964668,89.992620,89.977680,89.948570,89.940164,89.932061,89.916201,89.895634,89.908628,89.906475,89.897677,89.859815,89.845228,89.849050,89.852814,89.864879,89.872446,89.880707,89.884948,89.889401,89.898645,89.907911,89.916985,89.944932,89.947958,89.953891,89.962379,89.963415,89.958854,89.960551,89.969031,89.989763,90.010950,90.130086,90.053466,90.073231,90.008314,90.172807,90.142690,90.176291,90.156985,90.010322,89.964979,89.987570,89.994895,89.999828,89.997082,90.009700,90.160594,90.037727,90.014276,90.014582,90.012063,90.188600,90.119004,90.081416,90.119907,90.159238,90.152858,90.116501,89.998498,89.998957,90.131482,90.120083,90.125688,90.150699,90.011284,89.977947,90.000985,90.012274,90.018934,90.112411,90.118914,90.001383,89.989565,89.975735,89.979069,89.979301,89.980147,89.967797,90.020066,90.159600,90.014000,90.000309,89.994539,89.986715,89.984020,89.979957,89.982260,89.987696,89.989486,89.982376,89.972360,89.967662,89.965548,89.957834,89.943287,89.937185,89.947342,89.964754,89.981097,89.993132,89.998329,89.994863,89.988711,89.989979,89.990099,89.995567,89.990212,89.976615,89.967666,89.952571,89.920375,89.914752,89.945501,89.930843,89.912376,89.889894,89.903181,89.924624,89.931209,89.927128,89.929630,89.935461,89.938740,89.918237,89.914431,89.906586,89.899689,89.902910,89.913102,89.900943,89.898798,89.908217,89.922912,89.930415,89.938202,89.953516,89.964416,89.964026,89.957670,89.955107,89.975936,89.971660,89.965209,89.956921,89.947307,89.944950,89.948514,89.960482,89.952082,89.930009,89.927467,89.920041,89.899470,89.887599,89.887263,89.890672,89.892496,0.000657,0.000837,0.000919,0.000915,0.000861,0.000592,0.000581,0.000539,0.000564,0.000715,0.000727,0.000710,0.000702,0.000715,0.000740,0.000744,0.000745,0.000768,0.000772,0.000753,0.000730,0.000590,0.000793,0.000887,0.000911,0.000920,0.000918,0.000927,0.000938,0.000933,0.000919,0.000909,0.000962,0.000988,0.000819,0.001150,0.001171,0.001164,0.001160,0.001180,0.001208,0.001202,0.001176,0.001124,0.001074,0.001048,0.001030,0.000990,0.000952,0.000933,0.000927,0.000927,0.000945,0.000996,0.001061,0.001133,0.001187,0.001214,0.001253,0.001275,0.001268,0.001275,0.001300,0.001337,0.001305,0.001325,0.001271,0.001152,0.001036,0.001062,0.001160,0.001256,0.001261,0.001205,0.001136,0.001116,0.001030,0.001011,0.001064,0.001021,0.000943,0.000976,0.001180,0.001146,0.000956,0.000967,0.000974,0.000977,0.000984,0.000966,0.000963,0.000961,0.000687,0.000811,0.001043,0.001010,0.000970,0.000985,0.001036,0.000722,0.000704,0.000736,0.001066,0.001083,0.000962,0.000928,0.000826,0.000782,0.000738,0.000729,0.000739,0.000755,0.000802,0.000799,0.000476,0.000454,0.000443,0.000433,0.000478,0.000543,0.000553,0.000552,0.000512,0.000475,0.000489,0.000763,0.000455,0.000518,0.000575,0.000849,0.000780,0.000641,0.000707,0.000692,0.000667,0.000604,0.000588,0.000579,0.000610,0.000647,0.000427,0.000582,0.000649,0.000664,0.000648,0.000777,0.000893,0.000917,0.000891,0.000839,0.000687,0.000638,0.000623,0.000330,0.000369,0.000385,0.000416,0.000407,0.000428,0.000428,0.000521,0.000371,0.000412,0.000378,0.000470,0.000506,0.000501,0.000483,0.000464,0.000471,0.000479,0.000416,0.000326,0.000333,0.000333,0.000327,0.000407,0.000413,0.000452,0.000487,0.000517,0.000538,0.000574,0.000611,0.000613,0.000586,0.000551,0.000525,0.000505,0.000489,0.000494,0.000487,0.000469,0.000456,0.000445,0.000417,0.000412,0.000449,0.000474,0.000464,0.000458,0.000447,0.000442,0.000625,0.000690,0.000304,0.000344,0.000329,0.000482,0.000483,0.000420,0.000398,0.000429,0.000434,0.000428,0.000405,0.000648,0.000654,0.000705,0.000785,0.000767,0.000593,0.000648,0.000643,0.000622,0.000599,0.000663,0.000702,0.000643,0.000648,0.000699,0.000715,0.000720,0.000510,0.000649,0.000749,0.000782,0.000768,0.000681,0.000600,0.000435,0.000455,0.000596,0.000555,0.000608,0.000748,0.000759,0.000704,0.000656,0.000624
-0.009364,-0.007960,-0.002968,0.000975,0.002732,0.006828,0.005726,0.004177,0.001170,-0.002618,-0.001930,-0.003424,-0.007328,-0.011315,-0.013770,-0.015574,-0.019383,-0.023029,-0.025652,-0.028717,-0.032011,-0.032181,-0.034368,-0.034104,-0.034858,-0.035555,-0.035519,-0.036439,-0.038145,-0.040605,-0.041742,-0.043349,-0.046872,-0.050695,-0.052130,-0.062414,-0.060235,-0.058871,-0.057628,-0.056863,-0.052961,0.006192,0.019031,0.023421,0.024195,0.022924,0.020560,0.017158,0.013916,0.014409,0.016053,0.016672,0.012547,0.003518,-0.005415,-0.013319,-0.020771,-0.024601,-0.025823,-0.024214,-0.022545,-0.022761,-0.018103,-0.007049,0.005879,0.001971,-0.005028,0.000012,0.027382,0.033880,0.031393,0.029211,0.025231,0.022038,0.020282,0.020195,0.019710,0.020212,0.019356,0.022502,0.024700,0.027087,0.030671,0.035702,0.036488,0.034374,0.034257,0.034374,0.036089,0.036732,0.036123,0.036369,0.039050,0.035524,0.033958,0.034511,0.033459,0.029988,0.025428,0.028139,0.022250,0.019210,0.013841,0.016396,0.017959,0.017025,0.016746,0.017277,0.017095,0.015786,0.014858,0.014613,0.014644,0.012993,0.014992,0.014318,0.015261,0.014765,0.012669,0.011477,0.011090,0.010156,0.010310,0.010652,0.023442,-0.002192,0.013329,-0.002042,0.026399,-0.004071,0.012793,0.014287,-0.002057,0.015301,0.016222,0.013954,0.011172,0.007105,0.004223,0.023225,-0.002049,-0.002539,-0.000003,0.002768,0.020099,-0.005610,-0.005811,0.013128,0.022045,0.021287,0.020394,0.010994,0.023178,0.043877,0.011870,0.002002,-0.002078,-0.022532,-0.005163,-0.002459,-0.002809,0.000680,0.013792,-0.001871,-0.014999,-0.001075,0.001103,-0.001233,-0.000805,-0.001284,-0.001833,0.006478,0.008628,-0.023033,-0.004555,-0.003442,-0.004306,-0.005101,-0.003866,-0.004727,-0.004888,-0.005214,-0.005397,-0.006275,-0.006528,-0.008340,-0.011884,-0.012067,-0.010948,-0.012475,-0.015707,-0.017810,-0.017704,-0.018762,-0.020129,-0.022430,-0.022485,-0.022988,-0.019316,-0.016849,-0.015654,-0.016678,-0.009243,-0.001059,0.007074,0.010993,0.007984,0.008364,0.007299,0.010397,0.013430,0.011834,0.010028,0.008553,0.008165,0.006118,0.001665,0.001643,-0.000285,-0.002769,-0.004317,-0.004980,-0.009502,-0.010243,-0.011664,-0.012360,-0.013153,-0.013396,-0.013916,-0.014874,-0.016038,-0.016829,-0.016547,-0.013493,-0.015343,-0.013826,-0.012682,-0.011109,-0.009159,-0.005942,-0.004643,-0.008485,-0.011027,-0.011300,-0.014867,-0.017920,-0.015472,-0.013958,-0.013453,-0.011560,89.886443,89.869257,89.860477,89.863140,89.871627,89.899533,89.911215,89.924995,89.936827,89.925297,89.920079,89.916138,89.917689,89.917261,89.914685,89.915660,89.919329,89.921754,89.923122,89.927353,89.935045,89.944711,89.931951,89.932220,89.948338,89.961054,89.963757,89.957379,89.956252,89.962164,89.970538,89.972603,89.967806,89.962742,89.974320,89.938492,89.915254,89.899478,89.890894,89.903340,89.946424,90.248827,90.436609,90.521003,90.525557,90.497662,90.459026,90.404874,90.348169,90.297461,90.262020,90.281300,90.337100,90.380601,90.411333,90.421968,90.420158,90.413831,90.406974,90.381273,90.334034,90.280570,90.233346,90.233564,90.279837,90.288278,90.195668,90.010892,89.954199,89.940350,89.925875,89.907838,89.885038,89.851720,89.821079,89.806450,89.809049,89.823550,89.821002,89.829023,89.844313,89.852766,89.858566,89.887617,89.919632,89.929391,89.933589,89.931782,89.933181,89.941235,89.952487,89.961719,89.982915,89.973408,89.952843,89.945126,89.940726,89.930498,89.910248,89.922738,89.912897,89.899016,89.862139,89.847906,89.846981,89.851307,89.861146,89.869660,89.875957,89.880220,89.888702,89.898702,89.912287,89.923013,89.952413,89.955056,89.957647,89.963814,89.966399,89.962474,89.959819,89.965317,89.982040,89.999337,90.115829,90.061723,90.082815,90.014038,90.163566,90.142043,90.168615,90.145541,90.008219,89.986083,89.986170,89.987416,89.987972,89.985619,90.005210,90.164289,90.037454,90.015272,90.008969,90.015867,90.184571,90.135143,90.077286,90.115456,90.163221,90.151795,90.116759,89.993397,89.992232,90.145164,90.136021,90.101346,90.132431,89.998183,89.974994,89.997259,89.999149,90.020250,90.112851,90.112463,89.998257,89.995598,89.998574,89.985155,89.987124,89.977328,89.974879,90.041341,90.152445,90.021356,90.010380,90.003008,89.995417,89.998716,90.006686,90.010012,90.003233,89.989702,89.973581,89.963848,89.960589,89.955697,89.947649,89.939655,89.941417,89.954388,89.971019,89.982333,89.988051,89.993192,89.995204,89.989682,89.982005,89.976744,89.989856,89.992170,89.986488,89.982914,89.960892,89.920552,89.918252,89.943995,89.937859,89.926869,89.899415,89.901501,89.918127,89.922242,89.931776,89.937884,89.942460,89.942725,89.924216,89.914809,89.905834,89.902217,89.909067,89.922878,89.910492,89.908002,89.914182,89.927662,89.935623,89.939653,89.945909,89.946423,89.941075,89.939717,89.945562,89.968802,89.965422,89.959803,89.953771,89.947174,89.945036,89.950714,89.960847,89.951304,89.932641,89.932232,89.924859,89.903018,89.894878,89.899179,89.897455,89.892975,0.000683,0.000850,0.000934,0.000891,0.000815,0.000538,0.000535,0.000535,0.000522,0.000712,0.000718,0.000714,0.000709,0.000744,0.000804,0.000826,0.000809,0.000789,0.000780,0.000756,0.000709,0.000599,0.000776,0.000898,0.000947,0.000995,0.001006,0.000999,0.000953,0.000916,0.000877,0.000857,0.000884,0.000916,0.000749,0.001125,0.001202,0.001271,0.001302,0.001294,0.001284,0.001270,0.001277,0.001256,0.001194,0.001117,0.001039,0.000963,0.000919,0.000903,0.000916,0.000901,0.000900,0.000949,0.001032,0.001109,0.001165,0.001219,0.001280,0.001301,0.001273,0.001284,0.001327,0.001328,0.001248,0.001219,0.001171,0.001045,0.001042,0.001098,0.001215,0.001307,0.001308,0.001298,0.001304,0.001281,0.001199,0.001005,0.001036,0.001014,0.000951,0.001020,0.001169,0.001078,0.000929,0.000974,0.000972,0.000980,0.000972,0.000959,0.000943,0.000918,0.000663,0.000756,0.000951,0.000989,0.000974,0.000983,0.001050,0.000679,0.000670,0.000740,0.001091,0.001110,0.000976,0.000863,0.000788,0.000786,0.000786,0.000746,0.000684,0.000694,0.000686,0.000697,0.000427,0.000426,0.000417,0.000415,0.000444,0.000458,0.000441,0.000438,0.000425,0.000453,0.000513,0.000771,0.000529,0.000537,0.000452,0.000811,0.000807,0.000618,0.000739,0.000645,0.000586,0.000564,0.000604,0.000611,0.000587,0.000506,0.000321,0.000497,0.000657,0.000679,0.000640,0.000693,0.000851,0.000894,0.000845,0.000732,0.000645,0.000691,0.000659,0.000335,0.000405,0.000383,0.000350,0.000360,0.000363,0.000387,0.000414,0.000391,0.000435,0.000486,0.000427,0.000459,0.000463,0.000452,0.000449,0.000460,0.000447,0.000381,0.000312,0.000329,0.000338,0.000340,0.000417,0.000423,0.000438,0.000461,0.000489,0.000512,0.000549,0.000576,0.000575,0.000560,0.000523,0.000464,0.000429,0.000445,0.000493,0.000513,0.000484,0.000444,0.000418,0.000407,0.000423,0.000453,0.000472,0.000464,0.000444,0.000413,0.000482,0.000713,0.000701,0.000356,0.000310,0.000296,0.000518,0.000502,0.000407,0.000437,0.000372,0.000380,0.000377,0.000366,0.000542,0.000579,0.000671,0.000789,0.000778,0.000586,0.000673,0.000692,0.000706,0.000685,0.000702,0.000714,0.000666,0.000685,0.000745,0.000755,0.000745,0.000533,0.000614,0.000652,0.000679,0.000709,0.000700,0.000612,0.000434,0.000429,0.000535,0.000476,0.000514,0.000690,0.000750,0.000727,0.000731,0.000690
-0.007723,-0.007225,-0.003012,0.000699,0.003229,0.007683,0.005678,0.004820,0.000758,-0.002185,-0.000615,-0.002213,-0.006672,-0.011224,-0.013460,-0.015437,-0.017768,-0.020318,-0.024139,-0.027870,-0.029901,-0.028971,-0.034674,-0.034691,-0.034914,-0.034506,-0.034716,-0.035031,-0.036323,-0.038524,-0.041635,-0.043615,-0.046471,-0.050588,-0.053942,-0.063252,-0.059325,-0.057117,-0.057977,-0.058398,-0.050914,0.008459,0.016957,0.021630,0.023624,0.022505,0.020108,0.017362,0.012791,0.013420,0.016394,0.015535,0.012239,0.004176,-0.004777,-0.011859,-0.018212,-0.022520,-0.024133,-0.023623,-0.022853,-0.022446,-0.018230,-0.006306,0.004907,0.001727,-0.004073,-0.001512,0.025889,0.034449,0.031092,0.029311,0.025171,0.022844,0.022510,0.021858,0.019469,0.019209,0.019185,0.022235,0.024339,0.027441,0.030819,0.035750,0.037402,0.036183,0.035651,0.035319,0.035322,0.036480,0.037375,0.039151,0.041018,0.036634,0.035279,0.036211,0.033988,0.029834,0.025889,0.027731,0.020845,0.017938,0.013986,0.017525,0.018313,0.016269,0.016540,0.016406,0.017194,0.016661,0.014879,0.014366,0.015628,0.014093,0.015015,0.013816,0.014968,0.014823,0.013751,0.012685,0.011595,0.010639,0.010670,0.011514,0.023277,-0.001177,0.014618,-0.001363,0.025837,-0.003383,0.013513,0.013572,-0.002479,0.014830,0.015446,0.012793,0.010335,0.006273,0.005348,0.024243,-0.003224,-0.001455,0.000604,0.001452,0.021177,-0.004646,-0.006106,0.012391,0.021302,0.021462,0.020084,0.010315,0.026328,0.043428,0.014093,0.004491,-0.001593,-0.023501,-0.004895,-0.002251,-0.002665,-0.000145,0.014638,-0.002946,-0.017271,-0.001158,0.000159,0.000710,0.000272,-0.002101,-0.002940,0.005719,0.008124,-0.020078,-0.004164,-0.003621,-0.004624,-0.004126,-0.004022,-0.004846,-0.006380,-0.004148,-0.003019,-0.005401,-0.007778,-0.009590,-0.012082,-0.011437,-0.011039,-0.012474,-0.015608,-0.016601,-0.016120,-0.016871,-0.019938,-0.021995,-0.021628,-0.021113,-0.021373,-0.018426,-0.015736,-0.014203,-0.009901,-0.002332,0.004668,0.011069,0.009027,0.010827,0.010100,0.011459,0.013442,0.012421,0.009122,0.007368,0.007220,0.006289,0.001958,0.001597,-0.000412,-0.003139,-0.005276,-0.007084,-0.010106,-0.008815,-0.010325,-0.012755,-0.014164,-0.013726,-0.013796,-0.014302,-0.014291,-0.014524,-0.015052,-0.012554,-0.013997,-0.012408,-0.011805,-0.010350,-0.007403,-0.003802,-0.004803,-0.008457,-0.010823,-0.010508,-0.014116,-0.016901,-0.014678,-0.012951,-0.012491,-0.010900,89.898978,89.881760,89.873898,89.874304,89.878846,89.902287,89.904532,89.917138,89.925695,89.913411,89.911228,89.914948,89.920437,89.923375,89.926333,89.929893,89.930583,89.926075,89.920085,89.922611,89.938058,89.964694,89.950226,89.940894,89.939213,89.942922,89.949714,89.954368,89.958046,89.963439,89.966835,89.963906,89.949197,89.938025,89.952562,89.934071,89.923564,89.907120,89.894688,89.893119,89.955662,90.266122,90.437047,90.511799,90.517874,90.493398,90.457772,90.411520,90.338907,90.287251,90.272007,90.274462,90.323849,90.374123,90.405868,90.422562,90.425488,90.416558,90.403443,90.376931,90.340768,90.285257,90.233081,90.224051,90.271622,90.272199,90.186696,90.013458,89.952893,89.931670,89.905548,89.886292,89.865683,89.843832,89.826870,89.816027,89.813330,89.822288,89.823178,89.832282,89.848188,89.860453,89.863745,89.890933,89.929103,89.941097,89.942214,89.937649,89.935938,89.942216,89.951423,89.963066,89.986887,89.976404,89.947573,89.936767,89.930604,89.920382,89.903503,89.915701,89.906881,89.896977,89.859092,89.848736,89.852771,89.851940,89.857015,89.862572,89.870970,89.876425,89.882515,89.890295,89.906458,89.922367,89.949610,89.951419,89.954726,89.959227,89.957533,89.954514,89.961131,89.975452,89.988114,90.001800,90.118809,90.061520,90.070573,90.014027,90.185102,90.129837,90.172048,90.168697,90.021229,89.986043,89.985432,89.996937,90.005647,90.000161,89.999613,90.150666,90.030215,89.999600,89.997216,90.001352,90.158746,90.109667,90.086260,90.117947,90.155715,90.137135,90.110703,90.000384,89.993967,90.127522,90.127311,90.110538,90.123481,89.995877,89.979422,89.997860,90.002890,90.012647,90.113042,90.129206,90.007630,89.993607,89.974954,89.971965,89.976684,89.986449,89.982091,90.030682,90.136944,90.011842,90.001412,89.998480,89.993275,89.990908,89.986138,89.985463,89.989178,89.992868,89.989815,89.981349,89.972568,89.963629,89.952409,89.943564,89.945261,89.957362,89.969933,89.977236,89.983840,89.990338,89.995922,89.996275,89.996676,89.992802,89.986769,89.988799,89.993783,89.988253,89.972738,89.924864,89.901627,89.930689,89.927814,89.915507,89.895260,89.897478,89.912768,89.921247,89.922937,89.924313,89.926252,89.929403,89.916238,89.914137,89.910482,89.908970,89.914584,89.920345,89.905868,89.906810,89.917253,89.929364,89.932962,89.935937,89.944044,89.947117,89.945510,89.944405,89.947707,89.969798,89.963572,89.957415,89.952779,89.948301,89.946485,89.952359,89.955687,89.941788,89.922019,89.922606,89.918620,89.899548,89.889950,89.894700,89.901235,89.902746,0.000654,0.000852,0.000952,0.000962,0.000896,0.000545,0.000556,0.000512,0.000497,0.000666,0.000692,0.000703,0.000714,0.000727,0.000742,0.000753,0.000767,0.000776,0.000776,0.000750,0.000698,0.000518,0.000758,0.000842,0.000873,0.000904,0.000920,0.000934,0.000948,0.000935,0.000913,0.000879,0.000916,0.000951,0.000831,0.001192,0.001236,0.001252,0.001266,0.001286,0.001274,0.001248,0.001240,0.001227,0.001185,0.001129,0.001063,0.000995,0.000931,0.000906,0.000873,0.000859,0.000876,0.000935,0.001013,0.001098,0.001174,0.001237,0.001277,0.001268,0.001230,0.001232,0.001265,0.001252,0.001209,0.001197,0.001178,0.001067,0.000953,0.000990,0.001162,0.001210,0.001217,0.001210,0.001199,0.001181,0.001137,0.001009,0.001014,0.000965,0.000889,0.000923,0.001158,0.001146,0.000952,0.000954,0.000974,0.001005,0.001019,0.001008,0.001004,0.000959,0.000680,0.000720,0.000914,0.000903,0.000882,0.000897,0.000935,0.000631,0.000679,0.000694,0.001001,0.000974,0.000851,0.000851,0.000794,0.000775,0.000760,0.000757,0.000749,0.000786,0.000762,0.000713,0.000432,0.000414,0.000389,0.000366,0.000375,0.000399,0.000409,0.000433,0.000431,0.000429,0.000468,0.000819,0.000540,0.000568,0.000587,0.000912,0.000807,0.000625,0.000723,0.000659,0.000645,0.000544,0.000503,0.000484,0.000464,0.000635,0.000525,0.000452,0.000642,0.000664,0.000601,0.000757,0.000872,0.000891,0.000839,0.000767,0.000675,0.000633,0.000621,0.000385,0.000421,0.000417,0.000371,0.000369,0.000379,0.000371,0.000341,0.000390,0.000342,0.000509,0.000397,0.000393,0.000380,0.000371,0.000380,0.000402,0.000401,0.000334,0.000273,0.000286,0.000285,0.000291,0.000384,0.000426,0.000459,0.000467,0.000477,0.000479,0.000482,0.000505,0.000522,0.000526,0.000531,0.000523,0.000503,0.000485,0.000486,0.000487,0.000465,0.000437,0.000405,0.000392,0.000421,0.000465,0.000473,0.000447,0.000419,0.000381,0.000286,0.000532,0.000707,0.000324,0.000333,0.000384,0.000489,0.000486,0.000403,0.000365,0.000370,0.000371,0.000366,0.000348,0.000570,0.000627,0.000683,0.000714,0.000646,0.000485,0.000576,0.000599,0.000604,0.000594,0.000643,0.000680,0.000644,0.000661,0.000697,0.000689,0.000685,0.000476,0.000605,0.000696,0.000735,0.000736,0.000705,0.000580,0.000424,0.000422,0.000536,0.000501,0.000508,0.000614,0.000645,0.000650,0.000651,0.000639
-0.007270,-0.007383,-0.004031,0.000202,0.002733,0.006958,0.004146,0.003128,0.000092,-0.003499,-0.002924,-0.004281,-0.007687,-0.011118,-0.014410,-0.016934,-0.019360,-0.022443,-0.025389,-0.028305,-0.029959,-0.030736,-0.035305,-0.036084,-0.035665,-0.035018,-0.034008,-0.033912,-0.035881,-0.039385,-0.042360,-0.044846,-0.047575,-0.050686,-0.053556,-0.063190,-0.059726,-0.057808,-0.058532,-0.058999,-0.051171,0.005363,0.018134,0.024031,0.023960,0.022025,0.020244,0.017329,0.012857,0.013475,0.015356,0.016733,0.012240,0.002448,-0.005691,-0.012516,-0.020265,-0.025232,-0.025774,-0.024069,-0.022405,-0.022373,-0.019747,-0.007431,0.005731,0.002012,-0.004401,-0.000653,0.025856,0.034104,0.030162,0.029183,0.024471,0.021084,0.020223,0.021868,0.022007,0.019819,0.018053,0.021547,0.024299,0.026223,0.029261,0.033999,0.036662,0.035339,0.035971,0.035603,0.036263,0.037321,0.037912,0.038188,0.041850,0.037972,0.037147,0.037130,0.034363,0.030587,0.026658,0.027741,0.021874,0.020121,0.015826,0.016594,0.017530,0.015913,0.017514,0.017638,0.017558,0.016149,0.014154,0.014040,0.014634,0.013117,0.015013,0.014521,0.016131,0.015140,0.012927,0.012099,0.011698,0.011554,0.011698,0.010901,0.020669,-0.001488,0.012438,-0.002004,0.025732,-0.001358,0.013118,0.013717,-0.002678,0.015376,0.017564,0.014109,0.010028,0.005014,0.003701,0.024499,-0.003110,-0.003529,0.000290,0.000380,0.019242,-0.006377,-0.005357,0.013368,0.023374,0.022357,0.021893,0.009636,0.024799,0.046261,0.015068,0.005107,-0.003178,-0.021644,-0.006673,-0.002260,-0.003214,0.001463,0.016094,-0.004254,-0.016675,-0.001670,0.000554,-0.000827,-0.000091,-0.001439,-0.002254,0.004978,0.008429,-0.021963,-0.003642,-0.004212,-0.004000,-0.002759,-0.003854,-0.004417,-0.004540,-0.003696,-0.004228,-0.006559,-0.008038,-0.009047,-0.011160,-0.010678,-0.010401,-0.012412,-0.015353,-0.017619,-0.018765,-0.019172,-0.021920,-0.022339,-0.022617,-0.021329,-0.020133,-0.015855,-0.014043,-0.014388,-0.008423,0.000213,0.006083,0.010630,0.008271,0.009585,0.006571,0.008884,0.012542,0.012403,0.009853,0.008448,0.006800,0.004822,0.000797,0.001593,-0.000537,-0.002971,-0.004595,-0.005863,-0.010055,-0.010242,-0.011764,-0.013270,-0.013974,-0.013056,-0.013312,-0.013813,-0.014478,-0.014918,-0.015999,-0.013866,-0.014353,-0.012953,-0.012804,-0.011354,-0.007810,-0.004599,-0.004664,-0.007807,-0.010283,-0.010738,-0.014161,-0.017114,-0.015300,-0.012435,-0.011907,-0.009951,89.897326,89.879329,89.871863,89.877937,89.880036,89.898079,89.898668,89.913319,89.926257,89.921513,89.916596,89.910538,89.909329,89.916564,89.923606,89.923791,89.918526,89.912926,89.914326,89.922331,89.931721,89.940236,89.926225,89.928905,89.940698,89.948521,89.952507,89.956412,89.961487,89.968905,89.978022,89.980377,89.970065,89.959249,89.967396,89.933218,89.915467,89.906794,89.907612,89.909881,89.960903,90.274725,90.442511,90.514825,90.522639,90.502916,90.461304,90.401975,90.338681,90.296928,90.268793,90.287699,90.332927,90.366031,90.395447,90.430388,90.443646,90.426911,90.403227,90.369087,90.330041,90.277132,90.220866,90.209274,90.255571,90.280265,90.196718,90.022679,89.960714,89.944977,89.912435,89.892938,89.864512,89.837587,89.819632,89.811808,89.813395,89.821859,89.821822,89.828504,89.841950,89.851039,89.857377,89.880447,89.912984,89.919559,89.926805,89.929999,89.933376,89.937051,89.940329,89.948226,89.980394,89.974953,89.958039,89.951764,89.936601,89.913790,89.893981,89.908731,89.903239,89.893629,89.866674,89.858204,89.861189,89.859305,89.865117,89.872564,89.878638,89.884117,89.888734,89.895719,89.908392,89.919201,89.946869,89.948296,89.950230,89.958914,89.966218,89.965502,89.960466,89.961500,89.981806,89.999281,90.114152,90.075276,90.064376,90.006261,90.172424,90.141865,90.171997,90.158352,89.998905,89.970537,89.977630,89.984915,89.994111,89.996240,89.992171,90.166400,90.045600,90.008499,89.998511,90.000981,90.167068,90.114062,90.080032,90.126601,90.164125,90.140003,90.104419,89.986842,89.987646,90.144097,90.137808,90.120955,90.129289,90.012299,89.972009,90.009567,89.987109,90.014564,90.108025,90.134244,90.010082,89.988290,89.989739,89.982473,89.980266,89.979533,89.963343,90.014487,90.134190,90.008418,90.003912,89.996893,89.986504,89.986065,89.987909,89.988928,89.988788,89.989255,89.983779,89.971898,89.957576,89.947647,89.942768,89.941425,89.948526,89.961106,89.971472,89.979603,89.986950,89.991661,89.992147,89.987608,89.985487,89.986036,89.983040,89.976594,89.977541,89.979809,89.965668,89.920899,89.903505,89.931756,89.929364,89.918772,89.896662,89.898740,89.910860,89.918087,89.924817,89.934730,89.938848,89.936256,89.919222,89.920672,89.916755,89.908638,89.909286,89.918753,89.902568,89.896047,89.904800,89.924464,89.937534,89.943890,89.951517,89.955604,89.954510,89.953762,89.952093,89.964858,89.962158,89.965061,89.962890,89.951455,89.942559,89.943042,89.950632,89.943865,89.930566,89.930032,89.919885,89.894925,89.883347,89.892909,89.903405,89.904482,0.000621,0.000833,0.000944,0.000891,0.000854,0.000566,0.000582,0.000506,0.000478,0.000620,0.000658,0.000679,0.000707,0.000736,0.000752,0.000737,0.000721,0.000735,0.000753,0.000743,0.000702,0.000590,0.000755,0.000825,0.000882,0.000944,0.000948,0.000918,0.000937,0.000991,0.000990,0.000954,0.000976,0.000987,0.000833,0.001213,0.001269,0.001276,0.001265,0.001249,0.001228,0.001185,0.001124,0.001075,0.001048,0.001033,0.001005,0.000959,0.000919,0.000888,0.000878,0.000909,0.000945,0.000981,0.001030,0.001106,0.001171,0.001207,0.001233,0.001256,0.001282,0.001298,0.001323,0.001284,0.001221,0.001208,0.001168,0.001042,0.000955,0.000974,0.001238,0.001256,0.001302,0.001317,0.001297,0.001205,0.001059,0.000914,0.000939,0.000927,0.000880,0.000957,0.001123,0.001094,0.000899,0.000978,0.000998,0.000998,0.000954,0.000911,0.000936,0.000973,0.000692,0.000792,0.000957,0.000928,0.000927,0.000989,0.001040,0.000689,0.000662,0.000709,0.001004,0.001052,0.000938,0.000916,0.000841,0.000780,0.000736,0.000678,0.000655,0.000673,0.000670,0.000679,0.000414,0.000400,0.000378,0.000356,0.000371,0.000390,0.000414,0.000445,0.000437,0.000410,0.000419,0.000790,0.000496,0.000548,0.000564,0.000829,0.000756,0.000686,0.000721,0.000659,0.000627,0.000544,0.000532,0.000508,0.000470,0.000584,0.000309,0.000328,0.000573,0.000598,0.000582,0.000787,0.000911,0.000909,0.000807,0.000687,0.000597,0.000686,0.000682,0.000373,0.000361,0.000389,0.000396,0.000442,0.000398,0.000355,0.000382,0.000396,0.000334,0.000398,0.000436,0.000436,0.000429,0.000415,0.000412,0.000434,0.000439,0.000306,0.000286,0.000288,0.000283,0.000294,0.000386,0.000415,0.000454,0.000490,0.000525,0.000534,0.000540,0.000552,0.000566,0.000556,0.000528,0.000496,0.000478,0.000483,0.000499,0.000486,0.000452,0.000430,0.000413,0.000410,0.000419,0.000442,0.000459,0.000451,0.000430,0.000410,0.000385,0.000600,0.000788,0.000428,0.000374,0.000318,0.000429,0.000437,0.000383,0.000364,0.000382,0.000371,0.000362,0.000365,0.000599,0.000640,0.000725,0.000828,0.000808,0.000599,0.000648,0.000655,0.000660,0.000629,0.000640,0.000657,0.000639,0.000696,0.000779,0.000757,0.000693,0.000497,0.000609,0.000686,0.000730,0.000770,0.000735,0.000620,0.000441,0.000449,0.000558,0.000523,0.000548,0.000688,0.000742,0.000673,0.000614,0.000584
-0.007452,-0.006343,-0.003283,0.000141,0.001956,0.006569,0.005020,0.003909,0.000691,-0.003188,-0.002483,-0.004255,-0.007217,-0.010979,-0.014343,-0.016577,-0.019409,-0.022462,-0.025416,-0.027542,-0.029277,-0.028988,-0.033981,-0.035631,-0.035240,-0.034562,-0.034950,-0.035627,-0.036979,-0.038210,-0.040444,-0.043036,-0.046416,-0.050599,-0.052571,-0.061665,-0.059888,-0.058314,-0.058405,-0.058501,-0.050935,0.006607,0.018262,0.021802,0.022774,0.022478,0.020538,0.016837,0.013220,0.013200,0.015578,0.014907,0.011334,0.003357,-0.004338,-0.011604,-0.018272,-0.022641,-0.025279,-0.024816,-0.022141,-0.021325,-0.017755,-0.006971,0.007022,0.003462,-0.003553,-0.000280,0.025546,0.035300,0.031373,0.029604,0.026309,0.023349,0.021836,0.021536,0.020208,0.019105,0.018949,0.022539,0.025516,0.028189,0.030538,0.034493,0.036513,0.035094,0.035664,0.035172,0.034848,0.035418,0.036676,0.037978,0.039189,0.035765,0.035870,0.036370,0.032834,0.029230,0.025852,0.027794,0.021778,0.019637,0.015005,0.017457,0.018527,0.018713,0.019024,0.017810,0.016910,0.016240,0.015981,0.015712,0.015187,0.013949,0.016317,0.016235,0.016367,0.014631,0.012980,0.011548,0.010760,0.010907,0.011491,0.012304,0.021397,-0.001502,0.013957,-0.001211,0.027748,-0.000151,0.011762,0.013667,-0.003413,0.015294,0.017832,0.013135,0.010114,0.007419,0.005121,0.023125,-0.004217,-0.000540,-0.001181,0.003134,0.020852,-0.006413,-0.005513,0.013908,0.023025,0.021779,0.019051,0.009158,0.023669,0.043316,0.014273,0.002880,-0.002754,-0.023180,-0.005329,-0.001354,-0.004463,0.000020,0.013819,-0.002241,-0.015313,-0.000411,0.002849,0.000213,0.000098,-0.000596,-0.000527,0.005629,0.009887,-0.021900,-0.005415,-0.004421,-0.004430,-0.004170,-0.004278,-0.003788,-0.005920,-0.005582,-0.005021,-0.005464,-0.007372,-0.009212,-0.010949,-0.011021,-0.011669,-0.013370,-0.014493,-0.015786,-0.016925,-0.019808,-0.020652,-0.022420,-0.022388,-0.020654,-0.017663,-0.015080,-0.014341,-0.015283,-0.011275,-0.002631,0.006450,0.011273,0.007652,0.008995,0.006712,0.010204,0.012159,0.011321,0.010163,0.009454,0.007354,0.004867,0.001857,0.002506,-0.001209,-0.004750,-0.005519,-0.006325,-0.010577,-0.010716,-0.010991,-0.011859,-0.013125,-0.012892,-0.012973,-0.015002,-0.016316,-0.015336,-0.014693,-0.012597,-0.015095,-0.012965,-0.011673,-0.010385,-0.007733,-0.005413,-0.005527,-0.009345,-0.011335,-0.011055,-0.014077,-0.016744,-0.015209,-0.013491,-0.012507,-0.010166,89.893842,89.881365,89.871763,89.875975,89.885788,89.911618,89.914896,89.924403,89.934663,89.921892,89.913111,89.906103,89.910032,89.922507,89.930614,89.925468,89.916102,89.912595,89.915558,89.921303,89.931084,89.950613,89.943397,89.936154,89.934162,89.940158,89.951556,89.958649,89.960871,89.964429,89.969775,89.973416,89.968182,89.956053,89.963565,89.939772,89.923505,89.904514,89.899948,89.919466,89.963174,90.258034,90.431340,90.512988,90.527469,90.513679,90.478105,90.413829,90.335200,90.288443,90.275480,90.287778,90.331134,90.371082,90.403631,90.428310,90.425566,90.411047,90.397012,90.374065,90.339713,90.287018,90.228653,90.212675,90.265085,90.280902,90.204608,90.012529,89.953673,89.939144,89.913901,89.897293,89.870693,89.841439,89.823498,89.817176,89.816376,89.821155,89.818041,89.827895,89.843610,89.854101,89.857208,89.884132,89.924094,89.936839,89.942923,89.939028,89.933557,89.934835,89.944963,89.959375,89.982888,89.971329,89.949760,89.941637,89.927689,89.913173,89.900265,89.919569,89.910819,89.899525,89.863901,89.855591,89.862199,89.867034,89.867820,89.864597,89.865242,89.869059,89.880269,89.895542,89.914979,89.927177,89.947261,89.946062,89.949115,89.957158,89.961993,89.963688,89.968515,89.977486,89.991272,90.016071,90.127835,90.065546,90.081742,90.003702,90.170116,90.140980,90.167350,90.159752,90.009825,89.961733,89.981144,89.989282,89.998277,90.004410,90.006193,90.139549,90.021785,90.016449,90.024934,90.010683,90.179507,90.131199,90.075101,90.122727,90.169773,90.150308,90.103709,89.991983,89.993998,90.141270,90.126422,90.124440,90.146670,90.017402,89.961687,89.991852,90.018905,90.012211,90.108586,90.138458,90.005577,89.993634,89.983510,89.970162,89.982753,89.993296,89.984260,90.023500,90.143573,90.007057,89.993449,89.989255,89.982815,89.981769,89.983886,89.990203,89.991200,89.983871,89.971813,89.966134,89.964802,89.958845,89.950019,89.942313,89.940964,89.946962,89.960585,89.977406,89.990495,89.997027,89.997198,89.992800,89.986860,89.988232,89.999048,89.998009,89.987624,89.980153,89.964078,89.911242,89.903416,89.935783,89.925791,89.920427,89.899959,89.910609,89.927190,89.932519,89.932501,89.934262,89.934332,89.932171,89.916296,89.917943,89.916256,89.914088,89.916954,89.919504,89.899223,89.896627,89.910654,89.925683,89.927525,89.930253,89.946310,89.959043,89.959064,89.955274,89.952888,89.967314,89.956371,89.949067,89.946433,89.946366,89.948737,89.950226,89.951817,89.942823,89.929652,89.930027,89.920480,89.897837,89.889951,89.894157,89.896900,89.896947,0.000594,0.000789,0.000940,0.000914,0.000810,0.000471,0.000456,0.000422,0.000386,0.000571,0.000628,0.000685,0.000720,0.000728,0.000731,0.000754,0.000769,0.000751,0.000706,0.000664,0.000642,0.000531,0.000727,0.000847,0.000890,0.000909,0.000901,0.000910,0.000929,0.000917,0.000899,0.000851,0.000827,0.000856,0.000742,0.001098,0.001163,0.001189,0.001176,0.001175,0.001180,0.001171,0.001158,0.001151,0.001142,0.001120,0.001068,0.000990,0.000928,0.000910,0.000902,0.000894,0.000926,0.000991,0.001060,0.001107,0.001117,0.001124,0.001146,0.001151,0.001137,0.001161,0.001224,0.001235,0.001173,0.001210,0.001232,0.001225,0.000981,0.000994,0.001152,0.001218,0.001282,0.001297,0.001288,0.001239,0.001128,0.000950,0.000976,0.000968,0.000904,0.000899,0.001071,0.001058,0.000872,0.000927,0.000934,0.000941,0.000932,0.000929,0.000932,0.000883,0.000627,0.000746,0.000939,0.000903,0.000918,0.000963,0.001005,0.000670,0.000702,0.000702,0.001010,0.001027,0.000926,0.000856,0.000811,0.000805,0.000773,0.000730,0.000692,0.000703,0.000669,0.000631,0.000388,0.000387,0.000385,0.000380,0.000409,0.000440,0.000443,0.000446,0.000427,0.000428,0.000453,0.000954,0.000491,0.000513,0.000545,0.000784,0.000785,0.000643,0.000690,0.000571,0.000584,0.000539,0.000525,0.000480,0.000432,0.000622,0.000401,0.000503,0.000647,0.000664,0.000696,0.000710,0.000813,0.000821,0.000764,0.000697,0.000579,0.000599,0.000557,0.000318,0.000327,0.000356,0.000326,0.000358,0.000329,0.000411,0.000481,0.000361,0.000597,0.000582,0.000456,0.000415,0.000434,0.000395,0.000390,0.000397,0.000387,0.000320,0.000253,0.000275,0.000293,0.000308,0.000391,0.000399,0.000406,0.000425,0.000466,0.000494,0.000502,0.000484,0.000465,0.000470,0.000478,0.000473,0.000468,0.000463,0.000456,0.000440,0.000416,0.000402,0.000384,0.000372,0.000384,0.000399,0.000393,0.000377,0.000371,0.000367,0.000421,0.000649,0.000667,0.000351,0.000365,0.000248,0.000457,0.000470,0.000416,0.000402,0.000432,0.000426,0.000401,0.000375,0.000580,0.000601,0.000671,0.000760,0.000732,0.000557,0.000639,0.000651,0.000647,0.000630,0.000671,0.000687,0.000622,0.000622,0.000685,0.000707,0.000712,0.000518,0.000643,0.000713,0.000718,0.000684,0.000611,0.000530,0.000395,0.000384,0.000478,0.000456,0.000533,0.000718,0.000736,0.000660,0.000597,0.000554
-0.007561,-0.007017,-0.003556,-0.001282,0.001969,0.006180,0.003858,0.002986,0.000250,-0.004077,-0.003607,-0.003675,-0.006685,-0.011575,-0.013904,-0.015055,-0.018754,-0.022375,-0.025048,-0.027398,-0.030157,-0.030739,-0.034488,-0.033799,-0.034121,-0.034520,-0.035471,-0.036542,-0.037619,-0.039041,-0.041062,-0.042924,-0.045648,-0.049402,-0.052149,-0.062240,-0.058719,-0.055631,-0.056521,-0.057479,-0.050033,0.006550,0.018841,0.022580,0.023245,0.022713,0.020331,0.016349,0.013506,0.014935,0.016845,0.015053,0.011774,0.005143,-0.004234,-0.013323,-0.019601,-0.023062,-0.023361,-0.022612,-0.022837,-0.021258,-0.017254,-0.007370,0.005849,0.001093,-0.004971,-0.002354,0.026547,0.033893,0.031556,0.029236,0.024485,0.021064,0.020921,0.021907,0.020651,0.019765,0.020011,0.023033,0.024582,0.026919,0.030410,0.035365,0.036109,0.035614,0.035978,0.035353,0.034333,0.035453,0.037231,0.038205,0.040974,0.036407,0.034203,0.035235,0.033719,0.030029,0.024851,0.026499,0.021128,0.018244,0.014785,0.017154,0.017760,0.017152,0.018473,0.017757,0.017582,0.016643,0.015292,0.014767,0.014461,0.012578,0.014538,0.014879,0.015662,0.014328,0.012310,0.011353,0.011618,0.012460,0.011560,0.009954,0.021965,-0.002166,0.012841,-0.002415,0.029054,-0.002976,0.012025,0.014768,0.000193,0.017109,0.016434,0.013257,0.009964,0.006350,0.005223,0.023803,-0.001476,-0.003390,0.002090,0.003206,0.020810,-0.004256,-0.003561,0.014607,0.021272,0.023005,0.019818,0.011450,0.024242,0.045016,0.015333,0.005040,-0.000811,-0.024100,-0.005417,-0.003133,-0.003307,-0.000853,0.012838,-0.005050,-0.016055,-0.000013,0.000175,-0.000921,-0.001654,-0.000895,-0.001771,0.005505,0.009344,-0.023230,-0.004866,-0.002759,-0.002877,-0.004627,-0.004072,-0.002503,-0.003578,-0.003961,-0.004252,-0.006032,-0.007781,-0.009022,-0.010289,-0.010081,-0.010675,-0.012514,-0.015712,-0.017350,-0.017742,-0.019033,-0.021850,-0.023727,-0.022503,-0.019220,-0.017952,-0.016667,-0.016081,-0.014957,-0.009665,-0.002295,0.006355,0.011781,0.007361,0.007831,0.007449,0.011137,0.013349,0.012150,0.009268,0.007173,0.006664,0.005784,0.001757,0.001160,-0.001421,-0.003618,-0.004822,-0.006209,-0.010759,-0.010665,-0.011283,-0.013109,-0.014464,-0.013411,-0.013447,-0.014256,-0.014786,-0.015152,-0.016395,-0.013433,-0.014097,-0.012427,-0.011834,-0.010236,-0.007303,-0.004539,-0.005305,-0.010261,-0.012393,-0.010798,-0.013336,-0.016578,-0.015146,-0.013651,-0.013287,-0.010737,89.895250,89.877328,89.871521,89.874905,89.885539,89.911379,89.915322,89.923827,89.928948,89.917125,89.917011,89.917870,89.918590,89.918174,89.917239,89.916274,89.918146,89.922709,89.928253,89.933538,89.938108,89.947717,89.937246,89.938826,89.945140,89.948078,89.948805,89.947363,89.950274,89.960256,89.970951,89.972671,89.960178,89.947623,89.957667,89.932579,89.916249,89.903802,89.901679,89.911988,89.945263,90.240399,90.429931,90.515810,90.526730,90.500745,90.463338,90.410736,90.339497,90.295175,90.281025,90.285767,90.321744,90.361304,90.401824,90.430647,90.433087,90.417098,90.405935,90.381596,90.329767,90.273691,90.226416,90.204037,90.267051,90.289980,90.189269,90.009684,89.950241,89.936206,89.918999,89.902073,89.876955,89.844997,89.821225,89.811741,89.813327,89.824867,89.825102,89.831605,89.843686,89.852359,89.856744,89.884496,89.917393,89.929232,89.932423,89.929431,89.931690,89.943394,89.954721,89.961654,89.984337,89.973372,89.947631,89.938125,89.926774,89.914188,89.899691,89.916919,89.912466,89.901726,89.872176,89.864060,89.862949,89.856427,89.859980,89.866461,89.876482,89.885917,89.892090,89.899085,89.911741,89.925574,89.952129,89.951982,89.950615,89.952833,89.957048,89.962603,89.968612,89.973571,89.975230,89.981464,90.115314,90.056503,90.092339,90.000520,90.166937,90.115330,90.162148,90.158199,90.012652,89.973647,89.986486,89.995695,90.002247,90.001720,90.013406,90.158975,90.029869,90.000181,90.008636,90.011807,90.176150,90.118544,90.077851,90.117075,90.150685,90.152191,90.101755,89.989957,89.991857,90.143253,90.115541,90.106101,90.151286,90.008393,89.987558,90.009613,90.017484,90.004273,90.095770,90.132087,89.997007,89.975762,89.968030,89.972510,89.960019,89.972949,89.970273,90.025807,90.148624,90.014798,90.009361,90.001440,89.988374,89.980278,89.978838,89.982217,89.988581,89.991501,89.983381,89.972355,89.967361,89.963652,89.955091,89.945002,89.942831,89.950836,89.963697,89.976425,89.989891,90.000814,90.004951,89.999294,89.991616,89.986810,89.980933,89.976738,89.973723,89.969811,89.960697,89.913889,89.918175,89.938863,89.925335,89.920091,89.909558,89.917535,89.922595,89.918557,89.917505,89.926086,89.935327,89.938220,89.919549,89.912719,89.906317,89.906113,89.914238,89.920821,89.896844,89.889548,89.901854,89.920312,89.927516,89.934808,89.951962,89.966235,89.968777,89.964803,89.958477,89.971131,89.964669,89.959937,89.950573,89.940051,89.939869,89.948555,89.956914,89.946583,89.928000,89.925077,89.918118,89.896666,89.886854,89.891620,89.896035,89.898560,0.000640,0.000838,0.000906,0.000905,0.000818,0.000505,0.000502,0.000454,0.000437,0.000632,0.000657,0.000664,0.000685,0.000707,0.000716,0.000719,0.000717,0.000717,0.000714,0.000677,0.000617,0.000512,0.000716,0.000807,0.000852,0.000904,0.000911,0.000892,0.000874,0.000868,0.000877,0.000872,0.000909,0.000941,0.000795,0.001155,0.001229,0.001254,0.001251,0.001249,0.001241,0.001213,0.001187,0.001169,0.001124,0.001051,0.000973,0.000906,0.000852,0.000818,0.000810,0.000830,0.000848,0.000900,0.001005,0.001110,0.001163,0.001176,0.001183,0.001181,0.001188,0.001222,0.001262,0.001259,0.001198,0.001205,0.001173,0.001077,0.001009,0.001045,0.001187,0.001261,0.001275,0.001260,0.001229,0.001159,0.001060,0.000893,0.000917,0.000920,0.000885,0.000941,0.001109,0.001041,0.000920,0.000953,0.000969,0.000978,0.000968,0.000928,0.000919,0.000924,0.000656,0.000741,0.000962,0.000939,0.000899,0.000907,0.001000,0.000711,0.000682,0.000721,0.001024,0.001009,0.000869,0.000841,0.000780,0.000761,0.000734,0.000695,0.000683,0.000694,0.000667,0.000629,0.000357,0.000336,0.000323,0.000325,0.000355,0.000397,0.000434,0.000473,0.000467,0.000465,0.000492,0.000847,0.000494,0.000522,0.000543,0.000847,0.000782,0.000584,0.000675,0.000591,0.000587,0.000523,0.000528,0.000518,0.000506,0.000647,0.000343,0.000383,0.000623,0.000627,0.000622,0.000761,0.000891,0.000898,0.000859,0.000797,0.000690,0.000633,0.000604,0.000354,0.000410,0.000552,0.000366,0.000401,0.000450,0.000410,0.000359,0.000286,0.000385,0.000479,0.000424,0.000412,0.000415,0.000433,0.000441,0.000459,0.000436,0.000353,0.000280,0.000296,0.000292,0.000292,0.000382,0.000409,0.000438,0.000452,0.000461,0.000474,0.000501,0.000517,0.000506,0.000492,0.000476,0.000455,0.000449,0.000452,0.000459,0.000462,0.000463,0.000463,0.000440,0.000411,0.000394,0.000391,0.000391,0.000393,0.000397,0.000385,0.000368,0.000624,0.000599,0.000349,0.000371,0.000309,0.000422,0.000406,0.000355,0.000355,0.000385,0.000389,0.000380,0.000363,0.000567,0.000590,0.000658,0.000742,0.000734,0.000564,0.000655,0.000668,0.000679,0.000667,0.000698,0.000700,0.000648,0.000669,0.000721,0.000702,0.000673,0.000478,0.000613,0.000697,0.000714,0.000678,0.000589,0.000481,0.000358,0.000379,0.000496,0.000486,0.000531,0.000676,0.000695,0.000646,0.000639,0.000616
-0.007519,-0.006701,-0.002893,-0.000380,0.002005,0.006847,0.004416,0.003753,0.000319,-0.003189,-0.001953,-0.003767,-0.007687,-0.011897,-0.015286,-0.016515,-0.019155,-0.023591,-0.026502,-0.027814,-0.029155,-0.030567,-0.036081,-0.035008,-0.034900,-0.035224,-0.035663,-0.035232,-0.036093,-0.038680,-0.041735,-0.043594,-0.046109,-0.049868,-0.053443,-0.062477,-0.059546,-0.056351,-0.056731,-0.060148,-0.050518,0.005819,0.020001,0.024227,0.024546,0.022720,0.020683,0.018211,0.014056,0.013464,0.017502,0.017629,0.012392,0.002714,-0.005848,-0.013611,-0.019727,-0.024078,-0.026037,-0.024784,-0.024475,-0.021500,-0.017467,-0.006914,0.006470,0.002791,-0.003933,0.000099,0.025448,0.033928,0.030446,0.028460,0.025691,0.023095,0.022041,0.021118,0.021018,0.020606,0.018927,0.021159,0.025233,0.027283,0.028498,0.033089,0.036103,0.035961,0.035868,0.035075,0.035714,0.037856,0.038171,0.038179,0.040095,0.037549,0.036902,0.036783,0.033203,0.029496,0.026458,0.027108,0.020643,0.018438,0.014344,0.017448,0.018420,0.016829,0.017850,0.018445,0.017827,0.016814,0.015767,0.014930,0.013703,0.012310,0.015048,0.014388,0.014819,0.014661,0.013843,0.012071,0.010607,0.010378,0.011841,0.011432,0.021008,-0.000661,0.013717,-0.000645,0.025916,-0.001916,0.011353,0.012947,-0.002474,0.015296,0.015665,0.012523,0.010802,0.006896,0.003971,0.022374,-0.003348,-0.003140,0.002283,0.001063,0.021213,-0.007310,-0.006301,0.012549,0.023411,0.020229,0.020606,0.009408,0.025543,0.044451,0.014295,0.004071,-0.003332,-0.020595,-0.004667,-0.002686,-0.001420,0.000421,0.014078,-0.002101,-0.015981,-0.001974,0.000490,0.000119,-0.001576,-0.002093,-0.003302,0.005890,0.009225,-0.021360,-0.004149,-0.003062,-0.004806,-0.004150,-0.004202,-0.003610,-0.004464,-0.004806,-0.004325,-0.005787,-0.007519,-0.009108,-0.011086,-0.011642,-0.012169,-0.012390,-0.014190,-0.016433,-0.017854,-0.019618,-0.021917,-0.021257,-0.019806,-0.021004,-0.020227,-0.016846,-0.015282,-0.014625,-0.009157,-0.001096,0.006242,0.010216,0.009362,0.009524,0.008053,0.011016,0.011879,0.010730,0.010059,0.009584,0.007554,0.005691,0.001497,0.001955,0.000092,-0.002397,-0.004148,-0.005855,-0.009607,-0.008997,-0.010580,-0.013918,-0.015271,-0.013410,-0.012750,-0.013848,-0.014286,-0.013875,-0.014952,-0.014141,-0.016328,-0.014007,-0.012235,-0.010722,-0.008080,-0.004354,-0.004295,-0.008445,-0.010939,-0.010214,-0.013444,-0.016226,-0.015181,-0.013169,-0.011721,-0.009815,89.891787,89.872069,89.864638,89.865513,89.872150,89.902618,89.908707,89.922396,89.931817,89.919883,89.917487,89.913704,89.910735,89.911453,89.914019,89.914872,89.914357,89.916014,89.921608,89.926749,89.931659,89.942759,89.927574,89.928136,89.938506,89.950719,89.956688,89.955805,89.959158,89.970698,89.981756,89.980276,89.962249,89.947750,89.954289,89.932378,89.916935,89.907803,89.908307,89.914505,89.947397,90.247982,90.423547,90.507708,90.527956,90.514717,90.476357,90.416420,90.338683,90.283547,90.271972,90.288154,90.331084,90.365047,90.406261,90.440187,90.447534,90.428022,90.397805,90.365028,90.322385,90.285037,90.234169,90.210877,90.267310,90.296757,90.208202,90.014936,89.945289,89.921705,89.902046,89.888913,89.870552,89.844719,89.822267,89.809827,89.810159,89.818762,89.822307,89.835309,89.857963,89.865665,89.858572,89.882549,89.923173,89.941059,89.947327,89.940346,89.930645,89.933512,89.948605,89.965872,89.987995,89.970827,89.946874,89.942239,89.930815,89.916071,89.903257,89.918719,89.907002,89.889584,89.854558,89.851655,89.860732,89.858358,89.860372,89.866734,89.875090,89.886317,89.894305,89.899725,89.908600,89.919210,89.947892,89.951512,89.951534,89.954948,89.959727,89.961917,89.963235,89.966860,89.980359,89.997983,90.116822,90.063652,90.072196,90.013521,90.172182,90.145838,90.167529,90.168678,90.010813,89.974630,89.987132,89.997430,90.005082,90.005043,90.004456,90.159566,90.033615,90.012934,90.002372,90.005453,90.166627,90.129880,90.089677,90.127799,90.163688,90.144038,90.101358,89.992009,89.994238,90.128553,90.113931,90.100140,90.132460,90.012668,89.993558,90.014630,90.008334,90.004860,90.114972,90.110943,90.015318,89.979737,89.968834,89.978152,89.964032,89.975159,89.965186,90.020798,90.141793,89.999687,89.992961,89.994061,89.986795,89.987316,89.990242,89.994069,89.994096,89.989273,89.978999,89.971004,89.967151,89.963802,89.956947,89.947049,89.942368,89.949056,89.962942,89.979159,89.991854,89.996595,89.992744,89.986110,89.988070,89.991863,89.991003,89.991259,89.992429,89.989296,89.973625,89.924413,89.911376,89.933118,89.929825,89.922362,89.901399,89.905813,89.917358,89.926176,89.932896,89.937712,89.938285,89.937007,89.921263,89.914102,89.905200,89.902539,89.909235,89.915143,89.898424,89.897514,89.911450,89.928586,89.933456,89.935073,89.944728,89.954598,89.956305,89.955526,89.956783,89.975723,89.972090,89.965671,89.952914,89.937171,89.932106,89.942382,89.954533,89.944662,89.924765,89.926232,89.925947,89.908973,89.897037,89.897494,89.902389,89.901575,0.000617,0.000803,0.000871,0.000881,0.000852,0.000516,0.000536,0.000490,0.000484,0.000687,0.000708,0.000715,0.000713,0.000705,0.000724,0.000762,0.000783,0.000769,0.000729,0.000684,0.000636,0.000514,0.000742,0.000818,0.000855,0.000880,0.000874,0.000861,0.000863,0.000885,0.000899,0.000857,0.000860,0.000863,0.000767,0.001084,0.001171,0.001191,0.001193,0.001183,0.001181,0.001157,0.001135,0.001104,0.001067,0.001040,0.001004,0.000946,0.000889,0.000860,0.000841,0.000818,0.000833,0.000893,0.001005,0.001120,0.001182,0.001196,0.001189,0.001160,0.001141,0.001164,0.001235,0.001262,0.001206,0.001188,0.001129,0.001008,0.000907,0.000926,0.001036,0.001126,0.001184,0.001221,0.001220,0.001166,0.001045,0.000935,0.000978,0.000979,0.000885,0.000913,0.001127,0.001082,0.000909,0.000941,0.000923,0.000901,0.000890,0.000901,0.000916,0.000888,0.000637,0.000790,0.001028,0.001015,0.001000,0.000982,0.000972,0.000629,0.000628,0.000662,0.000977,0.000949,0.000788,0.000790,0.000753,0.000715,0.000730,0.000714,0.000702,0.000716,0.000696,0.000676,0.000410,0.000390,0.000376,0.000363,0.000371,0.000388,0.000394,0.000404,0.000390,0.000389,0.000424,0.000738,0.000460,0.000503,0.000543,0.000876,0.000743,0.000528,0.000579,0.000466,0.000561,0.000510,0.000511,0.000501,0.000487,0.000597,0.000370,0.000429,0.000608,0.000624,0.000703,0.000755,0.000898,0.000928,0.000840,0.000803,0.000620,0.000653,0.000574,0.000319,0.000285,0.000338,0.000355,0.000365,0.000289,0.000295,0.000330,0.000409,0.000428,0.000503,0.000473,0.000427,0.000412,0.000400,0.000392,0.000407,0.000400,0.000332,0.000260,0.000275,0.000292,0.000310,0.000391,0.000392,0.000415,0.000450,0.000464,0.000462,0.000490,0.000533,0.000560,0.000561,0.000541,0.000522,0.000511,0.000491,0.000463,0.000423,0.000395,0.000392,0.000391,0.000371,0.000369,0.000397,0.000422,0.000421,0.000414,0.000401,0.000395,0.000596,0.000620,0.000343,0.000333,0.000252,0.000425,0.000423,0.000371,0.000352,0.000355,0.000346,0.000337,0.000340,0.000514,0.000535,0.000600,0.000693,0.000687,0.000535,0.000618,0.000640,0.000638,0.000576,0.000568,0.000596,0.000592,0.000626,0.000685,0.000680,0.000672,0.000481,0.000583,0.000626,0.000638,0.000639,0.000599,0.000508,0.000385,0.000395,0.000507,0.000488,0.000524,0.000654,0.000688,0.000658,0.000612,0.000580
-0.008334,-0.007431,-0.003327,0.000571,0.003243,0.006830,0.003853,0.003110,0.001426,-0.002450,-0.002347,-0.003888,-0.006815,-0.010309,-0.013504,-0.016197,-0.019233,-0.022551,-0.025542,-0.028063,-0.030319,-0.030260,-0.034645,-0.035643,-0.036597,-0.035286,-0.033281,-0.033587,-0.036699,-0.039673,-0.041929,-0.044048,-0.046453,-0.050411,-0.052836,-0.061818,-0.058881,-0.057378,-0.059021,-0.059346,-0.051221,0.007156,0.018582,0.022751,0.023671,0.022174,0.019372,0.016128,0.013425,0.014443,0.017026,0.016018,0.012653,0.004208,-0.005325,-0.014047,-0.021060,-0.024526,-0.024943,-0.024494,-0.023620,-0.021145,-0.017736,-0.006224,0.004862,0.001552,-0.004794,-0.001454,0.025609,0.034552,0.030141,0.027921,0.024642,0.022377,0.021396,0.021709,0.020129,0.019628,0.019562,0.024041,0.025958,0.027938,0.030459,0.034910,0.036616,0.036082,0.036263,0.035018,0.034827,0.035939,0.036647,0.037336,0.039826,0.037082,0.035734,0.036099,0.033918,0.030035,0.025119,0.026493,0.021850,0.019641,0.014447,0.016684,0.018019,0.016755,0.016762,0.016563,0.016811,0.015932,0.014958,0.014589,0.014027,0.012957,0.014706,0.014196,0.014799,0.014168,0.012725,0.011279,0.010129,0.009387,0.009642,0.011069,0.022342,-0.001899,0.014028,-0.001330,0.027428,-0.001391,0.012319,0.013253,-0.002065,0.015935,0.016285,0.013028,0.008959,0.004911,0.003817,0.024690,-0.001385,-0.002729,0.001564,0.001499,0.021567,-0.004955,-0.005764,0.011881,0.022778,0.023166,0.022130,0.009437,0.024169,0.044834,0.015425,0.004319,-0.001990,-0.020895,-0.003760,-0.000539,-0.001702,0.001388,0.013632,-0.002139,-0.017435,-0.002301,-0.000361,0.001116,-0.001150,-0.000749,-0.001616,0.008214,0.009316,-0.021482,-0.004933,-0.004480,-0.004494,-0.004837,-0.004727,-0.004270,-0.003966,-0.003979,-0.004889,-0.006079,-0.006399,-0.007646,-0.010333,-0.011382,-0.011692,-0.012524,-0.014729,-0.015593,-0.016887,-0.018929,-0.021567,-0.022652,-0.021197,-0.020189,-0.018285,-0.015822,-0.015293,-0.014329,-0.008936,-0.002441,0.004602,0.010413,0.007360,0.007646,0.007901,0.011056,0.014100,0.013326,0.010574,0.008719,0.006167,0.003766,0.000506,0.001662,-0.001060,-0.003047,-0.003869,-0.005426,-0.010786,-0.010870,-0.010720,-0.011997,-0.013640,-0.013139,-0.013018,-0.014014,-0.014748,-0.015160,-0.016528,-0.015145,-0.016489,-0.014211,-0.012012,-0.010135,-0.007621,-0.004966,-0.005873,-0.009873,-0.011822,-0.010428,-0.013556,-0.016555,-0.014848,-0.012079,-0.010835,-0.009725,89.889322,89.872931,89.865885,89.870703,89.875900,89.900363,89.907608,89.925025,89.943779,89.937068,89.930724,89.924574,89.921584,89.918729,89.919174,89.923267,89.925757,89.923163,89.918077,89.918770,89.927353,89.945300,89.933876,89.933028,89.944100,89.957522,89.964042,89.961181,89.958252,89.964791,89.974813,89.976704,89.966476,89.956523,89.968512,89.942743,89.917683,89.899663,89.894262,89.898451,89.955507,90.250602,90.428269,90.516932,90.525578,90.497455,90.456040,90.403054,90.335727,90.295907,90.279627,90.273086,90.307874,90.357338,90.399015,90.428390,90.435352,90.421384,90.402740,90.373960,90.332705,90.281320,90.224703,90.221013,90.275704,90.292108,90.195555,90.009314,89.944816,89.932555,89.911326,89.896644,89.871389,89.840738,89.818677,89.808815,89.808668,89.823646,89.826359,89.836839,89.851400,89.855205,89.855717,89.883822,89.917886,89.929047,89.934168,89.933328,89.929598,89.929688,89.940167,89.959778,89.987915,89.974954,89.947001,89.933831,89.922459,89.915087,89.905584,89.918027,89.907892,89.894438,89.856354,89.844259,89.848830,89.852113,89.862722,89.872685,89.883675,89.891385,89.897032,89.902081,89.910412,89.921560,89.947745,89.951780,89.955837,89.963025,89.966458,89.961419,89.956091,89.959269,89.977303,90.000593,90.119790,90.070719,90.069697,90.011793,90.169949,90.147587,90.179812,90.163233,90.011572,89.971541,89.981564,89.986440,89.996182,89.999663,90.006654,90.156128,90.025701,90.007149,90.012288,90.003604,90.166385,90.117032,90.076566,90.126845,90.181627,90.167411,90.101254,89.987938,89.985392,90.137333,90.114135,90.112583,90.139159,90.011751,89.965749,90.009210,90.024204,89.992092,90.131937,90.124961,89.982703,89.979711,89.973233,89.978473,89.970263,89.977638,89.971049,90.040670,90.150351,90.006932,90.000469,89.998207,89.991254,89.988175,89.987961,89.989573,89.988456,89.982098,89.971236,89.962984,89.958014,89.952851,89.945530,89.937044,89.936418,89.947174,89.962445,89.976896,89.992517,90.004081,90.006653,90.000282,89.997646,89.995039,89.993132,89.987542,89.981630,89.976224,89.956963,89.917074,89.905745,89.934386,89.928352,89.919717,89.903207,89.903889,89.911856,89.914915,89.921852,89.935714,89.940763,89.933052,89.909298,89.906125,89.901366,89.899007,89.904172,89.912499,89.897383,89.898447,89.914597,89.931010,89.931819,89.931336,89.941377,89.949650,89.950952,89.951717,89.952462,89.967231,89.959510,89.955615,89.952792,89.946636,89.943853,89.948319,89.958057,89.950037,89.931823,89.926555,89.914891,89.894307,89.891824,89.899494,89.900602,89.896088,0.000641,0.000861,0.000980,0.000927,0.000835,0.000498,0.000488,0.000464,0.000455,0.000651,0.000686,0.000680,0.000678,0.000709,0.000744,0.000738,0.000708,0.000687,0.000688,0.000696,0.000691,0.000551,0.000724,0.000788,0.000826,0.000872,0.000914,0.000931,0.000915,0.000871,0.000836,0.000806,0.000811,0.000842,0.000726,0.001068,0.001177,0.001218,0.001223,0.001227,0.001230,0.001220,0.001208,0.001185,0.001126,0.001049,0.000972,0.000911,0.000874,0.000874,0.000888,0.000885,0.000889,0.000940,0.001031,0.001127,0.001180,0.001192,0.001197,0.001205,0.001228,0.001229,0.001259,0.001243,0.001192,0.001194,0.001166,0.001028,0.000974,0.000914,0.001036,0.001054,0.001097,0.001168,0.001218,0.001190,0.001099,0.000877,0.000894,0.000908,0.000863,0.000949,0.001149,0.001073,0.000915,0.000952,0.000946,0.000927,0.000900,0.000879,0.000866,0.000823,0.000581,0.000715,0.000941,0.000927,0.000890,0.000877,0.000914,0.000643,0.000662,0.000697,0.001020,0.001003,0.000829,0.000758,0.000677,0.000664,0.000668,0.000673,0.000672,0.000700,0.000704,0.000665,0.000404,0.000382,0.000372,0.000377,0.000403,0.000426,0.000436,0.000448,0.000434,0.000426,0.000463,0.000746,0.000505,0.000508,0.000565,0.000877,0.000820,0.000604,0.000701,0.000605,0.000521,0.000450,0.000427,0.000422,0.000432,0.000453,0.000319,0.000582,0.000586,0.000598,0.000623,0.000705,0.000866,0.000919,0.000867,0.000759,0.000589,0.000610,0.000601,0.000333,0.000333,0.000341,0.000345,0.000347,0.000313,0.000348,0.000355,0.000309,0.000505,0.000465,0.000393,0.000394,0.000400,0.000399,0.000387,0.000396,0.000396,0.000350,0.000272,0.000279,0.000270,0.000269,0.000343,0.000351,0.000370,0.000406,0.000434,0.000444,0.000467,0.000490,0.000515,0.000544,0.000530,0.000487,0.000461,0.000451,0.000455,0.000450,0.000432,0.000421,0.000405,0.000391,0.000398,0.000419,0.000426,0.000414,0.000402,0.000377,0.000400,0.000537,0.000656,0.000377,0.000342,0.000303,0.000414,0.000412,0.000359,0.000348,0.000377,0.000381,0.000375,0.000367,0.000568,0.000567,0.000608,0.000676,0.000673,0.000533,0.000630,0.000644,0.000641,0.000617,0.000664,0.000685,0.000620,0.000611,0.000649,0.000645,0.000657,0.000493,0.000611,0.000670,0.000689,0.000700,0.000667,0.000594,0.000459,0.000487,0.000609,0.000575,0.000598,0.000730,0.000726,0.000660,0.000623,0.000599
-0.008098,-0.007792,-0.003910,-0.000904,0.001974,0.005632,0.003205,0.003434,0.001517,-0.001974,-0.002361,-0.003959,-0.007943,-0.012352,-0.014805,-0.016901,-0.019201,-0.022040,-0.025212,-0.028377,-0.030235,-0.030885,-0.035312,-0.035055,-0.034495,-0.035314,-0.035168,-0.034747,-0.036163,-0.038759,-0.041821,-0.044535,-0.047023,-0.050094,-0.053098,-0.063122,-0.059987,-0.057533,-0.059123,-0.058985,-0.049464,0.006054,0.019388,0.023527,0.023250,0.021650,0.020319,0.017826,0.014474,0.013917,0.015599,0.015505,0.011896,0.004154,-0.005457,-0.012970,-0.018963,-0.023914,-0.025028,-0.024268,-0.024094,-0.023142,-0.018253,-0.006950,0.005752,0.001099,-0.003522,-0.002022,0.026175,0.032149,0.029789,0.029067,0.026032,0.022352,0.020769,0.020668,0.020334,0.019626,0.019325,0.022619,0.025293,0.027347,0.030150,0.035341,0.036309,0.035019,0.035674,0.035470,0.035977,0.035543,0.035926,0.037956,0.041412,0.037532,0.034635,0.035712,0.033945,0.030096,0.025304,0.027156,0.021576,0.019887,0.014063,0.016213,0.017506,0.016342,0.016938,0.017291,0.017942,0.017528,0.015635,0.014632,0.014180,0.013198,0.015005,0.013627,0.014799,0.013544,0.011859,0.011095,0.011964,0.012604,0.010819,0.010894,0.022188,-0.001964,0.015001,-0.001315,0.028052,-0.003845,0.013687,0.014095,-0.000905,0.014347,0.017855,0.013576,0.009889,0.006168,0.005214,0.023213,-0.004120,-0.003797,0.002269,0.002166,0.019019,-0.003899,-0.005866,0.012699,0.019571,0.020317,0.020128,0.011321,0.023786,0.044384,0.012899,0.003611,-0.000958,-0.022542,-0.005920,-0.001559,-0.002102,-0.001012,0.015340,0.000286,-0.017235,-0.000893,-0.000892,-0.000961,-0.000656,-0.003633,-0.002816,0.006649,0.008164,-0.020778,-0.004979,-0.004312,-0.005207,-0.004541,-0.004692,-0.005793,-0.004619,-0.003928,-0.003897,-0.005042,-0.005890,-0.008308,-0.010793,-0.011291,-0.011072,-0.012107,-0.014310,-0.016418,-0.017303,-0.019352,-0.022089,-0.022790,-0.021481,-0.021034,-0.018458,-0.016751,-0.014958,-0.013579,-0.008581,-0.000871,0.005879,0.009690,0.006594,0.010149,0.009118,0.009548,0.010604,0.011262,0.010136,0.008435,0.007517,0.005563,0.000941,0.000841,-0.002367,-0.004784,-0.004882,-0.004742,-0.008895,-0.010203,-0.012260,-0.013941,-0.014388,-0.013145,-0.013013,-0.015444,-0.016339,-0.014876,-0.015045,-0.012856,-0.014136,-0.013071,-0.012374,-0.010689,-0.008021,-0.005484,-0.005325,-0.008541,-0.010995,-0.011133,-0.014201,-0.016682,-0.014386,-0.012645,-0.012013,-0.010251,89.904006,89.879305,89.869238,89.873731,89.883000,89.907699,89.907387,89.917526,89.930220,89.924826,89.922719,89.920754,89.919860,89.919665,89.919867,89.916953,89.913905,89.916547,89.920251,89.923143,89.928756,89.941204,89.932479,89.933761,89.940924,89.944347,89.947178,89.949485,89.954956,89.957781,89.959930,89.961262,89.954618,89.948163,89.956528,89.931654,89.918818,89.909617,89.912775,89.907371,89.942879,90.256530,90.434667,90.505350,90.513461,90.496681,90.469809,90.417913,90.341268,90.296084,90.280579,90.289705,90.331287,90.377044,90.411790,90.425488,90.423882,90.411286,90.397127,90.366653,90.320863,90.272435,90.228632,90.210122,90.263996,90.291740,90.187195,89.992462,89.941376,89.926328,89.911878,89.894891,89.874502,89.845884,89.821956,89.811021,89.814439,89.822739,89.823011,89.834843,89.855114,89.866232,89.864413,89.892162,89.927686,89.939256,89.944480,89.941019,89.938324,89.942451,89.953400,89.964951,89.984414,89.972196,89.949077,89.943012,89.930546,89.914254,89.898538,89.914564,89.906376,89.898807,89.863351,89.849347,89.853549,89.856746,89.866204,89.873121,89.879247,89.884325,89.891904,89.898877,89.908823,89.918354,89.942322,89.944270,89.950578,89.961711,89.968963,89.970541,89.971436,89.974698,89.975300,90.002075,90.121050,90.078533,90.077484,90.002080,90.184606,90.129123,90.175222,90.155236,90.008115,89.970757,89.979727,89.989414,89.996303,89.995233,90.006292,90.153548,90.041925,90.007511,89.995525,90.002194,90.177009,90.122252,90.074905,90.140663,90.186544,90.152034,90.100421,89.987868,89.982266,90.134480,90.135234,90.103123,90.134889,89.998623,89.971733,89.992998,90.021121,89.993456,90.118221,90.122715,89.999175,89.982172,89.980692,89.965607,89.975787,89.982132,89.973799,90.026209,90.143968,90.012720,90.002757,89.994026,89.978743,89.974901,89.980098,89.988812,89.992009,89.988192,89.978214,89.969937,89.965639,89.959856,89.945994,89.928855,89.924127,89.937669,89.960058,89.979714,89.994732,90.003567,90.002090,89.990849,89.983659,89.984334,89.997217,89.994299,89.983701,89.975778,89.965655,89.917135,89.902726,89.931442,89.931410,89.924378,89.899811,89.897718,89.906268,89.910899,89.917281,89.930292,89.938880,89.937929,89.916586,89.914620,89.913890,89.909994,89.909128,89.914040,89.900598,89.898327,89.906592,89.920050,89.926250,89.933363,89.950409,89.961232,89.957731,89.948603,89.943406,89.964837,89.967264,89.963285,89.955331,89.947517,89.947448,89.950944,89.953985,89.942968,89.930431,89.935286,89.928256,89.902700,89.893237,89.901953,89.910851,89.913335,0.000653,0.000850,0.000924,0.000893,0.000813,0.000505,0.000538,0.000492,0.000453,0.000614,0.000680,0.000722,0.000764,0.000809,0.000836,0.000847,0.000832,0.000800,0.000786,0.000772,0.000729,0.000614,0.000801,0.000870,0.000863,0.000888,0.000905,0.000923,0.000930,0.000955,0.000942,0.000889,0.000904,0.000913,0.000790,0.001133,0.001200,0.001251,0.001253,0.001246,0.001244,0.001233,0.001193,0.001126,0.001060,0.001024,0.001006,0.000975,0.000936,0.000916,0.000900,0.000883,0.000889,0.000933,0.001011,0.001094,0.001159,0.001205,0.001234,0.001237,0.001243,0.001267,0.001291,0.001262,0.001200,0.001202,0.001133,0.001045,0.001072,0.001050,0.001142,0.001248,0.001263,0.001249,0.001228,0.001183,0.001073,0.000942,0.000939,0.000898,0.000837,0.000914,0.001177,0.001121,0.000965,0.001022,0.001037,0.001035,0.000985,0.000922,0.000889,0.000882,0.000686,0.000796,0.000988,0.000942,0.000942,0.000973,0.001024,0.000697,0.000725,0.000721,0.001036,0.001051,0.000884,0.000835,0.000783,0.000790,0.000773,0.000728,0.000682,0.000704,0.000707,0.000686,0.000427,0.000429,0.000412,0.000397,0.000400,0.000412,0.000429,0.000456,0.000441,0.000433,0.000448,0.000853,0.000528,0.000559,0.000600,0.000868,0.000850,0.000634,0.000688,0.000581,0.000592,0.000537,0.000539,0.000548,0.000537,0.000511,0.000429,0.000403,0.000564,0.000592,0.000641,0.000752,0.000826,0.000867,0.000817,0.000737,0.000700,0.000632,0.000612,0.000334,0.000392,0.000354,0.000322,0.000311,0.000336,0.000399,0.000402,0.000451,0.000490,0.000438,0.000491,0.000354,0.000436,0.000402,0.000403,0.000422,0.000428,0.000358,0.000281,0.000277,0.000263,0.000272,0.000371,0.000415,0.000457,0.000476,0.000493,0.000515,0.000550,0.000565,0.000545,0.000515,0.000478,0.000449,0.000446,0.000468,0.000490,0.000484,0.000460,0.000433,0.000393,0.000370,0.000380,0.000404,0.000409,0.000393,0.000377,0.000364,0.000331,0.000665,0.000780,0.000359,0.000291,0.000310,0.000512,0.000507,0.000420,0.000371,0.000363,0.000354,0.000363,0.000377,0.000612,0.000642,0.000681,0.000724,0.000670,0.000506,0.000594,0.000629,0.000634,0.000614,0.000672,0.000708,0.000646,0.000642,0.000704,0.000717,0.000720,0.000508,0.000588,0.000667,0.000709,0.000712,0.000653,0.000571,0.000441,0.000442,0.000527,0.000482,0.000536,0.000722,0.000772,0.000736,0.000701,0.000644
-0.006147,-0.005394,-0.002597,0.000339,0.002688,0.007878,0.003983,0.003020,0.000206,-0.003516,-0.002658,-0.003429,-0.007363,-0.011761,-0.014011,-0.015408,-0.018411,-0.022893,-0.026393,-0.027916,-0.029378,-0.029858,-0.034661,-0.033877,-0.035306,-0.036170,-0.035428,-0.034231,-0.035985,-0.038832,-0.042406,-0.044590,-0.047411,-0.050630,-0.052677,-0.062115,-0.059724,-0.056677,-0.057594,-0.058762,-0.050144,0.005806,0.017493,0.021896,0.024177,0.023968,0.021461,0.017813,0.013285,0.013615,0.016402,0.016475,0.013468,0.005798,-0.003611,-0.012479,-0.019781,-0.024204,-0.024182,-0.021857,-0.022642,-0.021586,-0.017388,-0.007627,0.006444,0.001530,-0.004396,-0.001044,0.026558,0.034767,0.031916,0.029190,0.025781,0.022126,0.020504,0.020344,0.019732,0.019385,0.019653,0.023633,0.024957,0.026232,0.028829,0.035159,0.036676,0.034712,0.035322,0.035050,0.034851,0.036417,0.037272,0.037578,0.039494,0.036596,0.034332,0.036478,0.033849,0.030859,0.026790,0.026788,0.019724,0.017915,0.015677,0.018500,0.017777,0.015655,0.016961,0.017516,0.016941,0.016117,0.015532,0.015150,0.014211,0.013460,0.016751,0.015322,0.015067,0.014532,0.013126,0.012559,0.011780,0.011813,0.011635,0.009715,0.021780,-0.000273,0.011468,-0.003582,0.025949,-0.002611,0.012971,0.013298,-0.002191,0.016444,0.015819,0.012763,0.008240,0.005720,0.003252,0.023190,-0.004085,-0.003540,0.000993,0.003286,0.019269,-0.005013,-0.004343,0.012385,0.021766,0.021033,0.019630,0.010436,0.024830,0.043904,0.012505,0.005245,-0.002289,-0.023495,-0.002754,-0.002381,-0.001957,0.001574,0.014059,-0.000115,-0.014206,-0.000785,-0.000669,-0.000799,0.000357,-0.002960,-0.002099,0.006005,0.008942,-0.019994,-0.004457,-0.004937,-0.003544,-0.005017,-0.004492,-0.004141,-0.003638,-0.003341,-0.003650,-0.005468,-0.006906,-0.008676,-0.011732,-0.010616,-0.009650,-0.011924,-0.015387,-0.016945,-0.017306,-0.019584,-0.021976,-0.023212,-0.022954,-0.021495,-0.019592,-0.016843,-0.014725,-0.014578,-0.009152,-0.001590,0.007033,0.011560,0.009155,0.009966,0.008508,0.010698,0.013713,0.013352,0.010037,0.007962,0.007299,0.006349,0.001914,0.001234,-0.001471,-0.002941,-0.003545,-0.005178,-0.009989,-0.010363,-0.010995,-0.012053,-0.013240,-0.013517,-0.013208,-0.013517,-0.014281,-0.014307,-0.014777,-0.012793,-0.015774,-0.015248,-0.014028,-0.011904,-0.008260,-0.004533,-0.004720,-0.009505,-0.011910,-0.011210,-0.013731,-0.017070,-0.015276,-0.012717,-0.011761,-0.009388,89.903011,89.886049,89.875868,89.878095,89.879450,89.905784,89.907839,89.925757,89.940770,89.929181,89.924022,89.919732,89.918749,89.920593,89.925043,89.928944,89.926772,89.919562,89.914698,89.920844,89.935147,89.951840,89.934990,89.931541,89.939614,89.951519,89.956229,89.951499,89.949712,89.957286,89.967415,89.969227,89.958740,89.947798,89.957302,89.932297,89.913406,89.901278,89.903931,89.908306,89.952856,90.257165,90.450291,90.521421,90.522451,90.497791,90.470085,90.417919,90.338289,90.280173,90.258938,90.272284,90.329570,90.372797,90.396925,90.420535,90.435625,90.428647,90.408224,90.381157,90.329116,90.268016,90.221242,90.198283,90.259842,90.290823,90.183667,90.009087,89.955663,89.936372,89.918099,89.906419,89.883881,89.847768,89.822020,89.816589,89.824536,89.832739,89.829987,89.835346,89.846070,89.852292,89.852398,89.884093,89.919211,89.928649,89.938936,89.943085,89.940295,89.939399,89.945054,89.959333,89.990289,89.983796,89.951742,89.942224,89.929352,89.913694,89.896919,89.909317,89.900616,89.885699,89.854105,89.849402,89.852795,89.853277,89.860787,89.869433,89.880226,89.892187,89.899231,89.902069,89.906289,89.913870,89.946135,89.951621,89.953419,89.959072,89.958755,89.959218,89.965389,89.978366,89.997307,90.006624,90.130565,90.075228,90.085163,90.008258,90.181658,90.121835,90.165010,90.150590,90.004672,89.978536,89.979460,89.990645,89.994084,89.996694,90.007818,90.151242,90.026413,90.012118,90.007892,90.009256,90.168266,90.109122,90.075193,90.127407,90.171982,90.154222,90.118992,89.991043,89.992386,90.149437,90.130565,90.104253,90.128881,89.997024,89.994484,90.004329,90.002931,90.018167,90.115533,90.130899,90.001764,89.996665,89.980319,89.974007,89.976306,89.978851,89.971117,90.023691,90.123885,90.009409,90.003446,89.997371,89.996690,89.992926,89.990570,89.990235,89.988024,89.978197,89.963548,89.955703,89.956281,89.955351,89.947970,89.941027,89.944433,89.955906,89.966676,89.972966,89.978850,89.984841,89.988457,89.988629,89.988596,89.988298,89.989461,89.983965,89.991001,89.993986,89.968595,89.910949,89.905458,89.930280,89.922465,89.916202,89.902236,89.912724,89.927941,89.931092,89.930602,89.934926,89.937082,89.934563,89.914082,89.910688,89.905063,89.901460,89.902870,89.904353,89.887145,89.885759,89.902254,89.923838,89.931234,89.929688,89.939251,89.955132,89.962631,89.960660,89.955904,89.971635,89.965148,89.957405,89.950052,89.944888,89.947313,89.953588,89.959495,89.947252,89.927732,89.923754,89.916012,89.895822,89.890573,89.899081,89.903524,89.905718,0.000732,0.000896,0.000978,0.000935,0.000901,0.000539,0.000580,0.000506,0.000465,0.000704,0.000768,0.000782,0.000778,0.000772,0.000756,0.000733,0.000752,0.000791,0.000804,0.000753,0.000688,0.000572,0.000795,0.000847,0.000888,0.000938,0.000964,0.000966,0.000951,0.000945,0.000953,0.000944,0.000948,0.000931,0.000766,0.001094,0.001184,0.001219,0.001232,0.001245,0.001262,0.001260,0.001243,0.001207,0.001164,0.001126,0.001084,0.001010,0.000946,0.000923,0.000924,0.000935,0.000950,0.000966,0.001003,0.001076,0.001152,0.001203,0.001233,0.001241,0.001252,0.001291,0.001346,0.001349,0.001247,0.001236,0.001203,0.001133,0.000994,0.001028,0.001143,0.001177,0.001196,0.001217,0.001203,0.001156,0.001093,0.001009,0.001033,0.001011,0.000987,0.001053,0.001246,0.001099,0.000914,0.001007,0.001027,0.001013,0.000963,0.000903,0.000924,0.000983,0.000768,0.000818,0.001047,0.001003,0.001017,0.001039,0.001070,0.000737,0.000723,0.000775,0.001065,0.001033,0.000904,0.000862,0.000809,0.000817,0.000830,0.000796,0.000780,0.000797,0.000792,0.000766,0.000460,0.000447,0.000437,0.000415,0.000474,0.000499,0.000491,0.000474,0.000448,0.000456,0.000477,0.000918,0.000572,0.000554,0.000606,0.000958,0.000862,0.000635,0.000684,0.000558,0.000645,0.000582,0.000599,0.000564,0.000532,0.000688,0.000492,0.000644,0.000638,0.000680,0.000763,0.000793,0.000909,0.000939,0.000865,0.000786,0.000668,0.000656,0.000667,0.000397,0.000416,0.000396,0.000396,0.000581,0.000580,0.000403,0.000389,0.000475,0.000556,0.000447,0.000433,0.000439,0.000458,0.000464,0.000450,0.000451,0.000444,0.000354,0.000306,0.000317,0.000325,0.000339,0.000413,0.000436,0.000471,0.000477,0.000463,0.000480,0.000528,0.000551,0.000548,0.000555,0.000559,0.000540,0.000524,0.000533,0.000558,0.000575,0.000561,0.000523,0.000467,0.000438,0.000452,0.000472,0.000458,0.000434,0.000429,0.000417,0.000405,0.000752,0.000755,0.000379,0.000370,0.000312,0.000503,0.000503,0.000434,0.000406,0.000423,0.000425,0.000417,0.000394,0.000607,0.000621,0.000689,0.000738,0.000679,0.000516,0.000591,0.000648,0.000685,0.000664,0.000677,0.000711,0.000696,0.000726,0.000781,0.000775,0.000749,0.000537,0.000670,0.000762,0.000783,0.000764,0.000686,0.000587,0.000444,0.000454,0.000558,0.000533,0.000575,0.000750,0.000796,0.000732,0.000721,0.000713
-0.007030,-0.006790,-0.002871,-0.000539,0.002206,0.006955,0.004864,0.003558,0.000185,-0.003390,-0.002665,-0.003895,-0.007293,-0.010693,-0.014003,-0.016830,-0.018618,-0.021100,-0.024166,-0.027628,-0.030247,-0.029727,-0.034480,-0.033996,-0.034109,-0.034897,-0.035147,-0.034982,-0.035846,-0.037902,-0.041483,-0.044400,-0.047770,-0.050968,-0.053180,-0.061841,-0.060050,-0.058042,-0.059019,-0.059599,-0.050826,0.007956,0.019157,0.024318,0.024292,0.023130,0.021193,0.016916,0.013203,0.014616,0.016422,0.016439,0.012552,0.004711,-0.003646,-0.012471,-0.019721,-0.023583,-0.024637,-0.024013,-0.023839,-0.022813,-0.017663,-0.007016,0.006584,0.002519,-0.004066,-0.000092,0.025434,0.034421,0.032217,0.030057,0.025271,0.021232,0.020630,0.021581,0.020992,0.020579,0.019416,0.022117,0.024956,0.026830,0.029441,0.033860,0.035924,0.034842,0.035693,0.035669,0.034951,0.034507,0.036061,0.037752,0.039714,0.036297,0.035757,0.036010,0.033416,0.029652,0.025400,0.027360,0.020835,0.019581,0.015789,0.017354,0.018314,0.016886,0.017719,0.017243,0.016988,0.016300,0.014259,0.013849,0.013980,0.012690,0.015162,0.014464,0.014645,0.015599,0.015110,0.013578,0.011477,0.010426,0.010455,0.011227,0.021956,-0.001196,0.014588,-0.002221,0.027725,-0.001147,0.013085,0.015441,-0.002374,0.015870,0.016989,0.013832,0.009460,0.005986,0.005071,0.023480,-0.003837,-0.001480,0.003118,0.002973,0.021050,-0.006325,-0.005356,0.011389,0.022380,0.021594,0.019941,0.010219,0.023031,0.044813,0.014816,0.002772,-0.002284,-0.021949,-0.006806,-0.002981,-0.002638,0.002268,0.015208,-0.003456,-0.017082,-0.000321,0.002161,0.000516,-0.000936,-0.001856,-0.003031,0.006194,0.010242,-0.021137,-0.004090,-0.004574,-0.006418,-0.003879,-0.003662,-0.004159,-0.003776,-0.002785,-0.004069,-0.007278,-0.008350,-0.009658,-0.011917,-0.011615,-0.011939,-0.013322,-0.015418,-0.017399,-0.018722,-0.019626,-0.022295,-0.022436,-0.021501,-0.020110,-0.018854,-0.016294,-0.014765,-0.015087,-0.009876,-0.002274,0.006832,0.011244,0.008203,0.009059,0.006687,0.009849,0.013574,0.012838,0.009243,0.007776,0.007560,0.005897,0.001224,0.001175,-0.000902,-0.003611,-0.005818,-0.006269,-0.009507,-0.009377,-0.010328,-0.012953,-0.014325,-0.013405,-0.013026,-0.013886,-0.013846,-0.013525,-0.014634,-0.012628,-0.014688,-0.013777,-0.013172,-0.011541,-0.008263,-0.005234,-0.004878,-0.008213,-0.010607,-0.011162,-0.014715,-0.017389,-0.015423,-0.013368,-0.012639,-0.010003,89.892120,89.872820,89.865859,89.866423,89.873304,89.902186,89.911558,89.926179,89.936477,89.920105,89.910785,89.906282,89.907744,89.911326,89.913232,89.910431,89.908924,89.910655,89.915902,89.923654,89.934358,89.954801,89.944955,89.944742,89.950344,89.956390,89.960326,89.958973,89.957932,89.963011,89.967370,89.965315,89.953593,89.943957,89.955485,89.933770,89.917622,89.906067,89.905622,89.912267,89.954897,90.259155,90.427736,90.512548,90.518612,90.494365,90.464031,90.406968,90.333820,90.281264,90.263225,90.289905,90.352878,90.386247,90.407731,90.423932,90.422914,90.409842,90.405147,90.383951,90.335286,90.268634,90.218359,90.214058,90.262473,90.274955,90.173985,90.008136,89.942971,89.927647,89.907857,89.892096,89.868991,89.839611,89.819033,89.811205,89.812609,89.822145,89.824611,89.841435,89.865282,89.868568,89.861915,89.881990,89.918323,89.931198,89.939468,89.942423,89.944287,89.946577,89.953572,89.966454,89.993097,89.985228,89.963420,89.948702,89.933660,89.920875,89.903687,89.917997,89.899957,89.884096,89.852153,89.845508,89.851307,89.849495,89.858124,89.865516,89.873143,89.885030,89.895151,89.902338,89.913092,89.920993,89.945501,89.947661,89.947962,89.952861,89.954925,89.953502,89.958944,89.973471,89.994768,90.014361,90.128270,90.049294,90.061610,90.001815,90.171857,90.136266,90.175024,90.161841,89.993487,89.972091,89.984497,89.991155,89.993657,89.992636,89.994753,90.155346,90.049770,90.014257,89.995897,89.995131,90.166439,90.117593,90.090151,90.130549,90.178095,90.147282,90.097045,89.987064,89.982906,90.134185,90.123952,90.098700,90.134217,90.007095,89.971778,90.014028,90.020864,90.007129,90.097821,90.121235,90.016582,89.993307,89.973113,89.963338,89.967588,89.977839,89.972297,90.028434,90.162518,90.013295,90.004250,90.000977,89.985204,89.981460,89.985251,89.991880,89.992427,89.987262,89.975806,89.965931,89.962944,89.960324,89.950014,89.936861,89.932394,89.941577,89.958366,89.972456,89.981295,89.986420,89.987779,89.982687,89.976335,89.973682,89.976888,89.974292,89.979500,89.990514,89.961901,89.938015,89.899629,89.942827,89.936520,89.921376,89.902866,89.910717,89.922976,89.923669,89.924025,89.932309,89.936640,89.933974,89.917270,89.916116,89.912611,89.908298,89.910863,89.918028,89.902228,89.900379,89.914743,89.932905,89.936504,89.936380,89.948551,89.961312,89.963544,89.958880,89.954557,89.971178,89.966168,89.960467,89.955353,89.951426,89.953519,89.957873,89.958673,89.941825,89.925778,89.930820,89.925251,89.898599,89.887419,89.895188,89.901953,89.900111,0.000654,0.000814,0.000879,0.000896,0.000841,0.000516,0.000516,0.000494,0.000493,0.000725,0.000769,0.000754,0.000750,0.000769,0.000793,0.000805,0.000799,0.000792,0.000778,0.000753,0.000741,0.000600,0.000795,0.000848,0.000887,0.000959,0.000987,0.000989,0.001003,0.001012,0.001021,0.000985,0.000985,0.000987,0.000845,0.001144,0.001218,0.001234,0.001223,0.001225,0.001231,0.001244,0.001237,0.001195,0.001125,0.001071,0.001041,0.001005,0.000966,0.000928,0.000910,0.000905,0.000936,0.000990,0.001055,0.001113,0.001151,0.001198,0.001265,0.001294,0.001282,0.001268,0.001271,0.001242,0.001179,0.001200,0.001199,0.001084,0.001087,0.001076,0.001201,0.001250,0.001260,0.001240,0.001199,0.001140,0.001067,0.000962,0.001050,0.001046,0.000914,0.000940,0.001123,0.001100,0.000939,0.001009,0.001008,0.000985,0.000943,0.000921,0.000931,0.000934,0.000688,0.000757,0.000918,0.000957,0.000989,0.001020,0.001088,0.000687,0.000686,0.000710,0.001051,0.001088,0.000933,0.000917,0.000837,0.000802,0.000798,0.000748,0.000745,0.000788,0.000775,0.000767,0.000497,0.000452,0.000457,0.000448,0.000459,0.000457,0.000427,0.000425,0.000428,0.000431,0.000477,0.000833,0.000545,0.000566,0.000623,0.000821,0.000777,0.000642,0.000719,0.000586,0.000640,0.000579,0.000598,0.000571,0.000562,0.000519,0.000364,0.000433,0.000635,0.000641,0.000644,0.000717,0.000868,0.000942,0.000886,0.000832,0.000620,0.000673,0.000660,0.000417,0.000434,0.000460,0.000424,0.000375,0.000334,0.000418,0.000366,0.000469,0.000403,0.000394,0.000422,0.000475,0.000498,0.000493,0.000463,0.000446,0.000424,0.000379,0.000313,0.000311,0.000285,0.000285,0.000380,0.000415,0.000459,0.000498,0.000521,0.000510,0.000531,0.000578,0.000585,0.000568,0.000536,0.000490,0.000467,0.000461,0.000473,0.000483,0.000490,0.000493,0.000477,0.000438,0.000430,0.000445,0.000452,0.000463,0.000477,0.000448,0.000465,0.000800,0.000816,0.000278,0.000357,0.000355,0.000465,0.000464,0.000390,0.000376,0.000399,0.000404,0.000404,0.000418,0.000624,0.000664,0.000740,0.000823,0.000778,0.000577,0.000651,0.000691,0.000694,0.000663,0.000705,0.000749,0.000699,0.000697,0.000755,0.000767,0.000761,0.000549,0.000643,0.000699,0.000743,0.000765,0.000695,0.000580,0.000434,0.000464,0.000580,0.000553,0.000601,0.000758,0.000779,0.000731,0.000715,0.000678
-0.007366,-0.007495,-0.003548,0.000070,0.001610,0.005164,0.003213,0.002977,0.001373,-0.001797,-0.001590,-0.004011,-0.007598,-0.011170,-0.014522,-0.016670,-0.018565,-0.021895,-0.026213,-0.029594,-0.031434,-0.030216,-0.035005,-0.035065,-0.035222,-0.035415,-0.035586,-0.035129,-0.035717,-0.038494,-0.041796,-0.044165,-0.046939,-0.050608,-0.053522,-0.064092,-0.060216,-0.058032,-0.058618,-0.059653,-0.051833,0.007561,0.018986,0.022615,0.022806,0.022264,0.020509,0.017808,0.014266,0.014250,0.016762,0.015575,0.011493,0.004347,-0.004934,-0.012858,-0.019804,-0.024506,-0.025254,-0.024256,-0.024216,-0.021526,-0.017245,-0.008400,0.005250,0.002031,-0.002913,0.000943,0.025322,0.033894,0.031444,0.029789,0.026149,0.022850,0.021195,0.020937,0.019872,0.018527,0.019005,0.023242,0.025504,0.026928,0.028943,0.035490,0.036428,0.035486,0.034928,0.034793,0.036046,0.037263,0.037554,0.037514,0.040586,0.037838,0.035335,0.036456,0.034665,0.031008,0.025750,0.027456,0.022228,0.019198,0.014187,0.016661,0.017145,0.016168,0.018077,0.017422,0.016657,0.015842,0.014491,0.014307,0.013821,0.012342,0.014527,0.013237,0.014122,0.014708,0.013970,0.012251,0.011697,0.012263,0.011815,0.009579,0.021790,-0.002305,0.012308,-0.002511,0.027722,-0.001577,0.013895,0.015374,-0.003646,0.014602,0.017477,0.014516,0.010513,0.006977,0.004761,0.025398,-0.003530,-0.002732,0.000044,0.001897,0.019099,-0.005693,-0.002652,0.013207,0.021930,0.021263,0.021128,0.009786,0.024648,0.044948,0.014553,0.002549,-0.003686,-0.022808,-0.004815,-0.004744,-0.002696,-0.000304,0.015102,-0.002879,-0.016941,-0.000651,-0.000365,0.000373,-0.000628,-0.001873,-0.001486,0.005206,0.008530,-0.020073,-0.005276,-0.004143,-0.005394,-0.003447,-0.003708,-0.004284,-0.005363,-0.004359,-0.004112,-0.006132,-0.007223,-0.007361,-0.010561,-0.010976,-0.010735,-0.011583,-0.014572,-0.016903,-0.017360,-0.018764,-0.022062,-0.024098,-0.022266,-0.020249,-0.017729,-0.016229,-0.014345,-0.014114,-0.009453,-0.002950,0.006107,0.011332,0.008244,0.009360,0.007786,0.010108,0.012198,0.011636,0.009722,0.008570,0.006528,0.004302,0.000536,0.001381,-0.000488,-0.002959,-0.004345,-0.006439,-0.010373,-0.009959,-0.010756,-0.012875,-0.014151,-0.013481,-0.013826,-0.014665,-0.014456,-0.013899,-0.014190,-0.012571,-0.014713,-0.013978,-0.013758,-0.011178,-0.008198,-0.005392,-0.005716,-0.009537,-0.011983,-0.010972,-0.013473,-0.016430,-0.015773,-0.013186,-0.010773,-0.008884,89.886869,89.876169,89.875389,89.881396,89.881919,89.899367,89.903967,89.920347,89.936303,89.927140,89.923449,89.921961,89.923762,89.927319,89.928768,89.925884,89.921178,89.917996,89.921107,89.928434,89.935683,89.948454,89.932104,89.931341,89.940026,89.945732,89.948170,89.950977,89.959193,89.969293,89.977586,89.977785,89.968028,89.957854,89.964527,89.926962,89.912332,89.907184,89.907843,89.908783,89.951965,90.254837,90.431388,90.508608,90.513562,90.494754,90.466901,90.420091,90.342337,90.288131,90.277109,90.280791,90.319136,90.374616,90.416143,90.442138,90.439447,90.407991,90.387206,90.369671,90.324010,90.270409,90.234374,90.209429,90.258027,90.282329,90.177935,89.993502,89.948091,89.930863,89.912237,89.897025,89.873808,89.839402,89.807626,89.796035,89.810214,89.827660,89.831037,89.838263,89.851336,89.857505,89.852366,89.881713,89.915170,89.934622,89.944062,89.942543,89.937255,89.936254,89.944110,89.955789,89.982305,89.977099,89.956875,89.953493,89.945635,89.935827,89.917324,89.920992,89.905612,89.892770,89.859968,89.852047,89.855625,89.858094,89.871806,89.882382,89.891368,89.895879,89.895767,89.898437,89.908980,89.918871,89.946010,89.949654,89.953255,89.958338,89.960833,89.959591,89.961990,89.972869,89.991513,89.996191,90.109074,90.048095,90.076537,90.009040,90.178859,90.144549,90.173588,90.172948,90.015716,89.984374,89.987710,89.995354,90.002519,90.000511,89.989341,90.165062,90.041572,90.007314,90.017070,90.017706,90.174586,90.130664,90.080232,90.120491,90.178025,90.162412,90.108240,89.997508,89.993500,90.137940,90.114353,90.110686,90.138235,90.018294,89.990633,90.009157,90.013375,90.008036,90.125514,90.124023,89.987446,89.987888,89.966508,89.967419,89.986375,89.989985,89.978122,90.012504,90.132883,90.019171,90.006450,89.999896,89.985720,89.979986,89.979531,89.985497,89.989635,89.987341,89.976897,89.965949,89.960342,89.956757,89.949341,89.939859,89.941630,89.955972,89.969558,89.978330,89.987482,89.995282,89.998107,89.992336,89.986850,89.985764,89.990771,89.980495,89.975343,89.978018,89.965490,89.917264,89.909489,89.941659,89.935429,89.924266,89.903857,89.909766,89.922219,89.925485,89.928036,89.935066,89.938910,89.937063,89.921295,89.919749,89.913398,89.903960,89.905787,89.912775,89.902072,89.904393,89.916843,89.929176,89.933705,89.937622,89.945295,89.947871,89.946131,89.948657,89.957424,89.980742,89.976005,89.967479,89.957407,89.949355,89.947815,89.952000,89.956778,89.944375,89.925359,89.924158,89.917829,89.898165,89.890643,89.897848,89.900448,89.894339,0.000660,0.000827,0.000883,0.000820,0.000782,0.000528,0.000543,0.000513,0.000481,0.000673,0.000701,0.000711,0.000725,0.000732,0.000737,0.000742,0.000758,0.000779,0.000763,0.000705,0.000636,0.000472,0.000706,0.000818,0.000863,0.000892,0.000895,0.000894,0.000891,0.000905,0.000908,0.000884,0.000906,0.000923,0.000769,0.001180,0.001210,0.001211,0.001203,0.001181,0.001163,0.001170,0.001179,0.001166,0.001110,0.001035,0.000975,0.000935,0.000898,0.000882,0.000876,0.000890,0.000934,0.001011,0.001092,0.001154,0.001170,0.001146,0.001143,0.001158,0.001175,0.001184,0.001206,0.001194,0.001130,0.001135,0.001095,0.000994,0.000984,0.001004,0.001115,0.001157,0.001185,0.001209,0.001245,0.001234,0.001125,0.001010,0.000988,0.000915,0.000835,0.000887,0.001128,0.001024,0.000931,0.000937,0.000929,0.000924,0.000913,0.000883,0.000852,0.000829,0.000580,0.000685,0.000908,0.000864,0.000863,0.000890,0.000937,0.000621,0.000618,0.000660,0.000981,0.000943,0.000812,0.000828,0.000766,0.000746,0.000717,0.000681,0.000686,0.000727,0.000724,0.000706,0.000425,0.000405,0.000377,0.000351,0.000347,0.000364,0.000371,0.000387,0.000376,0.000366,0.000393,0.000775,0.000469,0.000512,0.000610,0.000897,0.000800,0.000581,0.000696,0.000562,0.000586,0.000541,0.000533,0.000501,0.000455,0.000486,0.000393,0.000503,0.000575,0.000574,0.000661,0.000757,0.000772,0.000809,0.000769,0.000711,0.000577,0.000586,0.000614,0.000342,0.000357,0.000377,0.000371,0.000476,0.000517,0.000319,0.000390,0.000406,0.000404,0.000463,0.000432,0.000398,0.000379,0.000380,0.000392,0.000403,0.000391,0.000306,0.000273,0.000295,0.000299,0.000296,0.000372,0.000392,0.000412,0.000430,0.000452,0.000471,0.000498,0.000513,0.000504,0.000485,0.000462,0.000449,0.000448,0.000439,0.000443,0.000450,0.000450,0.000460,0.000442,0.000401,0.000386,0.000392,0.000393,0.000386,0.000389,0.000378,0.000349,0.000643,0.000715,0.000361,0.000315,0.000306,0.000434,0.000408,0.000351,0.000347,0.000362,0.000358,0.000346,0.000336,0.000522,0.000570,0.000661,0.000750,0.000666,0.000460,0.000519,0.000576,0.000614,0.000613,0.000630,0.000636,0.000599,0.000629,0.000689,0.000691,0.000668,0.000483,0.000600,0.000668,0.000695,0.000689,0.000655,0.000577,0.000433,0.000435,0.000546,0.000516,0.000550,0.000699,0.000735,0.000660,0.000609,0.000609
-0.008171,-0.005691,-0.001699,0.000726,0.001594,0.006405,0.004282,0.004250,0.001421,-0.002702,-0.002661,-0.003787,-0.006421,-0.009961,-0.013996,-0.016409,-0.018570,-0.021188,-0.024207,-0.027338,-0.029651,-0.030522,-0.035991,-0.035331,-0.035401,-0.035515,-0.035204,-0.035147,-0.036616,-0.039489,-0.042818,-0.045360,-0.047049,-0.050194,-0.053235,-0.061329,-0.059501,-0.058867,-0.060015,-0.057996,-0.050558,0.005001,0.019716,0.023419,0.024148,0.022827,0.020659,0.017146,0.014534,0.013702,0.015872,0.014548,0.011750,0.003688,-0.005250,-0.012787,-0.019094,-0.023507,-0.024762,-0.024510,-0.024071,-0.022860,-0.016858,-0.004751,0.006672,0.003257,-0.003806,-0.001121,0.024982,0.033958,0.030618,0.028474,0.026162,0.022914,0.021023,0.021185,0.020498,0.020144,0.018656,0.022485,0.025194,0.027245,0.030617,0.035521,0.037448,0.035580,0.036467,0.037065,0.037132,0.037521,0.037211,0.037742,0.040197,0.037236,0.035486,0.036182,0.034326,0.029882,0.026096,0.028084,0.021930,0.019419,0.014604,0.016866,0.017254,0.016776,0.017921,0.017639,0.017480,0.016315,0.014305,0.014564,0.014199,0.013249,0.014843,0.015332,0.016163,0.015272,0.013947,0.012258,0.010169,0.009450,0.011129,0.010812,0.022403,-0.000642,0.011543,-0.002121,0.026366,-0.002362,0.012107,0.013035,-0.001649,0.014973,0.017683,0.015505,0.011145,0.005187,0.004113,0.023329,-0.004669,-0.003123,0.001163,0.003442,0.019869,-0.006306,-0.005318,0.012687,0.020741,0.020072,0.022193,0.010323,0.024417,0.044949,0.015805,0.005193,-0.003616,-0.021719,-0.002364,-0.002532,-0.002953,-0.001058,0.013817,-0.003235,-0.015142,-0.000300,0.000529,-0.000854,0.000280,-0.001806,-0.002826,0.007194,0.008411,-0.021947,-0.004240,-0.002841,-0.004423,-0.005598,-0.004520,-0.003434,-0.003766,-0.004055,-0.004808,-0.005722,-0.006572,-0.009066,-0.011851,-0.012377,-0.012676,-0.013383,-0.015621,-0.018263,-0.018645,-0.018850,-0.020075,-0.021871,-0.022378,-0.022530,-0.019975,-0.016123,-0.013947,-0.014666,-0.010612,-0.000761,0.007090,0.011823,0.008786,0.008899,0.007485,0.009890,0.011983,0.011550,0.009561,0.008680,0.007521,0.004854,0.000480,0.000485,-0.001544,-0.003647,-0.004472,-0.005480,-0.009937,-0.010540,-0.011300,-0.012507,-0.014134,-0.015008,-0.016127,-0.016536,-0.014846,-0.013330,-0.013701,-0.013224,-0.015797,-0.013331,-0.011758,-0.011043,-0.008719,-0.005748,-0.005831,-0.009242,-0.011614,-0.010844,-0.014077,-0.017183,-0.015004,-0.012710,-0.012477,-0.011364,89.899308,89.886982,89.882203,89.883792,89.881291,89.902122,89.905137,89.922620,89.940937,89.933241,89.927018,89.920579,89.918619,89.920342,89.920863,89.918624,89.917931,89.920279,89.923838,89.927137,89.931178,89.941803,89.926951,89.928771,89.936817,89.941014,89.942276,89.944940,89.957618,89.972061,89.976687,89.967707,89.956255,89.952892,89.965959,89.939578,89.917918,89.907283,89.895475,89.899843,89.975543,90.245508,90.426566,90.514875,90.527214,90.505324,90.477339,90.421154,90.335158,90.269593,90.260339,90.267368,90.321608,90.374526,90.407113,90.425460,90.432823,90.421447,90.402497,90.372129,90.327267,90.270274,90.230471,90.218738,90.262063,90.288535,90.189973,90.020757,89.956544,89.932667,89.910818,89.895054,89.876785,89.844457,89.812517,89.796394,89.800967,89.820930,89.825324,89.838691,89.858684,89.866160,89.861425,89.882821,89.925604,89.943208,89.950909,89.947454,89.943407,89.945938,89.950485,89.958185,89.986408,89.983803,89.959200,89.942112,89.931143,89.917906,89.903219,89.916763,89.910453,89.900604,89.864181,89.853775,89.857212,89.862235,89.869000,89.871765,89.878226,89.889680,89.897744,89.906954,89.916021,89.922711,89.940294,89.943888,89.951899,89.960793,89.962463,89.960379,89.962737,89.968772,89.981986,89.997649,90.117069,90.060691,90.067726,90.009498,90.168324,90.127321,90.166077,90.151689,90.006244,89.963536,89.981742,89.990580,89.998594,89.997747,90.012685,90.150769,90.039690,90.002488,90.002475,90.017326,90.174456,90.129623,90.075196,90.122734,90.162104,90.147518,90.117455,89.983524,89.983957,90.130410,90.121052,90.117334,90.124556,89.995781,89.986245,90.010464,90.005734,90.015226,90.113067,90.123902,90.001043,89.992102,89.988535,89.961863,89.971781,89.986148,89.968858,90.019572,90.138613,90.010214,90.003750,90.003739,89.995639,89.992014,89.992633,89.995309,89.995572,89.991704,89.980140,89.967843,89.961383,89.956632,89.946733,89.936559,89.937377,89.949809,89.965653,89.978185,89.989999,90.002167,90.008199,90.003924,89.998413,89.995801,89.995082,89.984780,89.983682,89.992767,89.977649,89.933422,89.919671,89.934800,89.932337,89.928723,89.906886,89.905152,89.914262,89.920681,89.929017,89.940296,89.943848,89.940134,89.924334,89.921766,89.912765,89.900421,89.899597,89.908442,89.896214,89.897269,89.912027,89.931270,89.937265,89.935921,89.941919,89.951143,89.956900,89.958845,89.955582,89.966460,89.955325,89.950811,89.951629,89.951363,89.951393,89.953654,89.956667,89.943467,89.923472,89.924024,89.921124,89.901046,89.890124,89.894187,89.901721,89.904032,0.000682,0.000840,0.000905,0.000847,0.000812,0.000503,0.000542,0.000492,0.000445,0.000641,0.000676,0.000676,0.000693,0.000739,0.000768,0.000752,0.000717,0.000712,0.000738,0.000733,0.000688,0.000544,0.000754,0.000794,0.000824,0.000870,0.000885,0.000881,0.000865,0.000890,0.000922,0.000938,0.000938,0.000911,0.000755,0.001048,0.001189,0.001213,0.001196,0.001185,0.001184,0.001202,0.001218,0.001215,0.001173,0.001097,0.001012,0.000924,0.000850,0.000843,0.000861,0.000881,0.000911,0.000954,0.001008,0.001069,0.001118,0.001139,0.001143,0.001141,0.001144,0.001175,0.001196,0.001181,0.001142,0.001172,0.001159,0.001043,0.001030,0.001021,0.001125,0.001222,0.001236,0.001211,0.001180,0.001147,0.001072,0.000891,0.000921,0.000902,0.000848,0.000905,0.001106,0.001103,0.000927,0.000994,0.000995,0.000974,0.000946,0.000928,0.000958,0.000963,0.000679,0.000711,0.000929,0.000981,0.000924,0.000918,0.000935,0.000609,0.000594,0.000614,0.000952,0.000952,0.000826,0.000743,0.000693,0.000719,0.000733,0.000682,0.000664,0.000648,0.000633,0.000601,0.000393,0.000383,0.000386,0.000396,0.000424,0.000440,0.000427,0.000429,0.000418,0.000415,0.000463,0.000817,0.000491,0.000546,0.000654,0.000761,0.000764,0.000672,0.000678,0.000594,0.000615,0.000574,0.000579,0.000565,0.000515,0.000444,0.000366,0.000299,0.000652,0.000631,0.000671,0.000722,0.000861,0.000872,0.000775,0.000704,0.000610,0.000635,0.000616,0.000346,0.000363,0.000354,0.000344,0.000417,0.000408,0.000448,0.000337,0.000362,0.000473,0.000469,0.000444,0.000444,0.000437,0.000421,0.000405,0.000400,0.000392,0.000316,0.000274,0.000291,0.000294,0.000297,0.000387,0.000408,0.000430,0.000459,0.000481,0.000463,0.000457,0.000481,0.000484,0.000473,0.000468,0.000459,0.000467,0.000493,0.000514,0.000499,0.000454,0.000425,0.000410,0.000409,0.000418,0.000419,0.000419,0.000423,0.000434,0.000426,0.000429,0.000639,0.000696,0.000352,0.000254,0.000261,0.000450,0.000451,0.000382,0.000369,0.000387,0.000391,0.000393,0.000397,0.000587,0.000624,0.000700,0.000776,0.000720,0.000535,0.000634,0.000677,0.000695,0.000670,0.000702,0.000725,0.000668,0.000669,0.000719,0.000716,0.000718,0.000526,0.000633,0.000686,0.000712,0.000727,0.000692,0.000596,0.000436,0.000420,0.000524,0.000496,0.000527,0.000673,0.000711,0.000678,0.000650,0.000639
-0.007337,-0.006379,-0.002231,-0.000144,0.000782,0.005376,0.003522,0.003503,0.001196,-0.001901,-0.001644,-0.003959,-0.008183,-0.012004,-0.014571,-0.016259,-0.017919,-0.021110,-0.025174,-0.028956,-0.030921,-0.030688,-0.035191,-0.034325,-0.034834,-0.035422,-0.034994,-0.034426,-0.035901,-0.038146,-0.040748,-0.042842,-0.045688,-0.049833,-0.052769,-0.062208,-0.059595,-0.057685,-0.057863,-0.057635,-0.051479,0.006963,0.018236,0.022816,0.024088,0.023516,0.021012,0.017389,0.013137,0.011808,0.015530,0.015921,0.012316,0.004820,-0.003602,-0.012932,-0.020776,-0.023768,-0.023943,-0.022933,-0.023245,-0.022534,-0.016825,-0.007381,0.007581,0.002001,-0.005011,-0.002153,0.024743,0.033087,0.031179,0.028844,0.024823,0.021117,0.019824,0.021164,0.021285,0.020494,0.019843,0.023782,0.026287,0.026656,0.029221,0.034726,0.036390,0.036065,0.035645,0.035016,0.035896,0.037573,0.037478,0.037241,0.040452,0.037092,0.035185,0.036519,0.033508,0.028848,0.025720,0.028459,0.021209,0.019103,0.015523,0.017770,0.018285,0.016989,0.017200,0.016267,0.014887,0.014736,0.015141,0.015047,0.014230,0.013334,0.016088,0.015006,0.015768,0.015642,0.014557,0.012457,0.011212,0.010746,0.011137,0.011010,0.023785,-0.000670,0.013796,-0.001603,0.027359,-0.001708,0.011226,0.013851,-0.002549,0.015045,0.018098,0.014182,0.010766,0.006788,0.004458,0.021425,-0.002798,-0.004312,0.000762,0.002266,0.022052,-0.006520,-0.005635,0.011781,0.022952,0.020417,0.020754,0.009711,0.024579,0.046251,0.015054,0.004138,-0.001880,-0.022037,-0.006553,-0.002551,-0.002838,0.001890,0.014256,-0.002201,-0.015834,-0.001899,0.000831,-0.000982,0.001283,-0.000140,-0.002201,0.006655,0.009723,-0.020939,-0.005541,-0.005081,-0.005269,-0.003335,-0.005024,-0.004761,-0.004268,-0.003865,-0.004429,-0.005758,-0.006918,-0.008786,-0.011666,-0.011201,-0.010816,-0.012309,-0.014864,-0.015522,-0.016231,-0.020308,-0.022757,-0.021291,-0.023536,-0.019916,-0.021210,-0.018535,-0.016277,-0.015153,-0.009434,0.000096,0.004840,0.011174,0.007432,0.010744,0.009476,0.010536,0.013554,0.012912,0.009493,0.007463,0.006534,0.006008,0.002678,0.002677,-0.001497,-0.003954,-0.004838,-0.005005,-0.008872,-0.009279,-0.011110,-0.013437,-0.014709,-0.013145,-0.012526,-0.014107,-0.015843,-0.015488,-0.014298,-0.011884,-0.013708,-0.013578,-0.012777,-0.010762,-0.008222,-0.004657,-0.003746,-0.007816,-0.011366,-0.011308,-0.013430,-0.015137,-0.014002,-0.012937,-0.011404,-0.009232,89.896961,89.884560,89.878856,89.883198,89.888030,89.913182,89.912439,89.919152,89.926003,89.914403,89.912841,89.917424,89.925976,89.930376,89.928383,89.924242,89.924893,89.927974,89.927871,89.927054,89.932022,89.948231,89.934005,89.934489,89.939088,89.943534,89.943940,89.940581,89.944708,89.958511,89.970775,89.966849,89.949913,89.940884,89.960305,89.943579,89.928836,89.913861,89.907425,89.917174,89.955550,90.257424,90.427773,90.512599,90.530787,90.511448,90.468102,90.413342,90.341324,90.281679,90.280260,90.296660,90.330229,90.366474,90.406563,90.430799,90.426868,90.410258,90.390970,90.362635,90.320509,90.262587,90.224973,90.212049,90.268056,90.288437,90.195541,90.000346,89.945630,89.927847,89.913701,89.896714,89.870295,89.837744,89.816587,89.809337,89.809668,89.818470,89.822303,89.835734,89.854670,89.861334,89.864691,89.896475,89.933399,89.949418,89.949371,89.941037,89.934100,89.936393,89.944830,89.953788,89.982299,89.976731,89.949529,89.940030,89.928718,89.914122,89.903145,89.922039,89.909640,89.898624,89.867304,89.858470,89.861936,89.863780,89.870932,89.878727,89.884309,89.888100,89.895526,89.907361,89.923116,89.932495,89.952274,89.948888,89.954366,89.960243,89.956628,89.950704,89.955296,89.967047,89.982637,89.994739,90.113552,90.067261,90.080750,90.002000,90.183610,90.150015,90.178397,90.185408,90.018236,89.979416,89.987827,89.993813,90.000099,90.003043,90.007362,90.147346,90.031498,89.998148,90.009393,90.003809,90.164041,90.118738,90.063779,90.103947,90.169436,90.143007,90.112804,89.984973,89.979324,90.112942,90.135453,90.113495,90.139882,90.001436,89.966878,90.010336,90.010262,89.988263,90.098901,90.117074,89.996938,89.992556,89.981187,89.961443,89.969770,89.984743,89.971056,90.027497,90.146671,90.010433,89.998807,89.994954,89.987439,89.991427,89.995031,89.995883,89.993255,89.986662,89.973932,89.959782,89.952453,89.951089,89.946693,89.938988,89.938698,89.949701,89.965991,89.979101,89.987567,89.994496,89.997924,89.989435,89.994378,89.994331,89.987960,89.979209,89.979092,89.977824,89.945907,89.896790,89.882655,89.925557,89.917300,89.915680,89.902408,89.911334,89.927411,89.931595,89.929347,89.931460,89.933689,89.934309,89.915223,89.911028,89.905451,89.902740,89.903830,89.908974,89.896220,89.898721,89.911191,89.923878,89.928262,89.935085,89.952015,89.963800,89.962455,89.957137,89.957518,89.977124,89.973719,89.966803,89.959192,89.951861,89.947952,89.951543,89.957833,89.944803,89.925220,89.928896,89.926159,89.905868,89.895722,89.894626,89.895804,89.896841,0.000673,0.000830,0.000910,0.000896,0.000862,0.000525,0.000573,0.000574,0.000571,0.000752,0.000782,0.000782,0.000776,0.000788,0.000806,0.000818,0.000790,0.000753,0.000736,0.000720,0.000696,0.000574,0.000818,0.000851,0.000888,0.000944,0.000970,0.000987,0.000989,0.000980,0.000953,0.000924,0.000934,0.000933,0.000776,0.001122,0.001216,0.001236,0.001222,0.001223,0.001243,0.001254,0.001245,0.001220,0.001174,0.001115,0.001043,0.000972,0.000906,0.000884,0.000874,0.000883,0.000920,0.000992,0.001090,0.001171,0.001203,0.001216,0.001241,0.001256,0.001263,0.001311,0.001368,0.001383,0.001298,0.001284,0.001205,0.001072,0.001044,0.001099,0.001212,0.001268,0.001249,0.001228,0.001211,0.001169,0.001097,0.000982,0.001034,0.001002,0.000859,0.000903,0.001125,0.001104,0.000973,0.000938,0.000944,0.000964,0.000974,0.000968,0.000967,0.000975,0.000680,0.000749,0.001026,0.001023,0.000981,0.000986,0.001007,0.000685,0.000767,0.000761,0.001031,0.001028,0.000919,0.000897,0.000871,0.000849,0.000826,0.000778,0.000721,0.000723,0.000712,0.000685,0.000396,0.000412,0.000426,0.000438,0.000462,0.000492,0.000477,0.000449,0.000423,0.000423,0.000447,0.000875,0.000574,0.000607,0.000570,0.000785,0.000830,0.000706,0.000753,0.000710,0.000618,0.000549,0.000578,0.000578,0.000581,0.000666,0.000442,0.000449,0.000625,0.000580,0.000704,0.000714,0.000845,0.000921,0.000876,0.000832,0.000676,0.000697,0.000694,0.000286,0.000405,0.000436,0.000440,0.000403,0.000420,0.000426,0.000431,0.000370,0.000404,0.000451,0.000427,0.000472,0.000448,0.000421,0.000402,0.000399,0.000400,0.000350,0.000278,0.000283,0.000276,0.000294,0.000403,0.000436,0.000458,0.000477,0.000508,0.000531,0.000541,0.000552,0.000555,0.000548,0.000542,0.000529,0.000506,0.000491,0.000483,0.000480,0.000487,0.000491,0.000467,0.000436,0.000437,0.000459,0.000463,0.000443,0.000417,0.000393,0.000488,0.000741,0.000848,0.000339,0.000414,0.000351,0.000482,0.000476,0.000418,0.000403,0.000423,0.000423,0.000418,0.000406,0.000612,0.000612,0.000670,0.000749,0.000737,0.000579,0.000666,0.000690,0.000706,0.000696,0.000722,0.000718,0.000627,0.000593,0.000634,0.000669,0.000704,0.000542,0.000631,0.000696,0.000731,0.000737,0.000707,0.000606,0.000449,0.000476,0.000618,0.000565,0.000575,0.000704,0.000720,0.000707,0.000700,0.000673
-0.007269,-0.007354,-0.004054,-0.000135,0.003226,0.005921,0.003083,0.002266,0.000662,-0.002515,-0.002299,-0.004227,-0.007455,-0.010958,-0.013889,-0.015808,-0.018389,-0.022011,-0.025896,-0.028315,-0.029825,-0.030012,-0.035246,-0.034583,-0.035439,-0.036647,-0.036835,-0.035332,-0.035622,-0.038666,-0.043047,-0.045504,-0.046941,-0.049352,-0.052215,-0.062768,-0.059003,-0.057257,-0.058290,-0.058312,-0.050030,0.006547,0.018543,0.022782,0.023422,0.021749,0.020732,0.017657,0.013888,0.013981,0.017591,0.016706,0.012694,0.004577,-0.004450,-0.013363,-0.020074,-0.023626,-0.025214,-0.024628,-0.022558,-0.020937,-0.016287,-0.006067,0.007744,0.002871,-0.003798,0.000015,0.025479,0.035740,0.031186,0.029893,0.025345,0.023480,0.022004,0.020972,0.019679,0.019701,0.018958,0.022892,0.024280,0.026153,0.028759,0.035891,0.038001,0.037454,0.036193,0.034178,0.034379,0.036290,0.036965,0.037300,0.039041,0.036205,0.034894,0.036416,0.033491,0.029660,0.027190,0.027130,0.020835,0.018866,0.013730,0.016562,0.018363,0.017238,0.017677,0.017374,0.017596,0.016826,0.015786,0.015728,0.015587,0.013325,0.015727,0.014755,0.014685,0.014388,0.013939,0.012205,0.011162,0.010571,0.010759,0.010682,0.024312,-0.002084,0.014078,-0.001507,0.025874,-0.000261,0.012658,0.012686,-0.002551,0.013803,0.017772,0.013222,0.010423,0.006286,0.004284,0.022143,-0.002988,-0.002732,0.000155,0.001880,0.021198,-0.005836,-0.004252,0.012757,0.021653,0.022451,0.020600,0.009133,0.024311,0.044212,0.014660,0.002123,-0.000856,-0.023442,-0.005343,-0.003307,-0.003297,0.000286,0.015412,-0.001912,-0.017944,-0.002271,-0.000236,0.001759,0.001404,-0.002011,-0.001339,0.004908,0.007983,-0.022374,-0.006575,-0.004031,-0.003118,-0.004235,-0.004297,-0.003854,-0.004042,-0.003736,-0.003246,-0.004601,-0.006708,-0.008859,-0.010973,-0.011211,-0.011701,-0.013616,-0.015724,-0.016693,-0.017810,-0.019652,-0.020328,-0.019615,-0.020229,-0.019741,-0.019027,-0.016951,-0.014769,-0.013507,-0.010030,-0.002198,0.006105,0.010680,0.007116,0.008745,0.008515,0.009564,0.012867,0.013345,0.011024,0.008271,0.007043,0.005858,0.001618,0.001741,-0.001117,-0.003849,-0.005354,-0.006175,-0.009596,-0.009239,-0.010836,-0.012421,-0.013318,-0.013308,-0.013488,-0.013493,-0.014234,-0.014826,-0.015341,-0.012416,-0.014012,-0.013779,-0.012521,-0.010279,-0.007304,-0.005207,-0.005819,-0.008486,-0.011417,-0.011995,-0.014299,-0.015928,-0.015289,-0.014948,-0.013863,-0.010349,89.891251,89.879900,89.872809,89.870451,89.877724,89.906632,89.917004,89.925205,89.929720,89.918561,89.920385,89.924981,89.929531,89.930218,89.925507,89.917909,89.911972,89.913738,89.918800,89.923155,89.930554,89.944541,89.929404,89.930962,89.942002,89.948753,89.947913,89.947229,89.953467,89.964115,89.972307,89.969491,89.958566,89.951747,89.964049,89.931184,89.913856,89.903251,89.903305,89.915086,89.953707,90.251907,90.428010,90.509215,90.516432,90.489802,90.456527,90.408358,90.339810,90.278256,90.259504,90.275008,90.331803,90.370685,90.400441,90.421351,90.427962,90.418345,90.401127,90.367351,90.323053,90.268388,90.227797,90.214520,90.254729,90.277735,90.199622,90.022742,89.955010,89.941275,89.914755,89.897683,89.872891,89.849570,89.834075,89.821021,89.811666,89.816169,89.817657,89.833810,89.851407,89.860408,89.861567,89.888185,89.917343,89.927767,89.934224,89.933685,89.935486,89.946232,89.956406,89.966635,89.992031,89.982464,89.948919,89.935417,89.927535,89.923501,89.919051,89.923989,89.904027,89.894159,89.867358,89.865869,89.865308,89.854150,89.859998,89.872863,89.884799,89.886655,89.888370,89.896990,89.912280,89.922901,89.948454,89.948256,89.946142,89.948171,89.952671,89.958286,89.969756,89.986824,90.003549,90.009270,90.116133,90.057471,90.077476,90.007298,90.173158,90.129242,90.162530,90.156355,89.999695,89.961311,89.984946,89.999105,90.005272,90.003690,90.006908,90.160600,90.037425,90.008876,90.011156,90.012166,90.172408,90.122063,90.079695,90.116972,90.164524,90.160064,90.123754,89.997584,89.992575,90.122619,90.127799,90.105172,90.138680,90.003269,89.969551,89.974110,90.011705,90.026000,90.100767,90.130189,90.015647,89.996352,89.980726,89.976170,89.979144,89.983905,89.980583,90.017405,90.148103,90.015251,90.001897,89.997037,89.987386,89.979589,89.979622,89.987798,89.992673,89.986480,89.971306,89.959343,89.956837,89.957407,89.953751,89.946143,89.945988,89.957542,89.970086,89.977347,89.985570,89.994911,89.998345,89.994501,89.987757,89.985851,89.986133,89.985173,89.981539,89.975856,89.962791,89.918515,89.904518,89.931273,89.928786,89.921220,89.898459,89.892521,89.903935,89.917567,89.929294,89.939592,89.943750,89.941526,89.919125,89.914782,89.910432,89.905635,89.907025,89.912184,89.897152,89.897511,89.910843,89.928835,89.937294,89.940538,89.948437,89.952758,89.950258,89.948550,89.951299,89.970793,89.966656,89.961179,89.954140,89.946737,89.944802,89.950019,89.955669,89.948553,89.933030,89.930342,89.919554,89.897495,89.891231,89.896581,89.897874,89.894534,0.000642,0.000853,0.000967,0.000962,0.000858,0.000549,0.000517,0.000486,0.000483,0.000698,0.000742,0.000757,0.000756,0.000756,0.000763,0.000776,0.000785,0.000780,0.000778,0.000768,0.000731,0.000588,0.000795,0.000851,0.000892,0.000958,0.000994,0.000983,0.000980,0.001009,0.001016,0.000982,0.000956,0.000917,0.000731,0.001127,0.001199,0.001240,0.001251,0.001242,0.001231,0.001206,0.001206,0.001192,0.001150,0.001105,0.001061,0.001001,0.000933,0.000885,0.000860,0.000872,0.000907,0.000967,0.001052,0.001135,0.001194,0.001228,0.001251,0.001255,0.001244,0.001255,0.001261,0.001207,0.001092,0.001142,0.001182,0.001135,0.001010,0.000996,0.001211,0.001228,0.001240,0.001233,0.001243,0.001244,0.001182,0.001007,0.000992,0.000930,0.000892,0.000961,0.001157,0.001053,0.000926,0.000972,0.000976,0.000978,0.000955,0.000913,0.000925,0.000923,0.000659,0.000715,0.000949,0.000918,0.000920,0.000966,0.000937,0.000636,0.000664,0.000707,0.001088,0.001063,0.000882,0.000852,0.000781,0.000777,0.000756,0.000744,0.000744,0.000775,0.000751,0.000710,0.000397,0.000372,0.000384,0.000393,0.000414,0.000438,0.000447,0.000451,0.000422,0.000410,0.000421,0.000739,0.000501,0.000554,0.000632,0.000843,0.000859,0.000640,0.000670,0.000561,0.000542,0.000516,0.000536,0.000521,0.000469,0.000548,0.000348,0.000515,0.000580,0.000587,0.000626,0.000722,0.000885,0.000946,0.000897,0.000787,0.000671,0.000695,0.000706,0.000408,0.000326,0.000357,0.000346,0.000441,0.000360,0.000277,0.000427,0.000488,0.000395,0.000405,0.000372,0.000415,0.000414,0.000404,0.000390,0.000394,0.000396,0.000330,0.000272,0.000286,0.000286,0.000292,0.000378,0.000404,0.000424,0.000442,0.000455,0.000478,0.000531,0.000580,0.000592,0.000572,0.000529,0.000490,0.000474,0.000472,0.000487,0.000504,0.000507,0.000503,0.000474,0.000434,0.000421,0.000432,0.000433,0.000417,0.000400,0.000379,0.000446,0.000596,0.000641,0.000322,0.000379,0.000385,0.000459,0.000452,0.000393,0.000376,0.000401,0.000405,0.000390,0.000354,0.000567,0.000592,0.000650,0.000718,0.000688,0.000534,0.000620,0.000633,0.000637,0.000616,0.000661,0.000708,0.000662,0.000659,0.000690,0.000664,0.000642,0.000485,0.000630,0.000709,0.000724,0.000696,0.000620,0.000507,0.000390,0.000409,0.000541,0.000515,0.000533,0.000666,0.000681,0.000630,0.000604,0.000591
-0.007896,-0.007532,-0.003268,0.000744,0.002300,0.006677,0.005322,0.003915,0.000258,-0.004067,-0.003247,-0.004120,-0.006908,-0.010769,-0.014192,-0.016938,-0.019307,-0.021498,-0.024889,-0.027867,-0.030383,-0.030461,-0.034591,-0.034410,-0.034792,-0.035290,-0.035572,-0.035807,-0.036781,-0.038629,-0.040301,-0.043214,-0.046505,-0.050523,-0.053456,-0.062218,-0.058848,-0.057124,-0.058955,-0.060094,-0.051229,0.006590,0.019686,0.022800,0.023519,0.022742,0.021668,0.017204,0.014245,0.014026,0.016101,0.015955,0.012310,0.004327,-0.005352,-0.013680,-0.019808,-0.022561,-0.025207,-0.024767,-0.023396,-0.022802,-0.017561,-0.008457,0.007020,0.003912,-0.003430,-0.000684,0.025286,0.033303,0.030184,0.029742,0.024847,0.021165,0.021470,0.022894,0.020802,0.019620,0.020399,0.024058,0.025075,0.025743,0.028536,0.034914,0.036758,0.035904,0.035700,0.035728,0.035491,0.034776,0.035486,0.038451,0.041821,0.037991,0.035464,0.035955,0.034115,0.030690,0.026504,0.028964,0.021623,0.018881,0.014858,0.017135,0.018158,0.015665,0.015812,0.015677,0.015770,0.016351,0.015431,0.015098,0.014327,0.013700,0.015199,0.014572,0.014802,0.014505,0.012767,0.011539,0.010801,0.010503,0.010379,0.010339,0.022110,-0.001064,0.013030,0.000250,0.027252,-0.002642,0.012440,0.015123,-0.001671,0.015044,0.017842,0.013083,0.008568,0.005761,0.005789,0.023228,-0.004484,-0.003470,0.000804,0.001339,0.019469,-0.004813,-0.005811,0.012460,0.021798,0.021914,0.021387,0.009841,0.023669,0.044652,0.015138,0.005225,-0.001544,-0.020207,-0.003515,-0.003794,-0.002993,0.000433,0.015776,-0.002735,-0.020281,-0.001380,0.000742,0.000114,-0.001541,0.000624,-0.001240,0.005371,0.009032,-0.021193,-0.004840,-0.002861,-0.005220,-0.003633,-0.003383,-0.005167,-0.004990,-0.003547,-0.003696,-0.006017,-0.007629,-0.008461,-0.011438,-0.012396,-0.012212,-0.012802,-0.015459,-0.016600,-0.016368,-0.018288,-0.020266,-0.021867,-0.022312,-0.021254,-0.017179,-0.016100,-0.015940,-0.015120,-0.009862,-0.001331,0.005631,0.010056,0.007569,0.007416,0.006391,0.010785,0.014157,0.012863,0.009972,0.007928,0.005922,0.005171,0.002462,0.002121,-0.001076,-0.003623,-0.004523,-0.005689,-0.010090,-0.010191,-0.011520,-0.012999,-0.014325,-0.013555,-0.013275,-0.014049,-0.014677,-0.014148,-0.014044,-0.012756,-0.016528,-0.015415,-0.012712,-0.009562,-0.008209,-0.005862,-0.005206,-0.007741,-0.010384,-0.010159,-0.013244,-0.016643,-0.014852,-0.012402,-0.010980,-0.009437,89.887877,89.878777,89.874780,89.877963,89.876997,89.897330,89.905750,89.922215,89.935955,89.922908,89.919612,89.919780,89.923560,89.923752,89.918804,89.916705,89.923674,89.933012,89.934193,89.934636,89.939627,89.951268,89.934764,89.933485,89.940420,89.944000,89.944356,89.946959,89.957628,89.971214,89.982067,89.981704,89.968280,89.953560,89.959047,89.933535,89.918260,89.906522,89.903311,89.914080,89.949709,90.249800,90.434488,90.521824,90.530992,90.505574,90.466984,90.399918,90.330780,90.288437,90.271220,90.276867,90.319015,90.372110,90.410719,90.430723,90.432542,90.424228,90.399507,90.362808,90.320529,90.269508,90.227038,90.210486,90.260423,90.294034,90.192744,90.005018,89.953933,89.941163,89.917341,89.901104,89.875260,89.845260,89.826657,89.818036,89.814204,89.814573,89.811125,89.827562,89.853239,89.866900,89.864205,89.886378,89.913729,89.923244,89.931027,89.936418,89.938990,89.942077,89.950144,89.962432,89.987295,89.977947,89.948174,89.931703,89.919340,89.911846,89.903309,89.925004,89.913408,89.898619,89.860404,89.843665,89.848772,89.850296,89.861260,89.872565,89.879728,89.884663,89.888220,89.895939,89.909002,89.923513,89.947181,89.950586,89.955179,89.962861,89.962507,89.954044,89.950439,89.959885,89.978352,90.007454,90.127077,90.056022,90.071130,90.008923,90.181711,90.143579,90.164167,90.153786,89.999152,89.964387,89.984565,89.996216,90.004831,90.003708,90.007718,90.160280,90.019631,90.014934,90.006792,90.016553,90.188661,90.134267,90.077442,90.114431,90.151563,90.135973,90.101077,89.991067,89.991451,90.141748,90.142710,90.107126,90.122717,90.003678,89.971394,89.980107,90.006502,90.031392,90.107862,90.145506,90.002653,89.975119,89.980615,89.964995,89.956714,89.979936,89.976691,90.021207,90.144342,90.017109,90.009346,90.004730,89.985296,89.979295,89.980104,89.987779,89.996118,89.996212,89.984319,89.970350,89.960181,89.953136,89.948784,89.945809,89.947779,89.957063,89.968212,89.977432,89.986505,89.991585,89.990683,89.986573,89.988046,89.989175,90.002844,90.001526,89.988224,89.976615,89.966308,89.921440,89.907242,89.931705,89.924280,89.913020,89.896314,89.906624,89.921749,89.925377,89.927614,89.935802,89.939410,89.937746,89.918008,89.915156,89.912400,89.910035,89.913520,89.920224,89.908114,89.906990,89.913649,89.926171,89.934710,89.941956,89.953449,89.960609,89.960808,89.960162,89.959733,89.976811,89.967658,89.961238,89.954146,89.946840,89.945338,89.955459,89.964198,89.954507,89.935352,89.934222,89.929304,89.906903,89.894342,89.892077,89.891380,89.889812,0.000679,0.000828,0.000916,0.000874,0.000846,0.000548,0.000526,0.000498,0.000476,0.000697,0.000744,0.000753,0.000721,0.000710,0.000754,0.000807,0.000808,0.000776,0.000761,0.000745,0.000723,0.000599,0.000806,0.000865,0.000905,0.000978,0.001011,0.000975,0.000916,0.000920,0.000918,0.000901,0.000921,0.000937,0.000805,0.001110,0.001148,0.001158,0.001168,0.001188,0.001199,0.001209,0.001239,0.001242,0.001180,0.001092,0.001023,0.000987,0.000947,0.000895,0.000875,0.000873,0.000899,0.000963,0.001041,0.001111,0.001166,0.001217,0.001258,0.001270,0.001263,0.001282,0.001315,0.001311,0.001212,0.001216,0.001165,0.001075,0.000915,0.000923,0.001164,0.001242,0.001256,0.001231,0.001176,0.001116,0.001049,0.000953,0.001008,0.000978,0.000901,0.000922,0.001128,0.001055,0.000907,0.000923,0.000953,0.001001,0.001026,0.000990,0.000950,0.000928,0.000715,0.000794,0.000989,0.000975,0.000970,0.000977,0.001036,0.000691,0.000741,0.000745,0.001002,0.001019,0.000871,0.000867,0.000808,0.000754,0.000720,0.000679,0.000695,0.000754,0.000765,0.000676,0.000396,0.000353,0.000352,0.000361,0.000419,0.000458,0.000463,0.000459,0.000429,0.000419,0.000440,0.000661,0.000470,0.000564,0.000609,0.000904,0.000865,0.000596,0.000653,0.000579,0.000604,0.000533,0.000503,0.000494,0.000500,0.000591,0.000456,0.000583,0.000640,0.000660,0.000785,0.000781,0.000860,0.000876,0.000829,0.000779,0.000638,0.000663,0.000634,0.000409,0.000456,0.000405,0.000384,0.000393,0.000388,0.000355,0.000384,0.000451,0.000425,0.000501,0.000472,0.000403,0.000418,0.000413,0.000411,0.000420,0.000399,0.000330,0.000278,0.000305,0.000315,0.000331,0.000418,0.000419,0.000439,0.000466,0.000493,0.000510,0.000529,0.000548,0.000565,0.000568,0.000540,0.000504,0.000479,0.000455,0.000459,0.000475,0.000489,0.000500,0.000484,0.000475,0.000479,0.000486,0.000474,0.000440,0.000406,0.000400,0.000437,0.000623,0.000696,0.000374,0.000350,0.000316,0.000468,0.000484,0.000418,0.000393,0.000420,0.000416,0.000392,0.000360,0.000580,0.000619,0.000682,0.000744,0.000702,0.000542,0.000618,0.000647,0.000693,0.000702,0.000718,0.000698,0.000620,0.000621,0.000691,0.000716,0.000724,0.000509,0.000646,0.000717,0.000749,0.000746,0.000706,0.000583,0.000452,0.000460,0.000574,0.000555,0.000577,0.000721,0.000718,0.000683,0.000670,0.000661
-0.008131,-0.007823,-0.004226,-0.000666,0.002296,0.007247,0.004434,0.003110,0.000824,-0.001832,-0.001977,-0.003675,-0.008337,-0.013026,-0.014409,-0.014546,-0.017321,-0.022150,-0.026618,-0.028267,-0.028433,-0.029417,-0.034501,-0.036068,-0.035911,-0.035888,-0.035520,-0.034791,-0.036255,-0.039396,-0.041812,-0.043738,-0.047851,-0.052058,-0.053763,-0.062365,-0.059940,-0.058474,-0.058843,-0.058933,-0.050858,0.006423,0.019448,0.023345,0.023734,0.022086,0.020713,0.017799,0.014039,0.014438,0.017761,0.017272,0.011791,0.003878,-0.003869,-0.012039,-0.019999,-0.024961,-0.025410,-0.024535,-0.024411,-0.022999,-0.017899,-0.006194,0.006093,0.003164,-0.005158,-0.000933,0.026155,0.033628,0.030729,0.027886,0.024568,0.022412,0.020371,0.019626,0.019945,0.020537,0.019579,0.022157,0.024934,0.026735,0.028597,0.034452,0.037509,0.035889,0.035702,0.035128,0.035851,0.036767,0.037065,0.037855,0.040513,0.037622,0.034812,0.035695,0.033777,0.030092,0.026426,0.027937,0.020930,0.018394,0.014848,0.017481,0.017771,0.016604,0.017989,0.019060,0.018449,0.017155,0.014546,0.013743,0.014079,0.013430,0.015489,0.014737,0.016229,0.016024,0.013287,0.010698,0.010683,0.011599,0.009488,0.011212,0.021686,-0.003335,0.013495,-0.002274,0.027408,-0.002046,0.013412,0.012949,-0.002893,0.015575,0.017285,0.013415,0.010299,0.006213,0.006223,0.023344,-0.003269,-0.003345,-0.001211,0.002987,0.021349,-0.005362,-0.004396,0.011832,0.021997,0.019628,0.018941,0.010203,0.026433,0.045902,0.015564,0.004047,-0.001285,-0.023557,-0.005090,-0.000153,-0.003069,0.000790,0.014902,-0.001547,-0.016926,-0.000920,-0.001034,0.000679,0.000404,-0.000759,-0.001746,0.006865,0.009502,-0.021971,-0.004734,-0.002568,-0.003712,-0.004022,-0.005297,-0.004163,-0.003984,-0.004358,-0.004504,-0.005484,-0.006824,-0.008281,-0.009872,-0.010337,-0.011087,-0.012184,-0.014468,-0.016548,-0.018134,-0.019900,-0.021425,-0.022069,-0.021915,-0.020830,-0.019848,-0.016022,-0.014396,-0.014894,-0.008656,-0.001131,0.006632,0.011268,0.007646,0.008412,0.008068,0.012123,0.013942,0.012355,0.010404,0.009433,0.007320,0.004175,-0.000002,0.000908,-0.000563,-0.002892,-0.004482,-0.006213,-0.010058,-0.009597,-0.009451,-0.010997,-0.013384,-0.013204,-0.013320,-0.014466,-0.015158,-0.014381,-0.014837,-0.013455,-0.015245,-0.012562,-0.011120,-0.009763,-0.007274,-0.004215,-0.003959,-0.007573,-0.011257,-0.011401,-0.013901,-0.015680,-0.014655,-0.014031,-0.012784,-0.010376,89.890652,89.879016,89.873533,89.882811,89.894967,89.923612,89.923280,89.928686,89.935949,89.929357,89.923370,89.919979,89.920929,89.918871,89.914238,89.913191,89.916764,89.920986,89.921541,89.921143,89.925498,89.935022,89.929076,89.933318,89.945599,89.955479,89.955802,89.948169,89.946535,89.955835,89.971642,89.979308,89.970069,89.957142,89.965660,89.941856,89.926024,89.910110,89.904813,89.917303,89.957236,90.244780,90.430816,90.521689,90.540125,90.509182,90.457481,90.402551,90.343575,90.287206,90.267147,90.295947,90.346605,90.387432,90.420118,90.437017,90.432809,90.417255,90.406358,90.386613,90.337269,90.267638,90.214242,90.202786,90.251452,90.287645,90.194337,90.019194,89.952081,89.931324,89.911069,89.891175,89.869435,89.846826,89.825430,89.810050,89.807699,89.815903,89.815946,89.826139,89.847119,89.858904,89.863462,89.890380,89.922970,89.929086,89.936254,89.939336,89.939859,89.946225,89.950887,89.956889,89.978727,89.974521,89.952389,89.945566,89.936728,89.925797,89.908234,89.917731,89.900427,89.887916,89.862433,89.855254,89.852559,89.848518,89.862053,89.882762,89.899494,89.905498,89.907030,89.912142,89.921058,89.925940,89.951047,89.955316,89.959206,89.964791,89.966423,89.963058,89.957578,89.959802,90.006509,90.003207,90.142522,90.056551,90.065623,90.005455,90.184443,90.120955,90.154678,90.152288,90.018254,89.974904,89.977809,89.988907,89.999070,90.000931,90.002828,90.127991,90.042026,90.000731,89.988205,90.001945,90.183810,90.131309,90.079810,90.110869,90.159861,90.141542,90.089982,89.991651,89.992685,90.135515,90.144589,90.087885,90.150304,90.006696,89.981830,90.009373,90.022931,90.008980,90.111160,90.135240,90.014499,89.993919,89.983245,89.976117,89.969854,89.981734,89.971929,90.028041,90.138662,90.011551,89.997238,89.987263,89.977475,89.985780,89.997411,90.005975,90.006875,89.998988,89.981212,89.965339,89.957814,89.954568,89.948503,89.943871,89.946554,89.955631,89.967824,89.980851,89.991799,89.995007,89.991200,89.986589,89.989473,89.996656,89.994870,89.983551,89.980608,89.981659,89.966015,89.915646,89.911103,89.937073,89.922094,89.908455,89.897013,89.911218,89.924455,89.927069,89.929526,89.935403,89.935931,89.931325,89.912186,89.913900,89.913102,89.909173,89.909559,89.915832,89.904949,89.905786,89.915948,89.925076,89.925380,89.930085,89.944947,89.954218,89.949764,89.943870,89.946409,89.970476,89.967312,89.959953,89.949447,89.940686,89.941850,89.950771,89.962692,89.952743,89.931416,89.928800,89.923573,89.904200,89.895090,89.893902,89.893959,89.893391,0.000667,0.000846,0.000960,0.000930,0.000849,0.000497,0.000504,0.000485,0.000502,0.000654,0.000711,0.000737,0.000743,0.000760,0.000776,0.000780,0.000782,0.000778,0.000756,0.000717,0.000677,0.000595,0.000725,0.000793,0.000846,0.000907,0.000957,0.000995,0.000997,0.000972,0.000906,0.000839,0.000854,0.000904,0.000793,0.001133,0.001178,0.001183,0.001178,0.001187,0.001200,0.001207,0.001244,0.001246,0.001182,0.001092,0.001006,0.000945,0.000920,0.000906,0.000893,0.000895,0.000906,0.000944,0.001015,0.001089,0.001137,0.001162,0.001170,0.001154,0.001130,0.001174,0.001252,0.001271,0.001205,0.001191,0.001122,0.000942,0.000949,0.001034,0.001168,0.001248,0.001251,0.001211,0.001206,0.001190,0.001112,0.000983,0.001030,0.001023,0.000944,0.001003,0.001195,0.001100,0.000891,0.000957,0.000973,0.000980,0.000969,0.000893,0.000862,0.000847,0.000631,0.000698,0.000934,0.000930,0.000931,0.000952,0.001003,0.000656,0.000671,0.000699,0.000969,0.000956,0.000818,0.000783,0.000738,0.000723,0.000705,0.000680,0.000690,0.000727,0.000723,0.000713,0.000421,0.000413,0.000420,0.000411,0.000419,0.000418,0.000414,0.000444,0.000446,0.000446,0.000499,0.000772,0.000499,0.000515,0.000531,0.000694,0.000765,0.000552,0.000639,0.000523,0.000612,0.000540,0.000525,0.000499,0.000476,0.000702,0.000394,0.000434,0.000611,0.000605,0.000696,0.000730,0.000861,0.000892,0.000832,0.000779,0.000625,0.000649,0.000579,0.000308,0.000346,0.000320,0.000355,0.000342,0.000336,0.000419,0.000411,0.000374,0.000444,0.000516,0.000474,0.000468,0.000430,0.000410,0.000401,0.000405,0.000399,0.000332,0.000277,0.000293,0.000294,0.000297,0.000379,0.000393,0.000417,0.000439,0.000461,0.000469,0.000491,0.000509,0.000501,0.000486,0.000479,0.000467,0.000469,0.000498,0.000536,0.000538,0.000497,0.000450,0.000409,0.000396,0.000396,0.000410,0.000412,0.000394,0.000383,0.000375,0.000362,0.000699,0.000688,0.000325,0.000346,0.000332,0.000443,0.000421,0.000371,0.000363,0.000377,0.000373,0.000377,0.000378,0.000602,0.000611,0.000642,0.000685,0.000670,0.000525,0.000599,0.000617,0.000610,0.000579,0.000605,0.000610,0.000546,0.000541,0.000602,0.000634,0.000654,0.000448,0.000547,0.000609,0.000673,0.000715,0.000677,0.000593,0.000433,0.000437,0.000559,0.000528,0.000558,0.000693,0.000687,0.000640,0.000617,0.000618
-0.008483,-0.007407,-0.002572,0.000333,0.001614,0.006658,0.004822,0.003451,0.000459,-0.003206,-0.001991,-0.002795,-0.006395,-0.011816,-0.015442,-0.016694,-0.017807,-0.020712,-0.024219,-0.026517,-0.029927,-0.030880,-0.034717,-0.034379,-0.035225,-0.035895,-0.035686,-0.034676,-0.035849,-0.038851,-0.041827,-0.043135,-0.046203,-0.050615,-0.053204,-0.061675,-0.059217,-0.057238,-0.058751,-0.058831,-0.050864,0.006056,0.018382,0.022675,0.023632,0.022171,0.020385,0.017990,0.014623,0.013949,0.016777,0.017735,0.013144,0.003586,-0.005452,-0.012950,-0.018952,-0.022783,-0.024921,-0.024243,-0.022084,-0.022886,-0.017357,-0.006214,0.006769,0.001790,-0.004152,-0.003028,0.025139,0.033624,0.031261,0.030222,0.025587,0.022005,0.021221,0.021961,0.021101,0.020214,0.019578,0.023815,0.026023,0.026922,0.029316,0.034313,0.036925,0.033877,0.033965,0.034111,0.035432,0.037278,0.037639,0.037619,0.038856,0.035029,0.033447,0.034645,0.034292,0.031265,0.026536,0.027537,0.021350,0.018071,0.013836,0.016942,0.018890,0.016685,0.015785,0.015968,0.017697,0.016668,0.013686,0.014202,0.015694,0.015432,0.015603,0.013815,0.015170,0.015392,0.013318,0.011940,0.011546,0.011878,0.010357,0.008053,0.021258,0.000709,0.014500,-0.001252,0.025947,-0.001341,0.010758,0.013171,-0.001595,0.015786,0.017956,0.012946,0.009241,0.004667,0.003859,0.023824,-0.003886,-0.003066,0.000365,0.004183,0.021638,-0.005248,-0.005579,0.012184,0.023003,0.018538,0.021740,0.009111,0.024735,0.043313,0.014621,0.002551,-0.001369,-0.022093,-0.006400,-0.002267,-0.002508,-0.000552,0.014404,-0.003725,-0.018434,-0.002359,0.001721,-0.000577,-0.000007,-0.001892,-0.001213,0.006570,0.011844,-0.022631,-0.004126,-0.002841,-0.004541,-0.003499,-0.003691,-0.005004,-0.004848,-0.004397,-0.003461,-0.004548,-0.007395,-0.009454,-0.011226,-0.010856,-0.011013,-0.013018,-0.015125,-0.015499,-0.016127,-0.018874,-0.021872,-0.023243,-0.021503,-0.020181,-0.018246,-0.017348,-0.016061,-0.015161,-0.010129,0.000065,0.005837,0.011129,0.008218,0.009164,0.007613,0.011268,0.012589,0.011779,0.009946,0.008246,0.006728,0.005640,0.001408,0.001629,-0.000961,-0.003073,-0.003329,-0.004421,-0.009963,-0.010607,-0.011052,-0.012359,-0.013352,-0.012612,-0.013461,-0.014587,-0.014599,-0.014801,-0.015763,-0.012576,-0.014599,-0.013745,-0.012000,-0.009021,-0.006839,-0.005042,-0.005102,-0.008646,-0.012439,-0.012205,-0.013118,-0.015171,-0.014574,-0.012789,-0.011766,-0.010100,89.896284,89.879580,89.869088,89.870105,89.877094,89.904072,89.910412,89.925231,89.936655,89.922573,89.917654,89.920748,89.926103,89.925517,89.921480,89.920604,89.921815,89.917317,89.915646,89.928268,89.941836,89.950935,89.932095,89.929506,89.941342,89.950796,89.950934,89.947639,89.951721,89.960608,89.967146,89.969290,89.960552,89.949613,89.957495,89.933963,89.915523,89.904921,89.902621,89.904203,89.946591,90.253252,90.438015,90.521360,90.526338,90.499628,90.468786,90.418910,90.342446,90.280149,90.264956,90.292949,90.344516,90.374809,90.409601,90.435148,90.437939,90.417480,90.396635,90.381310,90.353040,90.287001,90.231308,90.216265,90.268916,90.292529,90.202762,90.029712,89.946324,89.927976,89.904309,89.887675,89.868126,89.844597,89.820119,89.805468,89.804852,89.819136,89.824938,89.840596,89.857826,89.862217,89.860654,89.880432,89.917250,89.931149,89.942295,89.941319,89.937293,89.941724,89.953415,89.963921,89.983496,89.969346,89.942861,89.932581,89.926355,89.912340,89.895898,89.912471,89.909804,89.898719,89.866605,89.858433,89.865064,89.863162,89.865644,89.872140,89.881470,89.888640,89.892659,89.900701,89.908905,89.913002,89.932351,89.938101,89.950356,89.961215,89.959988,89.955381,89.960522,89.976170,89.987911,90.000464,90.131645,90.058747,90.052392,90.015023,90.180336,90.138047,90.168749,90.170617,90.014248,89.969347,89.982391,89.991190,89.997744,89.999479,90.002208,90.145055,90.018158,90.010953,90.003284,90.009727,90.173044,90.114157,90.061499,90.098025,90.166046,90.138213,90.101699,89.991608,89.986613,90.123468,90.144491,90.104886,90.143208,90.012608,89.986548,89.996285,90.011190,90.019990,90.110104,90.121006,90.002809,89.995667,89.987739,89.979465,89.975469,89.984921,89.976675,90.016288,90.139176,90.013295,90.011316,90.010490,89.995670,89.991127,89.990444,89.989945,89.984393,89.973100,89.962807,89.957920,89.953606,89.944289,89.937277,89.938770,89.947342,89.958790,89.970031,89.981216,89.991715,89.998747,89.996650,89.987141,89.983210,89.985299,89.993603,89.986423,89.980033,89.981196,89.960385,89.923897,89.917071,89.938539,89.927150,89.913429,89.898229,89.915804,89.933631,89.941146,89.941904,89.939917,89.931512,89.928956,89.917684,89.920113,89.912221,89.900936,89.901840,89.909081,89.891105,89.890799,89.903382,89.920621,89.931904,89.943022,89.955969,89.962063,89.961483,89.961349,89.963457,89.985099,89.979170,89.970585,89.957673,89.946271,89.944103,89.953822,89.963321,89.952722,89.931600,89.932038,89.927373,89.904244,89.888342,89.888879,89.895656,89.899544,0.000718,0.000859,0.000912,0.000881,0.000818,0.000506,0.000532,0.000503,0.000480,0.000700,0.000764,0.000765,0.000754,0.000768,0.000804,0.000822,0.000819,0.000850,0.000880,0.000834,0.000772,0.000634,0.000821,0.000900,0.000889,0.000867,0.000877,0.000909,0.000914,0.000905,0.000903,0.000867,0.000907,0.000941,0.000788,0.001055,0.001147,0.001198,0.001241,0.001257,0.001235,0.001212,0.001177,0.001148,0.001102,0.001065,0.001044,0.001007,0.000948,0.000903,0.000901,0.000910,0.000943,0.000999,0.001066,0.001131,0.001177,0.001210,0.001254,0.001292,0.001278,0.001288,0.001289,0.001255,0.001199,0.001253,0.001263,0.001145,0.001038,0.001004,0.001109,0.001184,0.001253,0.001268,0.001279,0.001256,0.001176,0.001001,0.000995,0.000967,0.000930,0.000994,0.001144,0.001096,0.000896,0.000982,0.001017,0.001056,0.001060,0.001021,0.000970,0.000923,0.000664,0.000771,0.000993,0.000981,0.000895,0.000906,0.000992,0.000724,0.000735,0.000747,0.000994,0.000978,0.000822,0.000812,0.000800,0.000806,0.000786,0.000751,0.000755,0.000772,0.000785,0.000758,0.000482,0.000449,0.000442,0.000436,0.000460,0.000483,0.000500,0.000525,0.000511,0.000503,0.000537,0.000892,0.000564,0.000597,0.000678,0.000894,0.000883,0.000710,0.000713,0.000624,0.000624,0.000562,0.000566,0.000567,0.000584,0.000660,0.000445,0.000508,0.000640,0.000626,0.000760,0.000690,0.000790,0.000824,0.000753,0.000733,0.000732,0.000671,0.000628,0.000266,0.000366,0.000414,0.000416,0.000445,0.000435,0.000432,0.000410,0.000441,0.000399,0.000503,0.000509,0.000458,0.000461,0.000465,0.000463,0.000455,0.000435,0.000347,0.000288,0.000322,0.000340,0.000346,0.000432,0.000442,0.000461,0.000506,0.000534,0.000539,0.000523,0.000509,0.000515,0.000536,0.000560,0.000564,0.000565,0.000554,0.000527,0.000496,0.000477,0.000463,0.000450,0.000440,0.000436,0.000438,0.000440,0.000440,0.000445,0.000452,0.000440,0.000651,0.000716,0.000409,0.000335,0.000307,0.000510,0.000502,0.000443,0.000419,0.000431,0.000420,0.000408,0.000381,0.000577,0.000591,0.000675,0.000815,0.000793,0.000574,0.000646,0.000657,0.000684,0.000686,0.000734,0.000754,0.000694,0.000686,0.000733,0.000732,0.000732,0.000512,0.000621,0.000678,0.000724,0.000757,0.000734,0.000600,0.000424,0.000434,0.000592,0.000567,0.000596,0.000724,0.000744,0.000704,0.000699,0.000696
-0.007091,-0.006383,-0.001959,0.000493,0.002077,0.006551,0.004048,0.003182,0.000286,-0.002874,-0.001098,-0.001996,-0.005989,-0.010625,-0.013673,-0.016037,-0.018211,-0.021061,-0.025376,-0.029498,-0.030862,-0.029955,-0.034216,-0.035078,-0.034578,-0.034085,-0.033798,-0.035018,-0.037135,-0.038977,-0.042071,-0.044594,-0.046716,-0.049791,-0.052472,-0.062176,-0.060701,-0.057565,-0.058463,-0.059503,-0.050284,0.006769,0.017296,0.021204,0.023329,0.022335,0.020063,0.016937,0.013559,0.012589,0.015403,0.016214,0.011907,0.003666,-0.006230,-0.013586,-0.019629,-0.022189,-0.024037,-0.024640,-0.024490,-0.020539,-0.016937,-0.006445,0.006866,0.000570,-0.004676,-0.001035,0.026046,0.035149,0.030983,0.029550,0.026894,0.023138,0.020996,0.021272,0.021695,0.019868,0.018096,0.020902,0.024893,0.027696,0.029486,0.034853,0.037572,0.035683,0.035989,0.035917,0.035829,0.036274,0.037933,0.039580,0.040741,0.035464,0.034533,0.036885,0.034068,0.029215,0.024362,0.026449,0.021715,0.019738,0.014672,0.016248,0.016323,0.015566,0.017683,0.017864,0.016804,0.015319,0.014525,0.015007,0.014750,0.012924,0.014811,0.013834,0.014767,0.014951,0.014029,0.012047,0.010928,0.010780,0.010839,0.011347,0.021212,-0.000819,0.012297,-0.001660,0.026793,-0.000010,0.013181,0.012517,-0.002570,0.015816,0.017869,0.014052,0.010611,0.005486,0.005365,0.022504,-0.004265,-0.002336,-0.000023,0.002857,0.020948,-0.005967,-0.003999,0.014356,0.022887,0.020720,0.019169,0.008710,0.025558,0.045067,0.013408,0.003054,-0.001835,-0.022521,-0.006691,-0.003145,-0.001976,0.000389,0.014943,-0.001743,-0.017196,-0.000259,-0.000839,-0.000617,-0.000224,-0.000364,-0.001424,0.007104,0.008347,-0.022225,-0.006307,-0.004434,-0.004517,-0.003959,-0.004971,-0.004690,-0.004619,-0.004551,-0.003665,-0.004821,-0.006638,-0.008922,-0.010797,-0.010806,-0.011287,-0.013731,-0.015534,-0.016925,-0.017410,-0.019210,-0.020673,-0.021637,-0.021475,-0.020947,-0.018739,-0.015622,-0.014570,-0.014748,-0.009198,-0.002153,0.005915,0.010598,0.007032,0.009402,0.008262,0.011359,0.013262,0.011824,0.009148,0.007625,0.005845,0.003979,0.001442,0.003417,0.000762,-0.001905,-0.004016,-0.006510,-0.010110,-0.009991,-0.011047,-0.013174,-0.014535,-0.012858,-0.012259,-0.013921,-0.014780,-0.014668,-0.015513,-0.014721,-0.015612,-0.013546,-0.012404,-0.010881,-0.007582,-0.004724,-0.004877,-0.008474,-0.010333,-0.010782,-0.014593,-0.017238,-0.015271,-0.013325,-0.012358,-0.009851,89.898335,89.881553,89.876611,89.881421,89.884905,89.907974,89.911119,89.927192,89.941835,89.933499,89.926234,89.920677,89.917946,89.917387,89.920072,89.919383,89.916572,89.918663,89.925620,89.932149,89.937430,89.949721,89.938613,89.944417,89.959946,89.965221,89.958567,89.949723,89.951188,89.964300,89.975412,89.971007,89.955040,89.941237,89.950173,89.934035,89.918516,89.907742,89.909922,89.907822,89.948521,90.256868,90.438488,90.512571,90.523644,90.502262,90.462688,90.404717,90.332560,90.281357,90.267953,90.282733,90.332438,90.373799,90.405919,90.437733,90.438053,90.414543,90.398827,90.376037,90.325231,90.285187,90.233962,90.212913,90.280039,90.290874,90.189333,90.009764,89.948515,89.928251,89.909770,89.897895,89.880668,89.848971,89.820988,89.810738,89.816109,89.821208,89.816234,89.825823,89.851833,89.867849,89.863500,89.880997,89.914296,89.924964,89.931445,89.934445,89.936631,89.942647,89.952536,89.966922,89.993853,89.980242,89.953056,89.942441,89.931678,89.919132,89.901897,89.914394,89.906903,89.892299,89.854004,89.847154,89.855237,89.855962,89.865413,89.874014,89.880188,89.885465,89.889872,89.899758,89.913503,89.925082,89.949270,89.949337,89.953048,89.956995,89.956550,89.952953,89.957739,89.969821,89.990165,90.014002,90.120819,90.065971,90.060419,90.011935,90.180854,90.123200,90.172173,90.151977,90.009668,89.995125,89.984604,89.995117,90.002799,90.001391,90.018830,90.174519,90.039881,90.008388,90.003997,90.003498,90.175455,90.134773,90.078439,90.119756,90.173956,90.148122,90.120285,89.997377,89.993074,90.136828,90.134043,90.117032,90.128962,90.003112,89.967592,90.008721,90.008566,90.025839,90.098405,90.143488,90.015357,89.993048,89.970467,89.954395,89.966617,89.980216,89.968295,90.015244,90.132777,90.010181,90.001027,89.998655,89.988536,89.981873,89.980365,89.987053,89.993341,89.989070,89.975509,89.964505,89.961081,89.959671,89.951503,89.939490,89.937355,89.947845,89.962104,89.974452,89.984407,89.991741,89.993048,89.988696,89.989210,89.993030,89.992490,89.982042,89.973143,89.974798,89.973383,89.922203,89.911844,89.937758,89.925368,89.919411,89.901924,89.910619,89.920470,89.920017,89.922488,89.933348,89.937664,89.933877,89.916878,89.918374,89.910666,89.900740,89.902685,89.912253,89.903296,89.902263,89.911809,89.925630,89.931261,89.935004,89.942882,89.945612,89.944832,89.945989,89.949695,89.966525,89.962603,89.959760,89.954762,89.947750,89.946637,89.954010,89.963731,89.951744,89.931134,89.926628,89.919324,89.899206,89.891975,89.898357,89.901253,89.901042,0.000673,0.000881,0.000990,0.001011,0.000960,0.000571,0.000548,0.000524,0.000526,0.000701,0.000729,0.000710,0.000698,0.000721,0.000754,0.000796,0.000821,0.000802,0.000768,0.000756,0.000746,0.000604,0.000780,0.000849,0.000858,0.000919,0.000964,0.000970,0.000950,0.000928,0.000899,0.000875,0.000869,0.000893,0.000804,0.001090,0.001186,0.001218,0.001199,0.001192,0.001198,0.001210,0.001239,0.001240,0.001184,0.001090,0.000996,0.000931,0.000899,0.000911,0.000939,0.000952,0.000955,0.000963,0.001022,0.001110,0.001163,0.001179,0.001203,0.001214,0.001207,0.001184,0.001190,0.001196,0.001153,0.001192,0.001141,0.001013,0.000955,0.000945,0.001085,0.001197,0.001220,0.001229,0.001226,0.001172,0.001047,0.000938,0.000976,0.000977,0.000896,0.000918,0.001152,0.001129,0.000925,0.000966,0.000983,0.000998,0.001010,0.000992,0.000984,0.000951,0.000673,0.000780,0.000984,0.000980,0.000967,0.000944,0.000976,0.000697,0.000723,0.000778,0.001093,0.001034,0.000859,0.000861,0.000810,0.000770,0.000735,0.000691,0.000715,0.000747,0.000723,0.000670,0.000395,0.000426,0.000435,0.000445,0.000457,0.000479,0.000470,0.000490,0.000482,0.000476,0.000490,0.000727,0.000517,0.000567,0.000688,0.000748,0.000780,0.000574,0.000690,0.000563,0.000625,0.000544,0.000557,0.000548,0.000529,0.000586,0.000400,0.000473,0.000593,0.000614,0.000661,0.000689,0.000802,0.000864,0.000780,0.000688,0.000541,0.000610,0.000612,0.000345,0.000351,0.000417,0.000365,0.000382,0.000383,0.000381,0.000328,0.000390,0.000407,0.000489,0.000453,0.000434,0.000423,0.000397,0.000398,0.000423,0.000422,0.000361,0.000323,0.000343,0.000332,0.000318,0.000377,0.000405,0.000438,0.000460,0.000474,0.000482,0.000495,0.000515,0.000527,0.000528,0.000526,0.000530,0.000522,0.000505,0.000504,0.000503,0.000479,0.000449,0.000429,0.000431,0.000445,0.000449,0.000429,0.000417,0.000433,0.000436,0.000400,0.000605,0.000632,0.000323,0.000401,0.000341,0.000497,0.000458,0.000373,0.000354,0.000376,0.000386,0.000382,0.000379,0.000602,0.000612,0.000661,0.000722,0.000681,0.000539,0.000611,0.000645,0.000653,0.000633,0.000673,0.000704,0.000665,0.000693,0.000747,0.000745,0.000710,0.000509,0.000594,0.000655,0.000693,0.000719,0.000693,0.000621,0.000463,0.000456,0.000554,0.000548,0.000569,0.000677,0.000692,0.000659,0.000662,0.000656
-0.007792,-0.007636,-0.003055,-0.000539,0.001880,0.006558,0.003300,0.002352,0.001336,-0.001756,-0.002185,-0.004789,-0.007903,-0.010836,-0.013673,-0.016160,-0.018422,-0.021995,-0.025640,-0.028142,-0.029971,-0.030243,-0.034089,-0.033678,-0.034819,-0.035791,-0.035523,-0.035336,-0.036363,-0.037725,-0.040659,-0.043810,-0.047468,-0.051526,-0.053201,-0.063287,-0.060954,-0.058427,-0.059710,-0.060031,-0.051090,0.004698,0.018949,0.021802,0.023483,0.023988,0.021502,0.016750,0.013386,0.013705,0.014556,0.014158,0.011413,0.005059,-0.004548,-0.014118,-0.020197,-0.024024,-0.025495,-0.024298,-0.023328,-0.022365,-0.017834,-0.007277,0.005696,0.001614,-0.004307,-0.001171,0.025806,0.034987,0.031667,0.028710,0.025175,0.022484,0.020723,0.020365,0.020189,0.019386,0.019241,0.022259,0.024856,0.027092,0.028939,0.034978,0.037348,0.035407,0.035899,0.035928,0.036061,0.036669,0.037358,0.038882,0.041425,0.037511,0.033875,0.035431,0.033297,0.029592,0.025427,0.027332,0.021416,0.019561,0.015792,0.018446,0.018076,0.015512,0.016839,0.017530,0.017987,0.016465,0.014734,0.014021,0.014156,0.014054,0.016778,0.015155,0.014953,0.014957,0.013912,0.012604,0.011658,0.011765,0.011204,0.010624,0.021970,-0.001989,0.013175,-0.001266,0.026586,-0.002777,0.011438,0.014666,-0.002158,0.014656,0.015434,0.014103,0.012055,0.004839,0.004594,0.022849,-0.005517,-0.001959,0.000836,0.001280,0.020297,-0.004692,-0.003191,0.013116,0.021595,0.019392,0.018789,0.011188,0.023654,0.044232,0.013049,0.003759,-0.003218,-0.021037,-0.004116,-0.003619,-0.003590,-0.000973,0.015644,-0.003164,-0.016672,-0.001749,0.000336,-0.000757,-0.001776,-0.000127,-0.000961,0.007621,0.011142,-0.021474,-0.002651,-0.002936,-0.004762,-0.004974,-0.004597,-0.005939,-0.005008,-0.004343,-0.004197,-0.005047,-0.006630,-0.009353,-0.011510,-0.011571,-0.011619,-0.013156,-0.015148,-0.015548,-0.016452,-0.018971,-0.022329,-0.022654,-0.022254,-0.021832,-0.019149,-0.017354,-0.016463,-0.015878,-0.009646,-0.002842,0.004887,0.010797,0.009318,0.010337,0.008956,0.010540,0.012799,0.012954,0.010528,0.007552,0.005960,0.005373,0.002173,0.001631,-0.001332,-0.003311,-0.003822,-0.006098,-0.011333,-0.011149,-0.011095,-0.012362,-0.014194,-0.014184,-0.014540,-0.016048,-0.016575,-0.016002,-0.016235,-0.014208,-0.017400,-0.015517,-0.013114,-0.010565,-0.007983,-0.005233,-0.005437,-0.008350,-0.010201,-0.009988,-0.013460,-0.016731,-0.015412,-0.013247,-0.012246,-0.009831,89.888515,89.870700,89.866450,89.869707,89.873487,89.899592,89.907515,89.924284,89.936790,89.922642,89.914267,89.910286,89.916318,89.927831,89.933906,89.929963,89.922896,89.919787,89.924062,89.929934,89.934361,89.941274,89.924916,89.924796,89.933410,89.943945,89.954416,89.959516,89.963454,89.967595,89.971753,89.970408,89.960891,89.949055,89.957253,89.931389,89.914007,89.907071,89.911809,89.912827,89.954384,90.246031,90.438863,90.513379,90.516821,90.498395,90.471091,90.414931,90.346308,90.300208,90.277942,90.288394,90.324118,90.367380,90.409915,90.426007,90.426505,90.415378,90.395590,90.361251,90.322676,90.282124,90.236965,90.213029,90.252605,90.270515,90.183777,90.015003,89.948070,89.934729,89.916737,89.898409,89.872192,89.843046,89.821134,89.810268,89.813839,89.822496,89.825037,89.837281,89.853289,89.858696,89.857022,89.879789,89.911083,89.923415,89.937190,89.943316,89.943874,89.946400,89.952665,89.958164,89.977827,89.970271,89.944757,89.941170,89.935578,89.925890,89.908935,89.920037,89.907778,89.895382,89.862244,89.853663,89.858332,89.857442,89.865526,89.875948,89.888339,89.896570,89.903665,89.910175,89.918852,89.923515,89.944567,89.947039,89.953683,89.958564,89.956107,89.954740,89.962937,89.974270,89.978705,89.995772,90.129617,90.068406,90.058486,90.009402,90.189178,90.148522,90.167201,90.161740,89.995699,89.979777,89.986733,89.997366,90.007601,90.001562,90.009249,90.150017,90.027842,90.005136,90.005373,89.999509,90.161224,90.133686,90.088827,90.115638,90.176488,90.153249,90.098159,89.991598,89.993379,90.137202,90.123047,90.117512,90.132040,90.009326,89.974184,90.006305,90.015099,90.030080,90.104427,90.112852,90.004018,89.982040,89.973133,89.973145,89.967247,89.978772,89.973318,90.022795,90.142266,90.015424,90.008569,90.003141,89.992420,89.991312,89.994196,89.997029,89.995632,89.989875,89.978744,89.969635,89.964269,89.959541,89.948998,89.934750,89.929247,89.939373,89.960455,89.981314,89.995646,90.000973,89.998483,89.993170,89.992420,89.993042,89.993990,89.984719,89.972122,89.973279,89.965706,89.922679,89.917777,89.935424,89.917668,89.913337,89.904350,89.908580,89.918662,89.924083,89.927122,89.931471,89.932846,89.932037,89.913683,89.908397,89.904460,89.904384,89.912091,89.919600,89.905096,89.902923,89.912218,89.926861,89.935513,89.943410,89.954154,89.956869,89.951426,89.948763,89.951894,89.974499,89.966708,89.957870,89.949176,89.943704,89.946837,89.954622,89.959836,89.947155,89.931990,89.936704,89.930543,89.903337,89.886580,89.887053,89.889416,89.890628,0.000638,0.000838,0.000872,0.000845,0.000821,0.000522,0.000557,0.000520,0.000467,0.000653,0.000701,0.000739,0.000748,0.000754,0.000769,0.000781,0.000788,0.000810,0.000808,0.000782,0.000729,0.000600,0.000794,0.000856,0.000909,0.000954,0.000946,0.000932,0.000931,0.000950,0.000964,0.000963,0.000979,0.000982,0.000797,0.001110,0.001197,0.001232,0.001235,0.001233,0.001237,0.001229,0.001218,0.001200,0.001160,0.001120,0.001082,0.001031,0.000968,0.000909,0.000873,0.000877,0.000903,0.000955,0.001029,0.001086,0.001127,0.001163,0.001190,0.001183,0.001178,0.001213,0.001266,0.001286,0.001266,0.001282,0.001232,0.001100,0.001022,0.001023,0.001153,0.001211,0.001235,0.001255,0.001275,0.001242,0.001115,0.000979,0.001009,0.000996,0.000947,0.001008,0.001193,0.001125,0.000984,0.001058,0.001037,0.000990,0.000948,0.000933,0.000937,0.000957,0.000722,0.000779,0.001036,0.000998,0.000957,0.000931,0.000966,0.000637,0.000679,0.000756,0.001094,0.001076,0.000889,0.000859,0.000818,0.000821,0.000811,0.000795,0.000747,0.000720,0.000679,0.000658,0.000383,0.000382,0.000390,0.000399,0.000440,0.000472,0.000476,0.000482,0.000453,0.000445,0.000498,0.000820,0.000542,0.000545,0.000576,0.000856,0.000782,0.000618,0.000774,0.000564,0.000561,0.000516,0.000536,0.000549,0.000523,0.000641,0.000415,0.000436,0.000653,0.000651,0.000610,0.000808,0.000868,0.000874,0.000817,0.000730,0.000562,0.000606,0.000596,0.000250,0.000346,0.000355,0.000341,0.000336,0.000326,0.000460,0.000449,0.000540,0.000465,0.000447,0.000410,0.000390,0.000394,0.000418,0.000438,0.000451,0.000442,0.000353,0.000287,0.000301,0.000315,0.000318,0.000412,0.000439,0.000476,0.000493,0.000493,0.000486,0.000501,0.000530,0.000545,0.000532,0.000503,0.000475,0.000467,0.000462,0.000464,0.000466,0.000456,0.000448,0.000437,0.000413,0.000400,0.000406,0.000412,0.000414,0.000420,0.000405,0.000469,0.000731,0.000687,0.000393,0.000435,0.000353,0.000482,0.000488,0.000418,0.000383,0.000379,0.000363,0.000357,0.000356,0.000554,0.000579,0.000629,0.000694,0.000657,0.000504,0.000584,0.000610,0.000611,0.000598,0.000644,0.000677,0.000632,0.000631,0.000667,0.000676,0.000681,0.000484,0.000639,0.000716,0.000741,0.000732,0.000668,0.000575,0.000433,0.000430,0.000523,0.000495,0.000549,0.000706,0.000742,0.000691,0.000661,0.000631
-0.007396,-0.006667,-0.003298,-0.000457,0.001657,0.005935,0.003812,0.003700,0.001965,-0.001769,-0.002324,-0.004253,-0.007379,-0.011716,-0.014809,-0.015946,-0.018265,-0.022345,-0.025547,-0.027507,-0.029649,-0.029937,-0.035410,-0.034623,-0.034921,-0.034798,-0.034466,-0.034924,-0.036811,-0.039409,-0.042621,-0.044591,-0.047475,-0.050531,-0.053492,-0.063200,-0.061238,-0.058094,-0.057783,-0.058482,-0.051159,0.007407,0.019429,0.023865,0.023385,0.022607,0.020746,0.017281,0.012716,0.012941,0.015542,0.016332,0.012783,0.004832,-0.003616,-0.011315,-0.018735,-0.023142,-0.024953,-0.025426,-0.024877,-0.021984,-0.019000,-0.007692,0.005770,0.002264,-0.003661,-0.000505,0.029609,0.035073,0.032663,0.030581,0.024759,0.020772,0.019897,0.021972,0.022185,0.020738,0.020695,0.024965,0.026791,0.026268,0.028480,0.035564,0.038221,0.036071,0.035680,0.034746,0.035511,0.036255,0.037420,0.037964,0.039218,0.036263,0.034222,0.035839,0.034048,0.030519,0.025796,0.028098,0.021832,0.018760,0.014549,0.016479,0.017918,0.016584,0.016928,0.017788,0.018285,0.017950,0.016360,0.015279,0.014652,0.013113,0.015798,0.015148,0.015307,0.015077,0.013322,0.012135,0.012309,0.012090,0.010958,0.009789,0.022803,-0.003704,0.014759,-0.001100,0.027678,-0.004026,0.013574,0.015686,-0.002987,0.014535,0.018291,0.013466,0.009561,0.005511,0.003366,0.023344,-0.002729,-0.002227,0.002048,0.003064,0.022782,-0.004399,-0.004098,0.012799,0.022706,0.019468,0.020595,0.011192,0.024654,0.043544,0.014389,0.004733,-0.003764,-0.023499,-0.005163,-0.002103,-0.001559,-0.001543,0.014983,-0.001752,-0.016337,-0.002232,0.000276,-0.000242,0.000957,-0.001451,-0.001947,0.007001,0.008975,-0.021642,-0.004813,-0.005198,-0.004502,-0.004409,-0.004471,-0.004871,-0.005036,-0.003465,-0.003351,-0.005647,-0.006755,-0.008287,-0.010954,-0.011298,-0.011046,-0.012165,-0.014555,-0.015529,-0.016995,-0.018204,-0.020988,-0.021579,-0.022482,-0.021007,-0.019332,-0.017139,-0.015563,-0.013660,-0.009578,-0.003051,0.006327,0.010570,0.008708,0.009961,0.007831,0.010403,0.012804,0.012229,0.010142,0.008550,0.007133,0.006101,0.002507,0.002454,-0.000484,-0.003649,-0.005561,-0.006716,-0.010427,-0.011596,-0.013253,-0.014503,-0.015301,-0.014306,-0.013487,-0.013905,-0.014781,-0.015426,-0.015439,-0.013235,-0.014328,-0.013751,-0.012970,-0.011055,-0.008505,-0.006010,-0.005647,-0.008545,-0.011428,-0.011355,-0.013682,-0.015530,-0.014701,-0.014154,-0.013336,-0.010479,89.884842,89.868157,89.864966,89.873850,89.883393,89.907492,89.909064,89.920181,89.932248,89.921518,89.915072,89.909156,89.909859,89.916488,89.921722,89.921529,89.917837,89.912027,89.909400,89.916040,89.926837,89.943804,89.931132,89.933976,89.941926,89.948711,89.950958,89.947807,89.949901,89.961028,89.973916,89.977670,89.964111,89.947482,89.952433,89.932578,89.924846,89.915577,89.909151,89.906429,89.951598,90.263761,90.429414,90.505704,90.520246,90.501769,90.471108,90.422160,90.346146,90.291555,90.263500,90.266801,90.319926,90.374983,90.413648,90.437069,90.435718,90.414509,90.392380,90.363787,90.318778,90.278272,90.227225,90.218686,90.270049,90.282876,90.169347,90.014568,89.951065,89.943807,89.925804,89.907947,89.885043,89.855011,89.825785,89.810065,89.813026,89.824236,89.824044,89.833287,89.850231,89.856439,89.857720,89.884928,89.920246,89.930026,89.931042,89.927759,89.931605,89.941370,89.952247,89.963270,89.982372,89.973740,89.946266,89.937131,89.925465,89.914731,89.903218,89.925633,89.918135,89.899102,89.860719,89.843263,89.843485,89.844146,89.852783,89.865510,89.879873,89.886690,89.889481,89.896328,89.910406,89.922178,89.945011,89.945460,89.947996,89.957591,89.962719,89.959584,89.959108,89.968546,89.986250,90.006635,90.137290,90.056656,90.073872,90.009807,90.184315,90.122998,90.161688,90.157361,90.022697,89.975782,89.989593,89.997794,90.003015,90.003147,90.013320,90.149470,90.048030,90.018159,90.002000,90.001661,90.183591,90.120316,90.073342,90.111092,90.163904,90.136397,90.102895,89.989207,89.977320,90.128959,90.125800,90.106483,90.150517,90.011504,89.980833,90.004647,90.002544,89.993374,90.122879,90.128058,89.990761,89.981431,89.969005,89.963950,89.972180,89.981179,89.967095,90.031208,90.141920,90.004421,89.995640,89.992652,89.992878,89.996152,89.998778,90.000355,89.998772,89.994611,89.984935,89.973292,89.963089,89.955067,89.949335,89.942548,89.940138,89.948212,89.963835,89.980297,89.995443,90.003911,90.004562,89.999852,89.997464,89.996506,89.992172,89.986096,89.982591,89.978581,89.960332,89.922663,89.920455,89.937314,89.926690,89.913583,89.891395,89.901899,89.922380,89.929797,89.927990,89.925219,89.923825,89.922955,89.910339,89.911729,89.911602,89.910351,89.911192,89.915265,89.903964,89.907304,89.920119,89.934547,89.939888,89.942672,89.950725,89.954377,89.950091,89.946997,89.950047,89.966111,89.958882,89.951122,89.948705,89.948288,89.950261,89.955975,89.960756,89.947993,89.927753,89.928277,89.923550,89.901563,89.888291,89.888308,89.890881,89.890289,0.000588,0.000798,0.000894,0.000863,0.000791,0.000494,0.000527,0.000501,0.000462,0.000646,0.000685,0.000691,0.000697,0.000711,0.000742,0.000767,0.000770,0.000767,0.000759,0.000717,0.000664,0.000536,0.000783,0.000832,0.000846,0.000863,0.000895,0.000933,0.000934,0.000897,0.000866,0.000830,0.000859,0.000886,0.000764,0.001077,0.001158,0.001207,0.001222,0.001211,0.001217,0.001238,0.001227,0.001178,0.001115,0.001043,0.000981,0.000919,0.000852,0.000817,0.000799,0.000813,0.000872,0.000963,0.001056,0.001125,0.001143,0.001133,0.001130,0.001124,0.001122,0.001136,0.001204,0.001232,0.001197,0.001213,0.001192,0.001046,0.001011,0.000999,0.001181,0.001279,0.001280,0.001220,0.001177,0.001122,0.001027,0.000905,0.000941,0.000948,0.000937,0.001057,0.001233,0.001107,0.000867,0.000843,0.000825,0.000850,0.000861,0.000868,0.000892,0.000887,0.000658,0.000655,0.000854,0.000843,0.000861,0.000878,0.000956,0.000635,0.000657,0.000703,0.000942,0.000955,0.000840,0.000825,0.000792,0.000771,0.000734,0.000701,0.000700,0.000742,0.000737,0.000691,0.000393,0.000354,0.000360,0.000367,0.000403,0.000437,0.000436,0.000429,0.000396,0.000385,0.000417,0.000747,0.000447,0.000456,0.000536,0.000758,0.000760,0.000567,0.000643,0.000549,0.000547,0.000502,0.000510,0.000504,0.000478,0.000496,0.000471,0.000468,0.000597,0.000606,0.000598,0.000665,0.000790,0.000858,0.000806,0.000767,0.000637,0.000645,0.000647,0.000204,0.000293,0.000335,0.000347,0.000334,0.000326,0.000337,0.000333,0.000329,0.000435,0.000411,0.000371,0.000436,0.000432,0.000406,0.000381,0.000382,0.000380,0.000329,0.000251,0.000275,0.000288,0.000293,0.000368,0.000384,0.000417,0.000451,0.000493,0.000527,0.000555,0.000554,0.000541,0.000538,0.000528,0.000511,0.000510,0.000505,0.000482,0.000453,0.000441,0.000455,0.000466,0.000468,0.000484,0.000484,0.000445,0.000402,0.000380,0.000355,0.000366,0.000524,0.000459,0.000224,0.000250,0.000245,0.000418,0.000420,0.000380,0.000380,0.000389,0.000370,0.000351,0.000351,0.000543,0.000569,0.000624,0.000693,0.000669,0.000507,0.000584,0.000616,0.000628,0.000604,0.000626,0.000647,0.000606,0.000624,0.000679,0.000673,0.000648,0.000497,0.000612,0.000676,0.000682,0.000667,0.000627,0.000542,0.000409,0.000412,0.000517,0.000482,0.000501,0.000622,0.000640,0.000607,0.000590,0.000565
-0.006870,-0.006916,-0.002643,0.000790,0.002845,0.006875,0.004819,0.002661,-0.000686,-0.004628,-0.002166,-0.003303,-0.006312,-0.010433,-0.013960,-0.016543,-0.018980,-0.021878,-0.025240,-0.028130,-0.030255,-0.029965,-0.034898,-0.035354,-0.035354,-0.036473,-0.035858,-0.034968,-0.035690,-0.039142,-0.042749,-0.044009,-0.046276,-0.050406,-0.053205,-0.061301,-0.058428,-0.058342,-0.059323,-0.058732,-0.049381,0.006699,0.018689,0.023256,0.024440,0.022907,0.020409,0.015841,0.012189,0.013481,0.015775,0.016514,0.011562,0.003659,-0.005192,-0.014104,-0.020851,-0.024236,-0.024761,-0.023494,-0.023014,-0.021225,-0.015879,-0.007491,0.005444,0.001254,-0.004361,0.000080,0.024706,0.033356,0.030445,0.028932,0.025332,0.021829,0.020582,0.019958,0.019742,0.018290,0.018819,0.022727,0.025799,0.027354,0.031172,0.035151,0.036536,0.035219,0.035470,0.035057,0.035604,0.035898,0.036926,0.037573,0.039273,0.035618,0.035394,0.036575,0.034310,0.028721,0.024974,0.026781,0.021855,0.019108,0.015371,0.017228,0.018401,0.017128,0.016738,0.016232,0.016571,0.016655,0.016077,0.015313,0.014560,0.013065,0.015201,0.014493,0.014909,0.014308,0.012726,0.011579,0.010824,0.010981,0.010043,0.009515,0.022523,-0.000914,0.013134,-0.001279,0.025426,-0.000875,0.012163,0.014214,-0.001225,0.015292,0.016102,0.013616,0.009707,0.006378,0.005268,0.022787,-0.002317,-0.003429,-0.000510,0.003253,0.020194,-0.005526,-0.005148,0.012337,0.022015,0.019750,0.020903,0.010321,0.023779,0.044845,0.013619,0.003243,-0.002367,-0.022334,-0.006428,-0.001784,-0.003628,0.001727,0.015100,-0.002574,-0.018290,-0.000807,0.000541,0.000234,-0.000236,-0.001599,-0.001495,0.006757,0.008963,-0.023544,-0.005866,-0.002566,-0.005132,-0.003844,-0.003425,-0.003259,-0.005135,-0.004881,-0.005350,-0.007140,-0.008624,-0.009286,-0.009828,-0.010109,-0.011287,-0.012438,-0.014267,-0.017258,-0.019209,-0.019197,-0.020661,-0.020878,-0.022041,-0.021767,-0.018742,-0.017754,-0.016222,-0.013700,-0.010840,-0.001989,0.005181,0.010597,0.008528,0.008543,0.008699,0.011984,0.014379,0.012548,0.009548,0.008332,0.006813,0.004088,-0.000045,0.000916,-0.000917,-0.002961,-0.003479,-0.005292,-0.011105,-0.010390,-0.010249,-0.012560,-0.014916,-0.014528,-0.013579,-0.014025,-0.014562,-0.014496,-0.015524,-0.013488,-0.014782,-0.012444,-0.011582,-0.010544,-0.007564,-0.004157,-0.004990,-0.009647,-0.011975,-0.010460,-0.011887,-0.015538,-0.016184,-0.015378,-0.013078,-0.009216,89.887344,89.871487,89.865063,89.872238,89.884760,89.908555,89.910011,89.916812,89.930355,89.923515,89.924615,89.922943,89.923374,89.926182,89.926445,89.921651,89.917096,89.916623,89.920530,89.927913,89.937550,89.954468,89.939586,89.936465,89.945112,89.953176,89.956194,89.953147,89.952605,89.960616,89.970115,89.970072,89.958169,89.953075,89.967845,89.942568,89.922583,89.906723,89.904972,89.906340,89.951456,90.250153,90.427144,90.504934,90.526381,90.514836,90.481028,90.418892,90.333230,90.279802,90.261470,90.279800,90.323000,90.374583,90.420797,90.443048,90.434558,90.413286,90.401369,90.379595,90.327807,90.259666,90.215876,90.207027,90.267472,90.281830,90.190884,90.014945,89.943979,89.925270,89.911057,89.900100,89.875117,89.838379,89.812307,89.805838,89.816126,89.821030,89.819238,89.830068,89.852700,89.861252,89.865092,89.887894,89.922967,89.937475,89.942378,89.937990,89.935849,89.941252,89.954576,89.967060,89.988147,89.971562,89.948177,89.941218,89.937625,89.921875,89.902361,89.913439,89.904892,89.888748,89.858558,89.853956,89.861494,89.863011,89.869146,89.876966,89.885748,89.890702,89.894270,89.900612,89.916003,89.931229,89.955793,89.952197,89.950986,89.954960,89.955446,89.952979,89.958087,89.973021,89.986722,89.991797,90.113174,90.054338,90.077328,90.014683,90.172530,90.138264,90.158090,90.146335,90.009297,89.973853,89.979677,89.986802,89.992792,89.995845,90.004649,90.155873,90.034558,90.006996,90.004696,90.004987,90.174239,90.134966,90.088239,90.121673,90.177439,90.153075,90.111425,89.977490,89.979521,90.138643,90.140672,90.098426,90.126899,89.995879,89.963580,90.004896,90.029751,90.018031,90.094081,90.128940,90.005759,89.991701,89.984519,89.980693,89.973219,89.976525,89.967253,90.027585,90.143513,90.003463,89.996128,89.999147,89.989421,89.989158,89.992133,89.997388,89.995739,89.987349,89.977109,89.971690,89.967011,89.957712,89.947175,89.938916,89.937941,89.947727,89.966441,89.981549,89.986475,89.987215,89.988659,89.988034,89.986390,89.981572,89.989739,89.988146,89.981543,89.986627,89.972177,89.935607,89.926209,89.946949,89.936279,89.919470,89.901226,89.909758,89.923083,89.925895,89.928292,89.935721,89.938622,89.931284,89.906508,89.900744,89.899338,89.899845,89.907587,89.915439,89.896675,89.890989,89.901880,89.923177,89.938327,89.947409,89.956381,89.959303,89.957652,89.959333,89.961912,89.978803,89.968617,89.957994,89.949852,89.946415,89.950149,89.958723,89.964784,89.951985,89.936551,89.940260,89.933355,89.907480,89.895434,89.897214,89.896732,89.892662,0.000629,0.000828,0.000935,0.000931,0.000854,0.000563,0.000549,0.000514,0.000461,0.000667,0.000686,0.000706,0.000721,0.000730,0.000728,0.000725,0.000729,0.000747,0.000761,0.000740,0.000701,0.000531,0.000732,0.000825,0.000846,0.000874,0.000876,0.000889,0.000902,0.000909,0.000908,0.000879,0.000892,0.000885,0.000750,0.001113,0.001215,0.001246,0.001225,0.001185,0.001163,0.001140,0.001133,0.001138,0.001138,0.001117,0.001062,0.000990,0.000929,0.000900,0.000899,0.000899,0.000922,0.000971,0.001042,0.001109,0.001144,0.001161,0.001185,0.001197,0.001202,0.001225,0.001235,0.001204,0.001142,0.001181,0.001194,0.001072,0.001027,0.001051,0.001158,0.001171,0.001150,0.001150,0.001164,0.001162,0.001065,0.001024,0.001051,0.001010,0.000911,0.000988,0.001098,0.001028,0.000868,0.000917,0.000915,0.000910,0.000899,0.000903,0.000903,0.000898,0.000655,0.000765,0.000952,0.000988,0.000924,0.000907,0.000928,0.000638,0.000662,0.000753,0.001031,0.001009,0.000855,0.000818,0.000767,0.000750,0.000740,0.000710,0.000661,0.000659,0.000646,0.000636,0.000396,0.000418,0.000414,0.000391,0.000392,0.000422,0.000455,0.000471,0.000448,0.000439,0.000478,0.000854,0.000507,0.000547,0.000592,0.000885,0.000802,0.000606,0.000668,0.000584,0.000634,0.000573,0.000552,0.000536,0.000504,0.000685,0.000366,0.000415,0.000581,0.000587,0.000577,0.000704,0.000854,0.000851,0.000765,0.000688,0.000633,0.000634,0.000586,0.000252,0.000353,0.000368,0.000317,0.000336,0.000253,0.000371,0.000446,0.000397,0.000426,0.000425,0.000406,0.000419,0.000442,0.000442,0.000419,0.000412,0.000402,0.000331,0.000257,0.000269,0.000281,0.000296,0.000382,0.000411,0.000426,0.000427,0.000451,0.000492,0.000539,0.000555,0.000544,0.000537,0.000513,0.000475,0.000467,0.000472,0.000462,0.000434,0.000417,0.000421,0.000427,0.000441,0.000451,0.000466,0.000468,0.000459,0.000454,0.000431,0.000478,0.000599,0.000587,0.000318,0.000287,0.000307,0.000447,0.000444,0.000393,0.000386,0.000408,0.000396,0.000374,0.000354,0.000541,0.000584,0.000679,0.000784,0.000744,0.000540,0.000598,0.000619,0.000631,0.000605,0.000638,0.000677,0.000652,0.000682,0.000740,0.000718,0.000691,0.000486,0.000607,0.000688,0.000717,0.000713,0.000666,0.000561,0.000402,0.000416,0.000534,0.000497,0.000536,0.000690,0.000696,0.000634,0.000606,0.000596
-0.008056,-0.007049,-0.002871,-0.000097,0.002851,0.006577,0.004133,0.003085,0.002043,-0.001365,-0.002262,-0.004249,-0.007132,-0.010957,-0.014323,-0.016711,-0.020013,-0.023709,-0.025433,-0.027100,-0.029876,-0.029546,-0.034905,-0.033779,-0.034012,-0.035151,-0.036179,-0.035756,-0.036642,-0.039008,-0.041730,-0.043462,-0.046136,-0.050296,-0.053081,-0.062018,-0.059123,-0.057091,-0.058451,-0.057835,-0.051905,0.007466,0.019881,0.023058,0.023841,0.022383,0.019527,0.016441,0.013588,0.013382,0.016893,0.016182,0.012025,0.004027,-0.005019,-0.014552,-0.021144,-0.024640,-0.024929,-0.024153,-0.023335,-0.022729,-0.016267,-0.006045,0.006446,0.003330,-0.003709,-0.000184,0.024348,0.033769,0.031377,0.029754,0.025823,0.022747,0.022251,0.021131,0.018587,0.018757,0.019476,0.023205,0.026000,0.027103,0.029835,0.034991,0.037380,0.035068,0.034329,0.034276,0.035557,0.037060,0.038239,0.038836,0.041111,0.037342,0.035541,0.037441,0.033871,0.029247,0.025685,0.027079,0.021051,0.019451,0.015968,0.019008,0.019428,0.017234,0.016890,0.016673,0.017181,0.016342,0.015109,0.013934,0.013865,0.013219,0.015643,0.014868,0.015516,0.014368,0.013048,0.012529,0.011826,0.011052,0.011290,0.009662,0.022415,-0.000939,0.012241,-0.000916,0.027007,-0.001413,0.011605,0.013948,-0.000581,0.013909,0.016663,0.012232,0.011036,0.005416,0.002613,0.023558,-0.002476,-0.003569,0.001694,0.004573,0.020529,-0.005386,-0.007023,0.012694,0.021905,0.022104,0.019975,0.009568,0.024343,0.045356,0.013685,0.003921,-0.001044,-0.022758,-0.004136,-0.002154,-0.002765,-0.000937,0.014312,-0.002373,-0.017448,-0.001356,-0.000829,0.000081,-0.000698,-0.001918,-0.002884,0.006385,0.008876,-0.022157,-0.004946,-0.003525,-0.004262,-0.005473,-0.005562,-0.005334,-0.004329,-0.004684,-0.004958,-0.005951,-0.007148,-0.009159,-0.012120,-0.011986,-0.011160,-0.011675,-0.015124,-0.016885,-0.017827,-0.019359,-0.021962,-0.022272,-0.020194,-0.019935,-0.018676,-0.016440,-0.015196,-0.014985,-0.010871,-0.003363,0.006154,0.011423,0.008124,0.008591,0.008274,0.010080,0.012611,0.012504,0.010258,0.007478,0.005670,0.005187,0.002334,0.002088,-0.001323,-0.004026,-0.004767,-0.005396,-0.010073,-0.010474,-0.011949,-0.013757,-0.014516,-0.012841,-0.013039,-0.014876,-0.015647,-0.014893,-0.014799,-0.013489,-0.015845,-0.014517,-0.013427,-0.011371,-0.007932,-0.005186,-0.006663,-0.010551,-0.011832,-0.010550,-0.012903,-0.015843,-0.014625,-0.013095,-0.011657,-0.009806,89.895687,89.880698,89.876808,89.878485,89.882387,89.902199,89.907701,89.918915,89.934578,89.928912,89.920991,89.910086,89.907382,89.913196,89.920301,89.922208,89.921987,89.922991,89.925900,89.931247,89.937734,89.955133,89.938646,89.936046,89.936970,89.939045,89.942351,89.946877,89.954617,89.964140,89.970216,89.967136,89.956595,89.946071,89.953163,89.931352,89.919781,89.909933,89.903588,89.910000,89.944290,90.251716,90.441922,90.520135,90.523705,90.504039,90.464776,90.410192,90.344850,90.299410,90.281915,90.286200,90.324447,90.355763,90.385225,90.414167,90.416593,90.402368,90.391842,90.365814,90.320696,90.263222,90.218093,90.203466,90.261944,90.271585,90.174872,90.022719,89.952215,89.937456,89.916396,89.901653,89.882403,89.857353,89.833920,89.816884,89.810609,89.817669,89.817670,89.829541,89.856060,89.866698,89.865484,89.890311,89.927241,89.942605,89.948130,89.942809,89.936846,89.938843,89.951330,89.967549,89.991721,89.978992,89.945174,89.939543,89.932740,89.922347,89.905407,89.912228,89.901325,89.892037,89.862632,89.862828,89.873539,89.874945,89.875553,89.873766,89.876730,89.883969,89.895590,89.907025,89.919169,89.924611,89.945065,89.945745,89.952024,89.960847,89.958270,89.949194,89.948131,89.960819,89.984437,89.988803,90.113898,90.064552,90.076234,90.005959,90.172895,90.136119,90.174244,90.163556,90.012687,89.977374,89.989236,89.999509,90.008230,90.002835,89.992569,90.156255,90.036208,90.018511,90.000305,90.011938,90.173744,90.119177,90.075224,90.117260,90.148660,90.134113,90.108580,89.993062,89.983210,90.136783,90.117293,90.117373,90.134892,90.006099,89.964528,89.999372,90.000806,90.030276,90.120872,90.134099,90.014682,89.984539,89.983093,89.974234,89.971654,89.985087,89.980050,90.041400,90.148502,90.011861,90.001048,89.995101,89.985550,89.984715,89.988105,89.993030,89.995964,89.993258,89.983071,89.969355,89.957861,89.951107,89.946002,89.938529,89.935875,89.947038,89.965860,89.980286,89.989461,89.993551,89.993267,89.987229,89.985479,89.984743,89.984072,89.978697,89.977508,89.982661,89.973848,89.931306,89.917506,89.940026,89.928064,89.919221,89.904255,89.905898,89.913324,89.914035,89.915295,89.925430,89.933690,89.933296,89.915825,89.914051,89.909414,89.904141,89.906369,89.916615,89.905316,89.905520,89.912132,89.921691,89.927620,89.936264,89.950833,89.959306,89.959846,89.957925,89.957958,89.971323,89.963421,89.955926,89.945925,89.936621,89.936552,89.948751,89.958717,89.948615,89.933383,89.932956,89.926803,89.907511,89.900937,89.902775,89.901775,89.898985,0.000635,0.000821,0.000909,0.000939,0.000888,0.000590,0.000542,0.000522,0.000496,0.000677,0.000721,0.000745,0.000765,0.000776,0.000777,0.000789,0.000792,0.000766,0.000724,0.000697,0.000701,0.000544,0.000781,0.000829,0.000879,0.000947,0.000965,0.000931,0.000886,0.000858,0.000852,0.000846,0.000841,0.000814,0.000706,0.001083,0.001174,0.001210,0.001236,0.001249,0.001227,0.001198,0.001164,0.001120,0.001066,0.001027,0.000988,0.000945,0.000903,0.000880,0.000851,0.000850,0.000877,0.000927,0.001009,0.001102,0.001161,0.001191,0.001212,0.001202,0.001183,0.001218,0.001254,0.001259,0.001187,0.001144,0.001153,0.001071,0.000994,0.001001,0.001142,0.001207,0.001244,0.001248,0.001246,0.001217,0.001141,0.000984,0.000995,0.000975,0.000848,0.000912,0.001118,0.001063,0.000877,0.000890,0.000914,0.000960,0.000969,0.000955,0.000918,0.000861,0.000614,0.000712,0.001016,0.000961,0.000914,0.000919,0.000994,0.000749,0.000744,0.000726,0.001031,0.001004,0.000859,0.000824,0.000785,0.000775,0.000730,0.000674,0.000643,0.000676,0.000675,0.000670,0.000402,0.000396,0.000388,0.000372,0.000393,0.000418,0.000441,0.000460,0.000438,0.000419,0.000466,0.000923,0.000509,0.000537,0.000592,0.000929,0.000821,0.000592,0.000669,0.000572,0.000527,0.000480,0.000505,0.000517,0.000518,0.000587,0.000347,0.000450,0.000608,0.000583,0.000622,0.000780,0.000913,0.000919,0.000882,0.000910,0.000584,0.000682,0.000695,0.000311,0.000341,0.000334,0.000326,0.000350,0.000329,0.000400,0.000370,0.000406,0.000394,0.000464,0.000427,0.000396,0.000413,0.000415,0.000428,0.000444,0.000428,0.000342,0.000265,0.000280,0.000295,0.000312,0.000406,0.000407,0.000420,0.000446,0.000466,0.000473,0.000487,0.000506,0.000519,0.000521,0.000504,0.000473,0.000451,0.000438,0.000437,0.000433,0.000428,0.000433,0.000425,0.000414,0.000418,0.000435,0.000448,0.000445,0.000438,0.000425,0.000457,0.000678,0.000699,0.000363,0.000366,0.000322,0.000428,0.000434,0.000386,0.000371,0.000410,0.000400,0.000383,0.000378,0.000589,0.000615,0.000667,0.000735,0.000712,0.000544,0.000639,0.000651,0.000648,0.000618,0.000641,0.000657,0.000608,0.000633,0.000696,0.000708,0.000680,0.000494,0.000607,0.000687,0.000729,0.000732,0.000680,0.000551,0.000410,0.000440,0.000540,0.000512,0.000543,0.000699,0.000730,0.000691,0.000659,0.000630
-0.007814,-0.006736,-0.002076,0.001215,0.002547,0.006607,0.004216,0.003528,0.001509,-0.003491,-0.001532,-0.002492,-0.007147,-0.012121,-0.014746,-0.016604,-0.019148,-0.022025,-0.024644,-0.027716,-0.030502,-0.030602,-0.035208,-0.034070,-0.034611,-0.035473,-0.035367,-0.036120,-0.037824,-0.039504,-0.041502,-0.044155,-0.047479,-0.050507,-0.052353,-0.061681,-0.059368,-0.057629,-0.057963,-0.058203,-0.049447,0.006530,0.018336,0.022213,0.023420,0.022201,0.020125,0.017440,0.013117,0.013022,0.016287,0.015742,0.011476,0.002958,-0.005146,-0.013191,-0.019550,-0.023095,-0.025385,-0.025708,-0.023771,-0.020853,-0.016622,-0.006237,0.006363,0.002617,-0.004948,-0.001495,0.026064,0.034338,0.030800,0.027678,0.023518,0.020631,0.019895,0.020663,0.020530,0.019778,0.018866,0.021499,0.025102,0.027783,0.028795,0.034499,0.037206,0.036372,0.036232,0.035281,0.034374,0.035872,0.037206,0.038471,0.040095,0.036552,0.035238,0.035621,0.033395,0.030246,0.025679,0.026286,0.020884,0.018570,0.013890,0.017584,0.018423,0.017550,0.017710,0.017279,0.017260,0.016801,0.015825,0.013552,0.013944,0.013331,0.016055,0.014718,0.015613,0.014765,0.012863,0.011989,0.011669,0.010294,0.010820,0.010957,0.022243,-0.001974,0.012583,-0.003440,0.026799,-0.001468,0.014298,0.013252,-0.001744,0.014567,0.017071,0.014519,0.009781,0.005602,0.004118,0.023871,-0.003393,-0.003093,0.001509,0.001746,0.022347,-0.006559,-0.003055,0.013134,0.022994,0.021793,0.019545,0.008266,0.024808,0.044654,0.014430,0.002166,-0.001533,-0.021799,-0.004712,-0.000739,-0.003530,-0.001014,0.014457,-0.003522,-0.016395,-0.000379,-0.000789,-0.001934,-0.000577,0.000126,-0.000109,0.006482,0.009960,-0.020583,-0.003911,-0.003140,-0.005315,-0.004509,-0.003974,-0.003372,-0.003995,-0.004640,-0.004077,-0.005248,-0.006949,-0.009343,-0.011615,-0.010749,-0.010515,-0.012338,-0.015196,-0.016983,-0.017738,-0.018488,-0.021149,-0.022216,-0.022236,-0.021575,-0.018576,-0.015562,-0.015056,-0.014833,-0.009136,-0.001572,0.007877,0.010469,0.006835,0.008274,0.006122,0.010259,0.013096,0.012801,0.009725,0.008157,0.006885,0.006049,0.002226,0.001916,-0.001778,-0.003752,-0.004432,-0.005573,-0.010342,-0.009706,-0.010441,-0.012341,-0.013866,-0.013481,-0.013972,-0.015161,-0.014704,-0.013761,-0.014656,-0.013512,-0.015464,-0.013136,-0.011474,-0.009613,-0.007652,-0.005383,-0.005459,-0.008478,-0.010762,-0.010971,-0.014006,-0.016416,-0.015260,-0.014382,-0.014044,-0.011163,89.895238,89.879694,89.871798,89.879780,89.891156,89.918644,89.919571,89.928206,89.940917,89.925351,89.919962,89.915612,89.918142,89.924135,89.928521,89.927329,89.922698,89.918893,89.920690,89.926615,89.934996,89.951939,89.932651,89.928578,89.935504,89.944383,89.950664,89.952642,89.959158,89.968859,89.978505,89.975518,89.958935,89.947057,89.956834,89.929228,89.909086,89.896654,89.898328,89.905615,89.954463,90.255358,90.434106,90.518021,90.525843,90.495910,90.452579,90.397364,90.326234,90.287038,90.278654,90.285122,90.323588,90.367321,90.401289,90.415125,90.414478,90.410536,90.400768,90.366389,90.324025,90.282093,90.230439,90.215421,90.266975,90.285777,90.190712,90.006228,89.950948,89.936189,89.915249,89.896531,89.872378,89.844859,89.823881,89.813208,89.811969,89.817199,89.819637,89.830007,89.844481,89.852163,89.853730,89.886733,89.925467,89.938134,89.942118,89.937826,89.932999,89.939490,89.950988,89.964071,89.987386,89.973756,89.947653,89.939041,89.930906,89.922358,89.909296,89.918073,89.905465,89.890965,89.858333,89.855259,89.855579,89.848971,89.850049,89.859410,89.877015,89.889264,89.896325,89.899525,89.910393,89.916141,89.944851,89.948671,89.952562,89.961225,89.962236,89.955395,89.955069,89.967349,89.996854,90.012310,90.119016,90.069069,90.059526,89.997199,90.176875,90.132900,90.169741,90.161512,90.011632,89.973249,89.991578,89.997977,89.999512,89.998869,90.009512,90.159559,90.041070,90.006855,90.013328,90.014073,90.174291,90.107370,90.081715,90.119668,90.160740,90.144432,90.099138,90.000655,90.000113,90.121308,90.124468,90.099439,90.128748,90.007368,89.991196,90.007867,90.008516,90.016097,90.114985,90.122650,90.021337,89.984268,89.990998,89.971146,89.975116,89.980825,89.974253,90.026790,90.138151,90.012783,90.006543,90.004212,89.992424,89.989668,89.989784,89.994031,89.993874,89.987112,89.975689,89.967689,89.964213,89.957580,89.946316,89.936984,89.939781,89.954698,89.972894,89.985873,89.995532,90.001732,90.002299,89.997797,89.993171,89.988031,89.987098,89.982244,89.972750,89.969737,89.967469,89.916518,89.913299,89.937227,89.932269,89.928800,89.908191,89.909222,89.917782,89.926088,89.931485,89.937884,89.940943,89.943232,89.927420,89.921303,89.909050,89.901346,89.904712,89.913041,89.897655,89.899069,89.912464,89.928909,89.936120,89.942782,89.954162,89.958386,89.954819,89.951562,89.950646,89.967335,89.961357,89.958121,89.953146,89.946526,89.944383,89.954076,89.963987,89.952304,89.931089,89.931897,89.927246,89.906716,89.896924,89.898501,89.898881,89.898106,0.000643,0.000841,0.000952,0.000924,0.000883,0.000576,0.000598,0.000548,0.000489,0.000753,0.000782,0.000779,0.000780,0.000793,0.000808,0.000806,0.000798,0.000814,0.000844,0.000855,0.000811,0.000597,0.000829,0.000897,0.000917,0.000946,0.000949,0.000948,0.000936,0.000928,0.000863,0.000819,0.000898,0.000961,0.000825,0.001137,0.001217,0.001257,0.001248,0.001254,0.001272,0.001273,0.001242,0.001199,0.001136,0.001081,0.001033,0.000978,0.000920,0.000910,0.000884,0.000895,0.000913,0.000950,0.001005,0.001072,0.001153,0.001237,0.001301,0.001299,0.001246,0.001224,0.001249,0.001255,0.001210,0.001209,0.001158,0.001030,0.000968,0.000952,0.001118,0.001214,0.001217,0.001153,0.001130,0.001137,0.001103,0.001019,0.001043,0.001037,0.000968,0.000978,0.001177,0.001096,0.000939,0.000988,0.001008,0.001044,0.001059,0.001007,0.000973,0.000926,0.000648,0.000747,0.000966,0.000984,0.001008,0.001047,0.001093,0.000754,0.000686,0.000715,0.001071,0.001037,0.000911,0.000876,0.000822,0.000793,0.000766,0.000767,0.000750,0.000784,0.000735,0.000757,0.000477,0.000483,0.000486,0.000456,0.000459,0.000471,0.000456,0.000461,0.000444,0.000441,0.000484,0.000751,0.000574,0.000604,0.000658,0.000950,0.000843,0.000616,0.000684,0.000654,0.000636,0.000585,0.000583,0.000547,0.000518,0.000570,0.000393,0.000524,0.000644,0.000635,0.000717,0.000813,0.000920,0.000915,0.000835,0.000788,0.000620,0.000653,0.000648,0.000339,0.000445,0.000482,0.000408,0.000379,0.000513,0.000538,0.000382,0.000522,0.000488,0.000522,0.000442,0.000388,0.000379,0.000384,0.000399,0.000429,0.000438,0.000364,0.000279,0.000300,0.000303,0.000305,0.000398,0.000420,0.000468,0.000510,0.000556,0.000586,0.000622,0.000647,0.000640,0.000620,0.000587,0.000543,0.000513,0.000518,0.000537,0.000529,0.000488,0.000457,0.000450,0.000452,0.000468,0.000491,0.000483,0.000454,0.000432,0.000404,0.000369,0.000696,0.000705,0.000354,0.000326,0.000277,0.000490,0.000500,0.000449,0.000434,0.000454,0.000433,0.000399,0.000376,0.000599,0.000653,0.000738,0.000797,0.000746,0.000570,0.000684,0.000705,0.000698,0.000669,0.000692,0.000691,0.000639,0.000672,0.000755,0.000774,0.000796,0.000608,0.000711,0.000731,0.000737,0.000741,0.000730,0.000619,0.000453,0.000444,0.000567,0.000531,0.000576,0.000729,0.000743,0.000679,0.000646,0.000617
-0.008707,-0.006852,-0.002944,-0.000371,0.001332,0.006296,0.004950,0.004074,0.000584,-0.003290,-0.002365,-0.004395,-0.007983,-0.011219,-0.013928,-0.016425,-0.018407,-0.021026,-0.024227,-0.027551,-0.030318,-0.030149,-0.035125,-0.035312,-0.035234,-0.034608,-0.034511,-0.034054,-0.034843,-0.038529,-0.043233,-0.044406,-0.045620,-0.049824,-0.052988,-0.061577,-0.058910,-0.058115,-0.058750,-0.057453,-0.049392,0.008105,0.019064,0.023690,0.024383,0.022395,0.019227,0.016517,0.012903,0.012474,0.015272,0.016005,0.011968,0.003253,-0.004797,-0.014026,-0.022083,-0.024763,-0.024826,-0.024665,-0.025073,-0.023092,-0.016513,-0.006718,0.006514,0.002373,-0.003873,-0.001297,0.027086,0.035637,0.031998,0.030769,0.026172,0.022533,0.021703,0.021996,0.019958,0.019485,0.018696,0.022195,0.025142,0.027129,0.029749,0.034246,0.037332,0.035863,0.036430,0.035796,0.035283,0.036353,0.037133,0.037744,0.039618,0.036508,0.035124,0.036141,0.032635,0.029242,0.024595,0.026188,0.020529,0.018751,0.014712,0.016728,0.017578,0.015438,0.017142,0.018305,0.018178,0.016218,0.014468,0.014318,0.015102,0.014557,0.016130,0.014045,0.014480,0.014403,0.013011,0.012222,0.011988,0.011606,0.011146,0.010902,0.020985,-0.003232,0.014759,-0.001902,0.026274,-0.001896,0.012152,0.013283,-0.003658,0.015365,0.017668,0.014893,0.009898,0.005698,0.004193,0.023253,-0.002711,-0.002407,0.000372,0.001465,0.021914,-0.005353,-0.005069,0.010635,0.020838,0.021205,0.021119,0.010791,0.025530,0.044071,0.014396,0.003972,-0.003675,-0.022597,-0.004744,-0.002502,-0.002808,0.001420,0.014447,-0.000374,-0.015848,-0.001842,0.000039,-0.000519,0.000107,-0.001987,-0.002484,0.005986,0.008847,-0.023320,-0.005750,-0.004693,-0.003163,-0.003461,-0.003726,-0.003820,-0.004847,-0.004850,-0.004543,-0.005540,-0.007012,-0.008332,-0.011263,-0.011646,-0.012081,-0.013547,-0.015898,-0.017259,-0.017933,-0.019230,-0.020985,-0.022275,-0.020946,-0.020843,-0.019661,-0.016685,-0.015404,-0.014351,-0.010319,-0.001228,0.006225,0.010409,0.008575,0.008701,0.006620,0.009019,0.013033,0.012781,0.010063,0.007476,0.006654,0.005042,0.000373,0.000746,-0.000180,-0.001849,-0.004252,-0.006135,-0.010410,-0.010121,-0.010440,-0.011560,-0.013431,-0.013291,-0.012242,-0.013198,-0.014198,-0.014058,-0.015131,-0.012873,-0.014958,-0.013770,-0.013104,-0.011023,-0.007467,-0.003908,-0.004474,-0.010124,-0.012263,-0.010160,-0.013204,-0.017109,-0.015250,-0.012299,-0.011771,-0.011022,89.890890,89.879710,89.874149,89.876506,89.880651,89.904754,89.908216,89.919688,89.932784,89.924555,89.923333,89.919488,89.917753,89.921699,89.928263,89.929457,89.926078,89.923290,89.922730,89.925712,89.932468,89.948220,89.933421,89.930499,89.936551,89.943499,89.946527,89.945570,89.948801,89.956592,89.963115,89.966220,89.962069,89.953965,89.961014,89.931974,89.913793,89.903580,89.906065,89.915545,89.965011,90.259179,90.435957,90.510515,90.519539,90.502302,90.470444,90.420252,90.342347,90.274774,90.259010,90.287324,90.336644,90.372090,90.410027,90.433467,90.424085,90.399585,90.385875,90.365594,90.326258,90.271699,90.223416,90.210923,90.260166,90.275730,90.178556,90.009686,89.960654,89.939730,89.913137,89.895997,89.873529,89.848333,89.824523,89.807608,89.803305,89.817127,89.816932,89.827615,89.853961,89.867297,89.868946,89.889780,89.926093,89.934733,89.935656,89.933557,89.934024,89.941883,89.950979,89.959589,89.982601,89.973880,89.947655,89.938671,89.923062,89.911607,89.895417,89.907622,89.896225,89.888609,89.863317,89.855466,89.861867,89.863758,89.868788,89.874627,89.878062,89.882614,89.888394,89.897538,89.912505,89.925185,89.952744,89.956062,89.955866,89.956732,89.957531,89.958886,89.963574,89.972548,89.990699,90.014664,90.114613,90.052747,90.083258,90.015139,90.178719,90.131645,90.161390,90.161321,90.019737,89.979197,89.983162,89.996378,89.998110,89.999789,90.014525,90.150513,90.024841,90.008619,90.008969,90.010943,90.179252,90.128353,90.081485,90.106657,90.158984,90.147488,90.110971,89.990624,89.990993,90.142954,90.126710,90.102791,90.142227,89.997797,89.986378,90.010311,90.002428,90.016972,90.113835,90.131807,90.011902,89.994462,89.993465,89.974741,89.980115,89.989436,89.977391,90.030890,90.151891,90.013020,89.997429,89.990039,89.989688,89.990912,89.989895,89.989692,89.990316,89.987669,89.978778,89.969659,89.962784,89.956038,89.947333,89.942632,89.950536,89.967298,89.980336,89.986293,89.990668,89.994413,89.994721,89.992419,89.997664,89.999927,89.996867,89.998529,89.991566,89.979635,89.956819,89.909840,89.906963,89.928737,89.916844,89.905554,89.897522,89.906470,89.918640,89.923712,89.928034,89.932197,89.929434,89.924726,89.910193,89.916073,89.918155,89.914212,89.910062,89.908999,89.890602,89.893239,89.912175,89.932363,89.936059,89.936698,89.950870,89.962754,89.963736,89.962247,89.962182,89.978460,89.965513,89.950596,89.940169,89.935908,89.940759,89.954909,89.966508,89.954190,89.932360,89.932422,89.929980,89.914502,89.908739,89.910610,89.904606,89.896587,0.000618,0.000780,0.000869,0.000843,0.000797,0.000500,0.000529,0.000513,0.000486,0.000680,0.000705,0.000698,0.000685,0.000683,0.000704,0.000729,0.000739,0.000737,0.000733,0.000716,0.000685,0.000531,0.000740,0.000816,0.000878,0.000959,0.000996,0.000979,0.000929,0.000896,0.000893,0.000863,0.000852,0.000872,0.000730,0.001056,0.001128,0.001169,0.001188,0.001205,0.001239,0.001252,0.001231,0.001172,0.001092,0.001025,0.000976,0.000931,0.000888,0.000874,0.000889,0.000904,0.000915,0.000948,0.001009,0.001082,0.001131,0.001165,0.001207,0.001221,0.001215,0.001224,0.001253,0.001257,0.001193,0.001225,0.001212,0.001163,0.000956,0.001028,0.001199,0.001227,0.001245,0.001251,0.001255,0.001220,0.001133,0.000930,0.000966,0.000964,0.000878,0.000946,0.001118,0.001086,0.000878,0.000925,0.000948,0.000954,0.000960,0.000927,0.000893,0.000862,0.000633,0.000754,0.000992,0.000921,0.000919,0.000900,0.000966,0.000667,0.000702,0.000709,0.000971,0.001009,0.000886,0.000862,0.000835,0.000795,0.000764,0.000706,0.000678,0.000692,0.000673,0.000657,0.000410,0.000407,0.000406,0.000418,0.000444,0.000437,0.000397,0.000380,0.000374,0.000394,0.000418,0.000722,0.000500,0.000519,0.000596,0.000736,0.000691,0.000525,0.000623,0.000577,0.000558,0.000500,0.000494,0.000480,0.000470,0.000517,0.000283,0.000472,0.000535,0.000539,0.000679,0.000712,0.000836,0.000897,0.000853,0.000778,0.000658,0.000678,0.000665,0.000443,0.000397,0.000409,0.000343,0.000361,0.000318,0.000315,0.000314,0.000422,0.000448,0.000357,0.000311,0.000347,0.000358,0.000360,0.000375,0.000407,0.000415,0.000352,0.000268,0.000275,0.000274,0.000281,0.000373,0.000410,0.000448,0.000474,0.000491,0.000496,0.000504,0.000521,0.000533,0.000525,0.000495,0.000468,0.000476,0.000491,0.000482,0.000462,0.000441,0.000422,0.000403,0.000399,0.000406,0.000423,0.000430,0.000416,0.000408,0.000397,0.000434,0.000670,0.000638,0.000300,0.000331,0.000306,0.000397,0.000409,0.000352,0.000326,0.000338,0.000339,0.000344,0.000350,0.000567,0.000599,0.000660,0.000719,0.000678,0.000496,0.000575,0.000615,0.000656,0.000643,0.000671,0.000709,0.000681,0.000708,0.000755,0.000735,0.000714,0.000488,0.000560,0.000603,0.000641,0.000663,0.000632,0.000529,0.000386,0.000409,0.000533,0.000497,0.000538,0.000677,0.000684,0.000607,0.000584,0.000577
-0.008855,-0.007745,-0.003362,-0.000637,0.001875,0.006378,0.004461,0.003026,0.001332,-0.002133,-0.001209,-0.004413,-0.008140,-0.011501,-0.014286,-0.016612,-0.018869,-0.021727,-0.025259,-0.027964,-0.029899,-0.029376,-0.035301,-0.034032,-0.034076,-0.034803,-0.035301,-0.034584,-0.035171,-0.037544,-0.040300,-0.042564,-0.045773,-0.049400,-0.052717,-0.063695,-0.062321,-0.059642,-0.058309,-0.057775,-0.051880,0.006556,0.020069,0.023483,0.024039,0.023571,0.021698,0.017379,0.012373,0.014091,0.017786,0.016281,0.012915,0.004734,-0.006017,-0.013538,-0.019744,-0.023804,-0.025511,-0.024755,-0.024158,-0.022185,-0.017362,-0.007358,0.007203,0.002215,-0.002972,-0.000647,0.025016,0.033798,0.031064,0.028492,0.025130,0.022006,0.021008,0.021287,0.020611,0.020147,0.019942,0.023159,0.025461,0.026205,0.029312,0.034502,0.036747,0.035805,0.035277,0.034495,0.035431,0.036960,0.038408,0.038795,0.040357,0.036914,0.034837,0.035305,0.032750,0.029511,0.024626,0.026601,0.021243,0.020331,0.015639,0.018197,0.018786,0.017331,0.018081,0.018395,0.017462,0.016045,0.014576,0.013493,0.013604,0.013436,0.016719,0.015778,0.016108,0.014808,0.013154,0.012391,0.011322,0.009993,0.010520,0.010655,0.021859,-0.002032,0.014042,-0.001096,0.027165,-0.002022,0.011791,0.015806,-0.002146,0.015845,0.017875,0.014004,0.009976,0.004749,0.004523,0.022659,-0.004006,-0.001325,0.001321,0.003003,0.020748,-0.006125,-0.005567,0.013149,0.022880,0.021255,0.021559,0.008792,0.023974,0.044802,0.012961,0.003639,-0.000950,-0.021893,-0.003986,-0.004120,-0.003318,0.000098,0.013358,-0.002698,-0.016648,-0.000561,0.000581,-0.001328,0.000801,-0.000987,-0.002122,0.006235,0.009501,-0.021195,-0.005596,-0.004840,-0.003928,-0.005277,-0.004948,-0.005229,-0.003581,-0.004356,-0.005568,-0.006813,-0.006140,-0.007815,-0.011048,-0.010821,-0.010740,-0.012636,-0.015626,-0.017509,-0.017477,-0.018029,-0.020826,-0.022416,-0.023072,-0.022025,-0.018765,-0.016935,-0.015288,-0.014166,-0.009561,-0.002755,0.005174,0.010742,0.007834,0.008042,0.008414,0.011411,0.012809,0.011674,0.009705,0.007991,0.006777,0.005647,0.001477,0.000910,-0.001414,-0.002915,-0.004198,-0.005792,-0.011089,-0.011147,-0.011088,-0.012059,-0.013448,-0.012728,-0.012166,-0.012987,-0.014585,-0.015031,-0.015921,-0.013717,-0.015654,-0.013782,-0.012064,-0.010790,-0.007425,-0.004160,-0.004734,-0.010008,-0.011903,-0.010421,-0.014190,-0.017536,-0.015576,-0.013127,-0.011818,-0.010270,89.897637,89.877774,89.866404,89.867748,89.877525,89.901185,89.903058,89.917081,89.938480,89.928305,89.919053,89.910854,89.910156,89.914965,89.920508,89.923156,89.921169,89.916958,89.917543,89.923344,89.931999,89.953570,89.936800,89.935766,89.945673,89.954088,89.958684,89.958971,89.959772,89.964280,89.970818,89.973406,89.968346,89.957333,89.961775,89.931085,89.912904,89.900784,89.900524,89.913415,89.961847,90.244404,90.433375,90.511196,90.517389,90.497828,90.474228,90.422568,90.339925,90.278166,90.260586,90.265319,90.319888,90.372658,90.402111,90.420901,90.425729,90.417767,90.406704,90.383479,90.329738,90.262379,90.219529,90.205931,90.261017,90.282520,90.196642,90.028952,89.954393,89.930308,89.906521,89.892723,89.876498,89.847144,89.819691,89.805438,89.805254,89.812804,89.817106,89.837645,89.859265,89.862627,89.865397,89.898811,89.936667,89.942232,89.938391,89.931252,89.930226,89.935346,89.945120,89.954899,89.980917,89.974178,89.949237,89.940740,89.930953,89.919830,89.904086,89.921261,89.912629,89.897861,89.853172,89.842180,89.849853,89.854016,89.858468,89.867195,89.880387,89.890557,89.899777,89.907625,89.920342,89.932170,89.955879,89.950255,89.951158,89.963995,89.969938,89.965485,89.962915,89.971563,89.991721,90.007075,90.112717,90.049874,90.079649,90.014316,90.182000,90.134177,90.158670,90.160568,90.000923,89.975786,89.986215,89.994663,90.000139,89.998181,90.011915,90.157040,90.036203,90.006167,90.007069,90.009151,90.167949,90.124915,90.072849,90.107488,90.159353,90.123405,90.113614,89.992490,89.995939,90.153826,90.128864,90.119508,90.128656,90.016172,89.957944,90.002781,89.987041,90.027714,90.111399,90.122210,90.014200,89.985739,89.983950,89.960786,89.959694,89.982459,89.977842,90.021257,90.138411,90.013878,90.004949,89.998812,89.992640,89.988075,89.986550,89.987691,89.992406,89.994841,89.981733,89.962953,89.954311,89.953131,89.947676,89.940513,89.944639,89.959054,89.971715,89.978487,89.985087,89.992473,89.995246,89.990377,89.987313,89.987022,89.994557,89.988527,89.975815,89.973454,89.965076,89.932749,89.916327,89.939065,89.932464,89.920107,89.896026,89.893351,89.899095,89.906452,89.919716,89.934248,89.940849,89.939914,89.919885,89.913536,89.907098,89.902389,89.903382,89.909777,89.895946,89.895622,89.904172,89.917099,89.925781,89.935337,89.950212,89.959806,89.959296,89.958390,89.959222,89.978871,89.973952,89.967236,89.956474,89.943974,89.941034,89.944722,89.951123,89.938652,89.922795,89.929771,89.925564,89.902362,89.890573,89.893037,89.897254,89.900216,0.000663,0.000863,0.000958,0.000959,0.000863,0.000531,0.000532,0.000523,0.000482,0.000722,0.000767,0.000780,0.000791,0.000813,0.000824,0.000800,0.000773,0.000787,0.000803,0.000810,0.000811,0.000605,0.000847,0.000896,0.000895,0.000943,0.000988,0.001009,0.001001,0.000977,0.000945,0.000910,0.000909,0.000913,0.000782,0.001136,0.001211,0.001244,0.001273,0.001277,0.001269,0.001248,0.001224,0.001204,0.001173,0.001131,0.001079,0.001015,0.000967,0.000948,0.000949,0.000973,0.001005,0.001043,0.001097,0.001153,0.001188,0.001207,0.001224,0.001228,0.001226,0.001240,0.001267,0.001256,0.001194,0.001222,0.001210,0.001126,0.001049,0.001056,0.001145,0.001198,0.001223,0.001247,0.001253,0.001205,0.001108,0.000996,0.001027,0.000968,0.000918,0.001020,0.001164,0.001067,0.000916,0.000990,0.001017,0.001014,0.000966,0.000947,0.000951,0.000966,0.000703,0.000769,0.000997,0.000989,0.000984,0.000991,0.001057,0.000713,0.000725,0.000754,0.001138,0.001128,0.000946,0.000844,0.000767,0.000730,0.000740,0.000767,0.000754,0.000769,0.000752,0.000722,0.000421,0.000416,0.000398,0.000363,0.000407,0.000463,0.000473,0.000458,0.000437,0.000453,0.000538,0.000875,0.000574,0.000594,0.000651,0.000855,0.000871,0.000660,0.000714,0.000635,0.000669,0.000594,0.000576,0.000565,0.000566,0.000519,0.000446,0.000633,0.000655,0.000669,0.000753,0.000814,0.000930,0.000980,0.000925,0.000826,0.000677,0.000715,0.000633,0.000309,0.000313,0.000355,0.000365,0.000377,0.000294,0.000485,0.000350,0.000360,0.000474,0.000527,0.000473,0.000467,0.000476,0.000465,0.000464,0.000467,0.000455,0.000375,0.000285,0.000292,0.000298,0.000312,0.000408,0.000432,0.000467,0.000494,0.000500,0.000496,0.000545,0.000592,0.000581,0.000551,0.000535,0.000523,0.000516,0.000507,0.000500,0.000489,0.000476,0.000468,0.000440,0.000434,0.000448,0.000471,0.000470,0.000460,0.000463,0.000448,0.000366,0.000672,0.000752,0.000440,0.000382,0.000371,0.000545,0.000513,0.000427,0.000395,0.000412,0.000415,0.000413,0.000402,0.000610,0.000625,0.000663,0.000709,0.000692,0.000548,0.000659,0.000670,0.000667,0.000628,0.000645,0.000685,0.000674,0.000695,0.000740,0.000714,0.000696,0.000486,0.000598,0.000682,0.000740,0.000770,0.000715,0.000634,0.000481,0.000492,0.000586,0.000518,0.000564,0.000744,0.000797,0.000745,0.000695,0.000650
-0.007918,-0.007319,-0.002929,0.000288,0.002841,0.006927,0.003903,0.003280,0.001649,-0.001986,-0.001077,-0.003066,-0.007798,-0.012410,-0.014789,-0.016242,-0.019004,-0.022175,-0.024567,-0.026741,-0.029438,-0.030719,-0.035444,-0.035307,-0.034838,-0.034853,-0.035357,-0.036350,-0.037516,-0.039678,-0.042555,-0.045066,-0.047345,-0.050419,-0.052638,-0.061831,-0.057772,-0.056887,-0.058069,-0.058425,-0.051274,0.006245,0.018411,0.023229,0.024164,0.022404,0.020351,0.017002,0.012060,0.013688,0.014996,0.014739,0.012284,0.003774,-0.005607,-0.013659,-0.019777,-0.022843,-0.023897,-0.023778,-0.023080,-0.021500,-0.017450,-0.007004,0.005151,0.003306,-0.004355,-0.000795,0.026571,0.033848,0.031599,0.028246,0.024230,0.022829,0.022497,0.022922,0.021342,0.020643,0.019087,0.023081,0.026270,0.027231,0.030485,0.035983,0.037482,0.036380,0.036491,0.035371,0.036041,0.037565,0.037467,0.037016,0.040074,0.036412,0.036454,0.036839,0.034057,0.029475,0.024695,0.026701,0.022188,0.020335,0.013619,0.017075,0.018282,0.016954,0.017517,0.017139,0.016486,0.016344,0.015098,0.014882,0.014188,0.013616,0.015519,0.014692,0.015331,0.014346,0.012393,0.010529,0.009893,0.009507,0.009456,0.010635,0.022574,-0.001461,0.013156,-0.000685,0.028595,-0.002114,0.011561,0.014648,-0.003682,0.015648,0.017548,0.014527,0.011197,0.007150,0.005773,0.022082,-0.003401,-0.002853,0.001460,0.001748,0.020195,-0.005996,-0.004252,0.013603,0.023254,0.019951,0.022917,0.009920,0.025252,0.044463,0.015019,0.005124,-0.002362,-0.020869,-0.004785,-0.001455,-0.004516,0.001269,0.015817,-0.003371,-0.017495,-0.000968,0.000127,-0.000662,0.000235,-0.001301,-0.001608,0.006486,0.009692,-0.021396,-0.005322,-0.004237,-0.003866,-0.002523,-0.004445,-0.004515,-0.005197,-0.004560,-0.005693,-0.006730,-0.006876,-0.007865,-0.009942,-0.009304,-0.010418,-0.014129,-0.017212,-0.018079,-0.017926,-0.019623,-0.020929,-0.021368,-0.021360,-0.021017,-0.019728,-0.017122,-0.015762,-0.015419,-0.007904,-0.003535,0.005432,0.010261,0.008021,0.008706,0.007248,0.009571,0.012492,0.011992,0.010847,0.009889,0.008267,0.005737,0.001523,0.001256,-0.002119,-0.004116,-0.003914,-0.004673,-0.010627,-0.011095,-0.010563,-0.012395,-0.014815,-0.014462,-0.013891,-0.014736,-0.015977,-0.015393,-0.014750,-0.012762,-0.014935,-0.013356,-0.011739,-0.009946,-0.006703,-0.004585,-0.005016,-0.008581,-0.011330,-0.011495,-0.014741,-0.016599,-0.014296,-0.012549,-0.011522,-0.009458,89.892123,89.875997,89.869531,89.871480,89.878582,89.905059,89.910814,89.924835,89.935017,89.920954,89.918742,89.918709,89.922105,89.923277,89.921797,89.921495,89.921892,89.919815,89.917704,89.924395,89.935699,89.947799,89.932813,89.935487,89.946934,89.952503,89.954303,89.955989,89.962200,89.971590,89.975920,89.974933,89.965891,89.956776,89.963741,89.929469,89.913661,89.905598,89.905512,89.910886,89.949243,90.252755,90.433276,90.515589,90.525463,90.508392,90.474009,90.406448,90.322712,90.290063,90.272707,90.269366,90.311157,90.360454,90.405709,90.438091,90.440003,90.412622,90.388597,90.360137,90.324938,90.276312,90.220671,90.217908,90.260482,90.286718,90.196590,90.008857,89.948870,89.926819,89.905434,89.888461,89.869529,89.845326,89.823536,89.810918,89.810739,89.826763,89.834078,89.844352,89.857805,89.859890,89.864712,89.894187,89.923509,89.933310,89.936804,89.936449,89.938038,89.945153,89.955290,89.962987,89.991395,89.980424,89.959429,89.948824,89.932492,89.913537,89.899362,89.916702,89.910965,89.901359,89.861333,89.855653,89.863988,89.864943,89.872030,89.882634,89.890912,89.897407,89.899092,89.901862,89.908767,89.919982,89.942180,89.943477,89.950169,89.959133,89.961992,89.959017,89.957626,89.960965,89.978400,89.998015,90.117770,90.064484,90.065543,90.013101,90.194321,90.127159,90.158060,90.153338,90.000877,89.988658,89.990611,89.995775,89.999397,89.999461,90.009253,90.143870,90.030769,90.013132,89.998002,90.011464,90.179941,90.120150,90.065921,90.116284,90.190144,90.154516,90.100635,89.989611,89.988380,90.122408,90.124681,90.102273,90.143598,90.001037,89.977006,89.998614,90.011271,90.016985,90.107868,90.127172,90.006498,89.991393,89.975452,89.972224,89.978010,89.989545,89.976022,90.020118,90.137759,90.020551,90.010424,90.001540,89.989700,89.988904,89.986949,89.984425,89.987499,89.992412,89.987635,89.975788,89.967025,89.960075,89.950358,89.939899,89.937894,89.949746,89.965872,89.976367,89.982337,89.986171,89.986483,89.984055,89.981033,89.977279,89.976277,89.976167,89.975240,89.974801,89.974982,89.918935,89.918084,89.942931,89.929838,89.918393,89.902044,89.907899,89.923305,89.931559,89.938441,89.943033,89.939786,89.932757,89.910939,89.907830,89.902688,89.895298,89.895261,89.905544,89.897472,89.903967,89.923793,89.940798,89.943149,89.942957,89.951605,89.959181,89.957954,89.953717,89.952598,89.970458,89.965864,89.963223,89.961581,89.958019,89.957608,89.955117,89.956750,89.945076,89.926754,89.927271,89.921626,89.902865,89.893863,89.895147,89.897536,89.897006,0.000711,0.000906,0.000961,0.000922,0.000842,0.000551,0.000616,0.000570,0.000489,0.000654,0.000688,0.000752,0.000788,0.000810,0.000843,0.000858,0.000837,0.000801,0.000773,0.000725,0.000665,0.000541,0.000764,0.000851,0.000886,0.000930,0.000959,0.001008,0.001053,0.001052,0.001034,0.000986,0.000968,0.000946,0.000796,0.001193,0.001244,0.001236,0.001230,0.001225,0.001237,0.001242,0.001247,0.001220,0.001159,0.001114,0.001080,0.001019,0.000994,0.000959,0.000956,0.000968,0.000996,0.001050,0.001117,0.001181,0.001226,0.001257,0.001292,0.001302,0.001289,0.001251,0.001282,0.001295,0.001270,0.001294,0.001276,0.001143,0.001030,0.001048,0.001132,0.001184,0.001206,0.001243,0.001273,0.001253,0.001176,0.001007,0.001018,0.001021,0.000945,0.001031,0.001168,0.001076,0.000948,0.000963,0.000969,0.000982,0.000987,0.000996,0.000992,0.000978,0.000659,0.000805,0.001006,0.000986,0.000955,0.000975,0.001010,0.000701,0.000705,0.000707,0.001106,0.001084,0.000915,0.000889,0.000827,0.000757,0.000737,0.000713,0.000743,0.000782,0.000793,0.000741,0.000495,0.000484,0.000450,0.000413,0.000422,0.000440,0.000423,0.000412,0.000398,0.000407,0.000469,0.000819,0.000546,0.000587,0.000527,0.000865,0.000827,0.000645,0.000711,0.000667,0.000599,0.000546,0.000564,0.000585,0.000567,0.000524,0.000398,0.000428,0.000602,0.000627,0.000657,0.000699,0.000797,0.000852,0.000803,0.000734,0.000615,0.000648,0.000632,0.000318,0.000410,0.000390,0.000378,0.000438,0.000411,0.000416,0.000456,0.000384,0.000317,0.000377,0.000423,0.000471,0.000480,0.000480,0.000460,0.000455,0.000456,0.000389,0.000349,0.000361,0.000347,0.000339,0.000419,0.000433,0.000457,0.000477,0.000472,0.000461,0.000504,0.000583,0.000613,0.000602,0.000571,0.000537,0.000534,0.000537,0.000529,0.000498,0.000464,0.000460,0.000463,0.000452,0.000454,0.000479,0.000492,0.000484,0.000480,0.000465,0.000433,0.000714,0.000623,0.000308,0.000377,0.000372,0.000505,0.000500,0.000426,0.000406,0.000413,0.000402,0.000402,0.000405,0.000628,0.000642,0.000691,0.000779,0.000773,0.000598,0.000681,0.000718,0.000721,0.000700,0.000720,0.000716,0.000648,0.000656,0.000712,0.000724,0.000703,0.000470,0.000555,0.000605,0.000633,0.000660,0.000620,0.000580,0.000432,0.000432,0.000577,0.000554,0.000587,0.000718,0.000746,0.000706,0.000672,0.000659
-0.008079,-0.007172,-0.002810,0.001055,0.002632,0.006930,0.005181,0.003777,0.000016,-0.003856,-0.003096,-0.004451,-0.007407,-0.010874,-0.014931,-0.016818,-0.018171,-0.020917,-0.024181,-0.027728,-0.030039,-0.030526,-0.035648,-0.035903,-0.035037,-0.034971,-0.035751,-0.035740,-0.036118,-0.038641,-0.041709,-0.043910,-0.047090,-0.050355,-0.053348,-0.062837,-0.060842,-0.058868,-0.059210,-0.057958,-0.050171,0.006965,0.018568,0.023313,0.024859,0.023201,0.020176,0.017306,0.014667,0.014308,0.015421,0.015807,0.011665,0.002821,-0.004863,-0.012649,-0.020591,-0.024836,-0.026073,-0.025287,-0.024596,-0.023967,-0.017055,-0.006653,0.005748,0.001682,-0.003845,0.000057,0.026874,0.034269,0.031215,0.029009,0.025581,0.023817,0.022355,0.020152,0.018938,0.019394,0.020717,0.022926,0.024292,0.026513,0.030094,0.035761,0.037178,0.035417,0.034890,0.035378,0.036283,0.036925,0.036442,0.035995,0.039123,0.036486,0.035451,0.036092,0.031850,0.028315,0.024778,0.026930,0.020643,0.017716,0.013323,0.016671,0.017761,0.017988,0.019586,0.018584,0.017313,0.015807,0.015195,0.014782,0.013994,0.013402,0.014669,0.015050,0.015993,0.015263,0.012406,0.011121,0.011382,0.010731,0.010073,0.009583,0.021834,-0.001495,0.014343,-0.001716,0.026119,0.001093,0.013021,0.013112,-0.001813,0.016157,0.017812,0.012990,0.009135,0.006735,0.005248,0.023642,-0.003553,-0.003203,0.000571,0.003132,0.020101,-0.005603,-0.007157,0.012405,0.022993,0.022133,0.021186,0.010440,0.024616,0.045984,0.015241,0.003533,-0.002813,-0.021990,-0.007416,-0.003685,-0.003325,0.001067,0.012705,-0.002004,-0.016036,-0.001013,-0.000851,-0.000779,-0.000878,-0.000506,-0.000822,0.007842,0.009373,-0.022902,-0.005020,-0.002928,-0.003971,-0.004362,-0.005178,-0.004872,-0.003995,-0.003897,-0.003539,-0.004530,-0.006411,-0.008878,-0.011679,-0.011211,-0.011062,-0.012717,-0.015660,-0.017074,-0.018324,-0.020138,-0.020813,-0.021465,-0.020256,-0.020127,-0.018751,-0.016286,-0.015164,-0.014316,-0.010261,-0.001718,0.006256,0.010733,0.008053,0.008418,0.007408,0.010071,0.012978,0.012640,0.010713,0.009253,0.007578,0.005021,0.000563,0.001726,0.000044,-0.002271,-0.003904,-0.005015,-0.009613,-0.010829,-0.011330,-0.012895,-0.014601,-0.013630,-0.013760,-0.015032,-0.014270,-0.013196,-0.014433,-0.013444,-0.015182,-0.012931,-0.011602,-0.010897,-0.008698,-0.004801,-0.004791,-0.009357,-0.011371,-0.010359,-0.013624,-0.016828,-0.016040,-0.013785,-0.011875,-0.009781,89.885212,89.868904,89.858746,89.866019,89.877847,89.906928,89.913318,89.926086,89.940069,89.931439,89.926123,89.919335,89.917109,89.918885,89.913914,89.906627,89.905966,89.908433,89.911179,89.918803,89.934538,89.956390,89.944382,89.936814,89.940689,89.951186,89.959407,89.964343,89.969408,89.972482,89.976300,89.976014,89.964031,89.954712,89.962607,89.939228,89.927135,89.916083,89.905949,89.903266,89.946737,90.245576,90.428606,90.510061,90.530427,90.519526,90.474615,90.413998,90.348663,90.304551,90.269300,90.283828,90.338773,90.369667,90.401817,90.431657,90.433684,90.410825,90.393296,90.370841,90.330420,90.268732,90.224692,90.208810,90.264331,90.296405,90.188551,90.003174,89.956287,89.936901,89.909547,89.890881,89.868513,89.840735,89.818167,89.809513,89.817262,89.825157,89.826951,89.837526,89.853588,89.863464,89.865056,89.891831,89.923249,89.929330,89.928072,89.928252,89.934109,89.944245,89.952311,89.958739,89.984157,89.978132,89.949702,89.936730,89.920792,89.907142,89.890587,89.907010,89.901421,89.892589,89.861234,89.853777,89.853703,89.851969,89.861383,89.870307,89.877278,89.881350,89.888435,89.900353,89.913814,89.926199,89.947595,89.948222,89.949685,89.953898,89.951184,89.945200,89.950283,89.970473,89.993190,90.001331,90.119881,90.041517,90.081184,90.009344,90.175819,90.149945,90.167183,90.149610,90.011365,89.970335,89.984622,89.987159,89.989947,89.993475,90.005231,90.158395,90.028980,90.016279,89.994716,90.006548,90.174904,90.131855,90.077682,90.114584,90.165601,90.153490,90.112861,89.998761,89.994358,90.148327,90.122832,90.099455,90.132304,90.012353,89.972033,89.993031,89.995865,90.009447,90.099104,90.114280,90.001013,89.995298,89.992882,89.980502,89.968595,89.980742,89.966549,90.016216,90.130914,90.008604,90.004796,90.003244,89.990841,89.983636,89.984523,89.990511,89.994087,89.990351,89.979380,89.969042,89.963593,89.957747,89.946760,89.935794,89.935832,89.949147,89.968363,89.984856,89.994913,89.996750,89.991821,89.986336,89.987016,89.990262,89.993514,89.989746,89.979916,89.978775,89.975942,89.929205,89.913955,89.939877,89.936286,89.923179,89.906205,89.912443,89.926131,89.932736,89.934333,89.936269,89.934680,89.934149,89.917134,89.913640,89.908085,89.906990,89.912424,89.919000,89.904289,89.901768,89.911597,89.924436,89.928621,89.934358,89.946384,89.952808,89.953083,89.953189,89.953474,89.968892,89.964575,89.959579,89.955258,89.945870,89.942755,89.951756,89.966152,89.955565,89.932158,89.927536,89.917121,89.896162,89.887870,89.892806,89.895015,89.891571,0.000640,0.000838,0.000968,0.000917,0.000825,0.000510,0.000523,0.000495,0.000471,0.000684,0.000718,0.000715,0.000722,0.000719,0.000722,0.000703,0.000676,0.000688,0.000729,0.000754,0.000726,0.000561,0.000712,0.000782,0.000832,0.000895,0.000937,0.000937,0.000895,0.000889,0.000872,0.000850,0.000926,0.000938,0.000789,0.001087,0.001155,0.001191,0.001188,0.001148,0.001126,0.001146,0.001173,0.001161,0.001117,0.001063,0.001000,0.000941,0.000903,0.000878,0.000861,0.000851,0.000862,0.000911,0.000980,0.001057,0.001111,0.001150,0.001201,0.001237,0.001236,0.001251,0.001251,0.001227,0.001180,0.001190,0.001128,0.001005,0.000940,0.000996,0.001149,0.001179,0.001185,0.001184,0.001194,0.001167,0.001034,0.000947,0.000962,0.000930,0.000887,0.000931,0.001116,0.001044,0.000897,0.000926,0.000932,0.000894,0.000860,0.000853,0.000870,0.000894,0.000665,0.000762,0.000995,0.000917,0.000886,0.000906,0.001024,0.000730,0.000724,0.000704,0.000966,0.000930,0.000817,0.000789,0.000724,0.000713,0.000709,0.000703,0.000711,0.000727,0.000709,0.000629,0.000395,0.000399,0.000416,0.000414,0.000443,0.000461,0.000467,0.000471,0.000465,0.000461,0.000489,0.000751,0.000538,0.000554,0.000605,0.000744,0.000751,0.000619,0.000712,0.000655,0.000616,0.000587,0.000579,0.000544,0.000494,0.000661,0.000478,0.000519,0.000634,0.000629,0.000732,0.000720,0.000868,0.000899,0.000805,0.000736,0.000582,0.000632,0.000655,0.000300,0.000332,0.000392,0.000388,0.000342,0.000295,0.000403,0.000440,0.000406,0.000461,0.000438,0.000378,0.000405,0.000406,0.000404,0.000422,0.000444,0.000436,0.000340,0.000285,0.000303,0.000307,0.000314,0.000409,0.000436,0.000442,0.000446,0.000465,0.000478,0.000492,0.000495,0.000482,0.000465,0.000465,0.000472,0.000482,0.000487,0.000487,0.000471,0.000459,0.000454,0.000451,0.000441,0.000442,0.000453,0.000453,0.000443,0.000444,0.000437,0.000458,0.000552,0.000631,0.000291,0.000298,0.000324,0.000413,0.000388,0.000338,0.000344,0.000383,0.000397,0.000398,0.000376,0.000576,0.000596,0.000650,0.000697,0.000662,0.000523,0.000597,0.000628,0.000628,0.000620,0.000685,0.000710,0.000635,0.000605,0.000628,0.000652,0.000694,0.000523,0.000599,0.000652,0.000647,0.000652,0.000637,0.000581,0.000422,0.000435,0.000562,0.000528,0.000562,0.000683,0.000701,0.000646,0.000613,0.000602
-0.007614,-0.007315,-0.004019,-0.000806,0.002337,0.006795,0.004801,0.003113,0.000323,-0.003401,-0.001944,-0.002961,-0.007116,-0.011808,-0.014858,-0.016235,-0.018275,-0.021948,-0.025394,-0.027943,-0.030832,-0.032148,-0.035964,-0.035447,-0.035192,-0.035072,-0.034822,-0.034655,-0.035987,-0.038704,-0.041621,-0.043903,-0.046588,-0.049865,-0.051573,-0.060653,-0.058065,-0.058202,-0.059697,-0.059273,-0.051092,0.005985,0.018589,0.022886,0.023851,0.022972,0.020442,0.017206,0.014887,0.015197,0.015966,0.014929,0.010925,0.003773,-0.005947,-0.013880,-0.019324,-0.023586,-0.025144,-0.024276,-0.023770,-0.021696,-0.017315,-0.006745,0.007342,0.002540,-0.003903,-0.001283,0.026046,0.033894,0.031668,0.029659,0.024424,0.020761,0.020479,0.021298,0.020568,0.020851,0.019487,0.023145,0.025647,0.027768,0.030980,0.035864,0.037378,0.036483,0.035921,0.035017,0.036042,0.037841,0.038220,0.037735,0.040850,0.037275,0.034626,0.035999,0.033609,0.029032,0.024693,0.026898,0.021763,0.019580,0.014200,0.017005,0.019594,0.018014,0.018750,0.018313,0.017796,0.016153,0.014496,0.013938,0.014451,0.012977,0.015617,0.014264,0.015289,0.014321,0.012744,0.011929,0.012002,0.011426,0.009466,0.009781,0.021604,-0.001867,0.013456,-0.002979,0.027297,-0.002427,0.012482,0.012864,-0.003565,0.015004,0.018181,0.013167,0.010148,0.007059,0.005588,0.021424,-0.002616,-0.003028,-0.000386,0.002784,0.019904,-0.007191,-0.004528,0.011851,0.019772,0.020800,0.019735,0.010142,0.023912,0.044544,0.012530,0.006595,-0.003179,-0.019611,-0.006458,-0.002275,-0.002092,-0.000868,0.014766,-0.000880,-0.016504,-0.000706,-0.001032,-0.001468,-0.000600,-0.001353,-0.001711,0.006927,0.008932,-0.022480,-0.005917,-0.004961,-0.004327,-0.004552,-0.003995,-0.003793,-0.004396,-0.004253,-0.004571,-0.006290,-0.007883,-0.009628,-0.011459,-0.012080,-0.011964,-0.012791,-0.014802,-0.015080,-0.015615,-0.018207,-0.020546,-0.022662,-0.023404,-0.022493,-0.018757,-0.016534,-0.015462,-0.015198,-0.011706,-0.000863,0.005661,0.011973,0.008569,0.009341,0.008780,0.010918,0.012926,0.012326,0.009521,0.007434,0.006508,0.005998,0.002288,0.002571,-0.000395,-0.003167,-0.004776,-0.007356,-0.011660,-0.010332,-0.010424,-0.012124,-0.013842,-0.013298,-0.013529,-0.015161,-0.015177,-0.014617,-0.014836,-0.012625,-0.015052,-0.013619,-0.012815,-0.011581,-0.008765,-0.005738,-0.005861,-0.010192,-0.012681,-0.012408,-0.014769,-0.016217,-0.014024,-0.012998,-0.013015,-0.010734,89.903391,89.884599,89.875844,89.877081,89.881476,89.903207,89.909906,89.924795,89.941322,89.933069,89.929915,89.923173,89.915510,89.911370,89.912578,89.916576,89.920684,89.923246,89.924050,89.927692,89.935701,89.949001,89.934704,89.927629,89.932691,89.939976,89.946318,89.950832,89.959033,89.967163,89.972322,89.970914,89.960069,89.951098,89.960826,89.932822,89.918097,89.907219,89.902959,89.910123,89.950254,90.255059,90.439229,90.522016,90.530938,90.516317,90.478179,90.404955,90.333827,90.297652,90.273171,90.279379,90.320289,90.372103,90.403948,90.421792,90.431836,90.426276,90.409848,90.375325,90.327720,90.279095,90.229783,90.225051,90.292653,90.300166,90.190427,89.999482,89.951240,89.936358,89.916149,89.896381,89.871170,89.838834,89.815386,89.806809,89.808570,89.822937,89.825981,89.836854,89.847731,89.848610,89.854623,89.887973,89.924215,89.933166,89.935970,89.937198,89.940086,89.945251,89.952295,89.959418,89.983739,89.972239,89.942638,89.938835,89.937856,89.927925,89.905409,89.911771,89.901627,89.894420,89.864186,89.859077,89.869963,89.867410,89.873574,89.884810,89.893035,89.894811,89.895871,89.898095,89.911286,89.922468,89.950334,89.950315,89.952771,89.957982,89.959464,89.955412,89.958340,89.970761,89.981709,90.005467,90.135022,90.053672,90.068507,90.012736,90.171567,90.120991,90.157322,90.143064,89.999389,89.969726,89.988541,90.002431,90.010398,90.006969,90.013005,90.135960,90.038697,90.012583,90.009344,90.010623,90.170697,90.115560,90.063989,90.117932,90.176688,90.147520,90.096901,89.985575,89.983684,90.128152,90.129713,90.117318,90.128594,90.018754,89.990555,90.002164,90.007678,90.005023,90.088585,90.125366,89.995888,89.999605,89.993155,89.975829,89.973345,89.980094,89.967309,90.028255,90.140494,90.007586,90.002002,89.996659,89.987163,89.983807,89.986156,89.991224,89.991696,89.987595,89.979451,89.971883,89.969828,89.965470,89.954978,89.945298,89.944921,89.951298,89.959284,89.970697,89.987491,89.998602,89.999659,89.996427,89.996469,89.992344,89.991721,89.980175,89.971712,89.974469,89.962158,89.922523,89.915560,89.947865,89.934139,89.918221,89.904263,89.908376,89.917113,89.921701,89.926694,89.935688,89.936267,89.928730,89.911976,89.914657,89.914192,89.909515,89.911192,89.911835,89.888740,89.884999,89.901184,89.923418,89.934496,89.943010,89.954792,89.958800,89.954149,89.952041,89.957562,89.979589,89.967739,89.957225,89.948176,89.941622,89.942100,89.945683,89.953566,89.944924,89.931503,89.933966,89.923274,89.894783,89.881669,89.889467,89.901399,89.908232,0.000681,0.000872,0.000944,0.000929,0.000868,0.000574,0.000570,0.000547,0.000515,0.000721,0.000738,0.000741,0.000764,0.000799,0.000818,0.000813,0.000805,0.000804,0.000780,0.000723,0.000688,0.000602,0.000807,0.000911,0.000940,0.000966,0.000973,0.000972,0.000946,0.000937,0.000929,0.000890,0.000894,0.000901,0.000791,0.001198,0.001264,0.001265,0.001263,0.001263,0.001285,0.001303,0.001297,0.001260,0.001205,0.001159,0.001093,0.000998,0.000923,0.000889,0.000883,0.000905,0.000943,0.000988,0.001041,0.001101,0.001159,0.001202,0.001226,0.001219,0.001219,0.001246,0.001299,0.001293,0.001191,0.001191,0.001144,0.001091,0.001025,0.001097,0.001278,0.001352,0.001335,0.001321,0.001330,0.001297,0.001210,0.001016,0.001051,0.001031,0.000965,0.001039,0.001188,0.001119,0.000961,0.001015,0.001041,0.001037,0.001004,0.000982,0.000990,0.001013,0.000733,0.000780,0.001008,0.001001,0.000989,0.000997,0.001036,0.000719,0.000739,0.000746,0.001056,0.001067,0.000884,0.000876,0.000794,0.000745,0.000773,0.000788,0.000746,0.000753,0.000722,0.000728,0.000441,0.000449,0.000453,0.000457,0.000452,0.000444,0.000435,0.000453,0.000457,0.000443,0.000471,0.000783,0.000516,0.000588,0.000621,0.000943,0.000855,0.000609,0.000685,0.000616,0.000634,0.000568,0.000572,0.000599,0.000598,0.000635,0.000486,0.000464,0.000651,0.000679,0.000732,0.000840,0.000890,0.000916,0.000866,0.000795,0.000643,0.000679,0.000631,0.000360,0.000471,0.000482,0.000465,0.000467,0.000468,0.000477,0.000444,0.000460,0.000513,0.000583,0.000499,0.000439,0.000456,0.000465,0.000472,0.000487,0.000469,0.000415,0.000313,0.000320,0.000310,0.000317,0.000414,0.000429,0.000444,0.000453,0.000476,0.000499,0.000525,0.000547,0.000537,0.000528,0.000538,0.000539,0.000510,0.000488,0.000491,0.000477,0.000436,0.000429,0.000462,0.000496,0.000519,0.000526,0.000498,0.000449,0.000414,0.000395,0.000346,0.000661,0.000782,0.000348,0.000374,0.000407,0.000518,0.000529,0.000463,0.000427,0.000432,0.000402,0.000389,0.000410,0.000612,0.000652,0.000728,0.000811,0.000752,0.000546,0.000619,0.000660,0.000711,0.000703,0.000718,0.000702,0.000639,0.000653,0.000714,0.000723,0.000705,0.000495,0.000642,0.000697,0.000721,0.000740,0.000708,0.000655,0.000496,0.000508,0.000612,0.000545,0.000561,0.000698,0.000728,0.000675,0.000643,0.000626
-0.006540,-0.006908,-0.003932,-0.000613,0.002692,0.006322,0.004453,0.002797,0.000467,-0.003238,-0.001865,-0.002830,-0.005995,-0.010853,-0.015633,-0.018286,-0.019961,-0.021253,-0.023933,-0.027435,-0.030537,-0.030641,-0.035198,-0.035097,-0.035262,-0.035561,-0.035504,-0.034782,-0.036121,-0.038801,-0.041295,-0.043497,-0.046989,-0.051194,-0.052815,-0.062410,-0.058643,-0.057063,-0.058892,-0.057949,-0.051136,0.007033,0.017818,0.022283,0.024573,0.023744,0.020913,0.016962,0.013077,0.014120,0.015684,0.014859,0.012035,0.004754,-0.004978,-0.013825,-0.019509,-0.023540,-0.024977,-0.024815,-0.024351,-0.021474,-0.017635,-0.006793,0.005450,0.001565,-0.004848,-0.000035,0.025281,0.034776,0.030988,0.027989,0.023430,0.021534,0.021223,0.021136,0.019902,0.019805,0.019451,0.022440,0.026033,0.027513,0.030154,0.035112,0.037026,0.035415,0.034550,0.034197,0.034572,0.036115,0.036587,0.037449,0.039867,0.037026,0.035356,0.036578,0.032962,0.029464,0.026232,0.027152,0.021136,0.018511,0.015313,0.018519,0.018600,0.017173,0.017606,0.017241,0.016393,0.015963,0.015684,0.014714,0.014840,0.014432,0.016704,0.016044,0.015968,0.014673,0.012427,0.011227,0.011200,0.011935,0.012144,0.010881,0.023199,-0.002224,0.013669,-0.001636,0.026415,-0.000885,0.012398,0.015344,-0.003059,0.014745,0.018879,0.013197,0.010576,0.006094,0.003888,0.022886,-0.002575,-0.004245,0.002434,0.001527,0.021480,-0.006535,-0.007336,0.013667,0.021592,0.021242,0.020130,0.009138,0.025443,0.045620,0.015477,0.004999,-0.003252,-0.022294,-0.005555,-0.003779,-0.000897,0.000373,0.014257,-0.002327,-0.016010,-0.001030,0.001413,0.000536,0.001435,-0.002094,-0.001350,0.005519,0.008756,-0.021448,-0.003823,-0.004846,-0.006508,-0.005568,-0.004880,-0.005281,-0.004775,-0.003693,-0.004165,-0.005486,-0.006859,-0.008404,-0.011372,-0.011341,-0.011458,-0.012132,-0.014243,-0.016487,-0.018507,-0.020079,-0.020956,-0.021512,-0.022495,-0.022053,-0.018798,-0.016420,-0.014509,-0.014567,-0.010866,-0.003191,0.006995,0.011939,0.008045,0.009735,0.008263,0.009888,0.011763,0.011032,0.008886,0.007449,0.006670,0.005400,0.000130,0.000199,-0.000556,-0.001829,-0.003370,-0.005934,-0.011281,-0.011124,-0.011585,-0.012731,-0.013812,-0.013117,-0.013557,-0.015043,-0.015343,-0.014547,-0.015182,-0.013853,-0.015843,-0.014123,-0.012240,-0.010662,-0.008399,-0.005356,-0.004481,-0.008652,-0.012424,-0.011785,-0.013901,-0.016932,-0.016201,-0.014433,-0.012201,-0.008869,89.888620,89.872485,89.862893,89.865796,89.877457,89.905915,89.916087,89.926405,89.937242,89.927528,89.927646,89.923810,89.922823,89.924408,89.925726,89.926979,89.929204,89.928607,89.924635,89.923862,89.929912,89.946509,89.936173,89.937018,89.942680,89.950272,89.954394,89.950985,89.947020,89.954051,89.968275,89.975974,89.968384,89.956030,89.962590,89.928870,89.910436,89.902859,89.902895,89.913211,89.955334,90.254045,90.430031,90.509118,90.524198,90.505251,90.463696,90.404885,90.341332,90.298553,90.279698,90.287634,90.328865,90.373762,90.402023,90.417979,90.427168,90.420734,90.403588,90.372168,90.329193,90.286407,90.221263,90.201587,90.268883,90.284653,90.189088,90.020268,89.948851,89.933605,89.917654,89.908367,89.882602,89.849313,89.826341,89.816779,89.816579,89.825655,89.826682,89.831755,89.848297,89.857734,89.868006,89.893584,89.927419,89.934079,89.934894,89.932837,89.935008,89.939692,89.944301,89.954270,89.986629,89.982068,89.952995,89.943627,89.929872,89.917706,89.907646,89.920362,89.908899,89.888438,89.851445,89.845036,89.850032,89.853552,89.858833,89.864512,89.873078,89.882791,89.895829,89.905495,89.917631,89.925929,89.947655,89.948061,89.947303,89.952343,89.955580,89.956845,89.962922,89.975524,89.995603,90.009900,90.122682,90.054734,90.082162,90.039499,90.174867,90.133095,90.159719,90.156395,90.001326,89.989463,89.980668,89.986060,89.996822,90.001459,89.999607,90.132037,90.053704,89.992069,90.002277,89.996065,90.153475,90.112992,90.066215,90.117316,90.148361,90.145509,90.113689,89.993071,89.996001,90.141282,90.104606,90.112920,90.128964,89.997705,89.975084,90.015398,90.014792,90.004443,90.104925,90.117542,89.986667,89.991046,89.988685,89.978878,89.991808,89.985044,89.962944,90.002761,90.115936,90.000163,89.997504,89.995724,89.989301,89.989198,89.990461,89.997069,90.001339,89.997616,89.984982,89.972005,89.962971,89.955306,89.948037,89.939979,89.936950,89.943795,89.958320,89.974224,89.987819,89.996662,90.001196,89.999534,89.993036,89.987254,89.993872,89.988127,89.979996,89.976786,89.971258,89.921967,89.914842,89.944824,89.939053,89.923472,89.898191,89.900369,89.910348,89.913617,89.918977,89.930438,89.936059,89.935255,89.917679,89.915113,89.909057,89.903858,89.907637,89.916885,89.901731,89.901139,89.912588,89.926288,89.931372,89.936708,89.949277,89.958011,89.959142,89.958779,89.958076,89.973662,89.967460,89.960826,89.950269,89.939389,89.935389,89.941814,89.953846,89.947299,89.929897,89.931548,89.926803,89.902880,89.889609,89.889888,89.892238,89.892580,0.000642,0.000827,0.000933,0.000912,0.000819,0.000541,0.000539,0.000521,0.000495,0.000708,0.000716,0.000728,0.000741,0.000753,0.000759,0.000756,0.000748,0.000743,0.000744,0.000724,0.000712,0.000619,0.000852,0.000896,0.000882,0.000877,0.000913,0.000958,0.000984,0.000962,0.000919,0.000877,0.000871,0.000890,0.000756,0.001151,0.001213,0.001232,0.001257,0.001271,0.001260,0.001249,0.001227,0.001194,0.001157,0.001106,0.001034,0.000945,0.000877,0.000830,0.000808,0.000827,0.000874,0.000949,0.001038,0.001123,0.001179,0.001203,0.001224,0.001248,0.001279,0.001305,0.001342,0.001318,0.001231,0.001257,0.001256,0.001145,0.001005,0.000987,0.001133,0.001167,0.001200,0.001205,0.001195,0.001156,0.001089,0.000961,0.000998,0.001024,0.000916,0.000977,0.001141,0.001147,0.000961,0.000969,0.000950,0.000930,0.000919,0.000926,0.000949,0.000956,0.000679,0.000760,0.000995,0.000941,0.000964,0.000992,0.000994,0.000703,0.000699,0.000735,0.001018,0.001003,0.000906,0.000851,0.000791,0.000761,0.000737,0.000713,0.000668,0.000716,0.000724,0.000722,0.000463,0.000420,0.000413,0.000395,0.000410,0.000438,0.000456,0.000465,0.000433,0.000420,0.000471,0.000819,0.000523,0.000601,0.000557,0.000747,0.000771,0.000652,0.000683,0.000522,0.000598,0.000551,0.000563,0.000574,0.000572,0.000507,0.000423,0.000435,0.000631,0.000650,0.000592,0.000659,0.000854,0.000873,0.000847,0.000775,0.000628,0.000637,0.000611,0.000393,0.000361,0.000468,0.000381,0.000420,0.000405,0.000409,0.000454,0.000376,0.000396,0.000433,0.000400,0.000426,0.000423,0.000419,0.000431,0.000469,0.000473,0.000369,0.000290,0.000291,0.000297,0.000319,0.000412,0.000430,0.000478,0.000506,0.000504,0.000488,0.000504,0.000530,0.000535,0.000517,0.000485,0.000453,0.000446,0.000464,0.000488,0.000480,0.000450,0.000438,0.000438,0.000440,0.000440,0.000436,0.000426,0.000419,0.000414,0.000385,0.000414,0.000648,0.000716,0.000330,0.000306,0.000328,0.000471,0.000457,0.000380,0.000353,0.000368,0.000369,0.000366,0.000353,0.000555,0.000576,0.000650,0.000756,0.000749,0.000560,0.000640,0.000659,0.000669,0.000649,0.000663,0.000672,0.000631,0.000647,0.000700,0.000702,0.000710,0.000550,0.000664,0.000690,0.000685,0.000699,0.000700,0.000635,0.000469,0.000464,0.000601,0.000581,0.000603,0.000748,0.000748,0.000676,0.000635,0.000613
-0.005336,-0.005622,-0.003147,0.000322,0.003106,0.006734,0.003648,0.002857,0.000937,-0.002170,-0.001270,-0.003652,-0.007426,-0.011763,-0.014999,-0.016968,-0.017848,-0.020279,-0.024636,-0.027730,-0.030186,-0.030558,-0.035752,-0.035914,-0.035258,-0.035247,-0.035671,-0.035831,-0.036644,-0.038883,-0.041636,-0.044171,-0.047123,-0.049716,-0.051174,-0.061202,-0.060309,-0.057864,-0.059093,-0.059978,-0.051254,0.006427,0.018183,0.022117,0.022798,0.022224,0.019646,0.015850,0.013113,0.014325,0.015989,0.014744,0.012337,0.004458,-0.004700,-0.013231,-0.019781,-0.023890,-0.024685,-0.023932,-0.024626,-0.022647,-0.016036,-0.006794,0.005622,0.002135,-0.004225,-0.002643,0.024425,0.033157,0.030790,0.029313,0.024965,0.021699,0.021168,0.022099,0.021451,0.020108,0.019286,0.022831,0.024601,0.026671,0.029467,0.034789,0.037203,0.034781,0.034210,0.034282,0.035716,0.037068,0.038055,0.038421,0.039653,0.036139,0.035840,0.037295,0.034218,0.030459,0.026015,0.027855,0.020944,0.020234,0.016448,0.018194,0.017647,0.016675,0.017395,0.016852,0.017157,0.016452,0.014865,0.014156,0.014597,0.014342,0.014902,0.012453,0.013392,0.014289,0.014022,0.013529,0.012439,0.011111,0.011536,0.011798,0.023133,-0.002182,0.012695,-0.000091,0.026534,-0.001753,0.014773,0.014859,-0.002541,0.013318,0.017568,0.013698,0.011068,0.006785,0.004508,0.023708,-0.003915,-0.002488,0.001839,0.001853,0.020931,-0.005583,-0.004077,0.012775,0.021790,0.022239,0.020283,0.010590,0.024741,0.045135,0.015186,0.004581,-0.001988,-0.021161,-0.004141,-0.003020,-0.005041,-0.000793,0.014251,-0.003316,-0.015434,-0.000010,0.001157,0.001720,-0.000043,-0.001698,-0.001744,0.004848,0.010824,-0.020815,-0.005051,-0.003511,-0.004154,-0.003189,-0.004193,-0.004338,-0.004508,-0.004054,-0.003694,-0.005537,-0.007103,-0.008273,-0.010290,-0.010977,-0.011378,-0.012896,-0.016160,-0.018266,-0.019035,-0.020338,-0.020979,-0.022644,-0.022066,-0.021116,-0.019656,-0.016152,-0.014981,-0.015065,-0.009520,-0.001917,0.006025,0.011741,0.008388,0.009637,0.007543,0.010834,0.012445,0.011881,0.010502,0.008409,0.005671,0.004052,0.000835,0.001639,-0.000977,-0.003385,-0.004891,-0.006560,-0.011408,-0.010963,-0.011622,-0.013884,-0.015798,-0.013679,-0.012335,-0.013934,-0.015423,-0.015729,-0.015042,-0.012810,-0.014515,-0.013395,-0.011969,-0.010471,-0.007212,-0.003606,-0.003667,-0.008598,-0.011114,-0.010454,-0.012923,-0.016232,-0.014780,-0.013337,-0.011934,-0.008507,89.887719,89.872658,89.866459,89.873235,89.885323,89.907589,89.903244,89.911189,89.927185,89.921252,89.918214,89.914941,89.917771,89.922324,89.921081,89.916851,89.922134,89.933132,89.936067,89.931185,89.929484,89.940924,89.930911,89.933421,89.946615,89.958618,89.964640,89.962575,89.962586,89.965746,89.971871,89.974277,89.967065,89.954783,89.960510,89.931717,89.915593,89.909454,89.915414,89.919077,89.953427,90.247983,90.414570,90.496222,90.512394,90.493082,90.460206,90.406494,90.339705,90.297196,90.284599,90.285786,90.324684,90.373008,90.405621,90.423693,90.431137,90.413839,90.390992,90.370206,90.331505,90.262067,90.218742,90.210716,90.250619,90.276003,90.195697,90.014647,89.939967,89.932168,89.914258,89.894675,89.874501,89.851892,89.828995,89.812433,89.810574,89.821037,89.825641,89.839309,89.853322,89.856441,89.855984,89.880585,89.915899,89.927068,89.935505,89.939315,89.939123,89.941678,89.953947,89.968450,89.988994,89.973443,89.944490,89.935770,89.921013,89.907347,89.895379,89.920408,89.906873,89.891206,89.858074,89.854613,89.856751,89.854282,89.860840,89.870236,89.882334,89.889114,89.893798,89.895191,89.901673,89.912408,89.939514,89.943682,89.947793,89.954513,89.956493,89.957563,89.965030,89.977321,89.994226,90.004852,90.115436,90.071914,90.057699,90.011178,90.185742,90.138795,90.154801,90.147183,90.006779,89.967981,89.977112,89.990155,89.999253,89.999281,90.013017,90.161655,90.043844,90.012549,90.007157,90.000904,90.163517,90.126973,90.073177,90.114548,90.163646,90.154937,90.097270,89.992477,89.990397,90.146271,90.134464,90.102499,90.112158,90.004394,89.984902,90.000452,89.994588,90.016336,90.091787,90.127293,90.011853,89.998914,89.983934,89.972367,89.975081,89.987888,89.982131,90.016202,90.142032,90.019876,90.013007,90.010893,89.996477,89.989894,89.986410,89.987795,89.988732,89.983599,89.971650,89.963593,89.962000,89.954368,89.939726,89.928892,89.932270,89.946875,89.960633,89.971430,89.981198,89.984340,89.981925,89.979097,89.984836,89.989527,89.989435,89.991897,89.986864,89.978001,89.957055,89.932689,89.910301,89.931504,89.920650,89.911272,89.891562,89.902571,89.915735,89.918636,89.921796,89.926207,89.925338,89.925342,89.909231,89.908692,89.903771,89.905087,89.916476,89.924824,89.900206,89.892577,89.906501,89.927984,89.935430,89.937981,89.947164,89.951645,89.949617,89.948817,89.953726,89.972455,89.969267,89.962592,89.954753,89.945416,89.941075,89.946901,89.954074,89.944982,89.931990,89.933811,89.928332,89.906419,89.898799,89.900462,89.898405,89.893219,0.000611,0.000795,0.000913,0.000916,0.000839,0.000518,0.000538,0.000511,0.000473,0.000649,0.000671,0.000681,0.000703,0.000736,0.000769,0.000783,0.000782,0.000779,0.000772,0.000745,0.000691,0.000550,0.000741,0.000845,0.000878,0.000908,0.000933,0.000956,0.000929,0.000911,0.000901,0.000872,0.000887,0.000908,0.000745,0.001066,0.001155,0.001191,0.001207,0.001208,0.001212,0.001209,0.001206,0.001199,0.001163,0.001095,0.001018,0.000949,0.000908,0.000903,0.000908,0.000902,0.000900,0.000939,0.001006,0.001079,0.001131,0.001152,0.001179,0.001202,0.001222,0.001247,0.001274,0.001267,0.001201,0.001190,0.001142,0.001039,0.001053,0.001036,0.001166,0.001218,0.001221,0.001212,0.001210,0.001194,0.001121,0.000973,0.000959,0.000903,0.000865,0.000931,0.001108,0.001064,0.000893,0.000950,0.000965,0.000970,0.000954,0.000938,0.000906,0.000874,0.000638,0.000742,0.000983,0.000942,0.000910,0.000906,0.001008,0.000662,0.000715,0.000721,0.001021,0.000991,0.000878,0.000856,0.000812,0.000799,0.000759,0.000740,0.000713,0.000736,0.000735,0.000699,0.000443,0.000430,0.000410,0.000390,0.000422,0.000447,0.000435,0.000418,0.000390,0.000391,0.000443,0.000839,0.000495,0.000546,0.000766,0.000921,0.000868,0.000729,0.000772,0.000668,0.000667,0.000582,0.000556,0.000547,0.000518,0.000685,0.000352,0.000500,0.000594,0.000625,0.000581,0.000684,0.000775,0.000833,0.000794,0.000707,0.000603,0.000642,0.000654,0.000249,0.000428,0.000326,0.000351,0.000454,0.000462,0.000403,0.000373,0.000400,0.000424,0.000500,0.000451,0.000448,0.000455,0.000450,0.000451,0.000440,0.000412,0.000328,0.000264,0.000285,0.000296,0.000316,0.000417,0.000440,0.000469,0.000490,0.000501,0.000486,0.000482,0.000500,0.000520,0.000550,0.000561,0.000534,0.000499,0.000470,0.000465,0.000459,0.000438,0.000437,0.000451,0.000448,0.000456,0.000469,0.000464,0.000456,0.000466,0.000449,0.000389,0.000566,0.000666,0.000347,0.000359,0.000313,0.000524,0.000509,0.000425,0.000401,0.000422,0.000421,0.000415,0.000389,0.000628,0.000644,0.000692,0.000754,0.000729,0.000566,0.000661,0.000651,0.000615,0.000578,0.000630,0.000677,0.000646,0.000671,0.000724,0.000722,0.000696,0.000515,0.000585,0.000647,0.000683,0.000695,0.000669,0.000567,0.000438,0.000457,0.000552,0.000547,0.000580,0.000729,0.000735,0.000689,0.000655,0.000610
-0.007794,-0.007070,-0.003712,0.000072,0.001611,0.006367,0.003770,0.003845,0.000831,-0.002505,-0.002676,-0.004179,-0.006742,-0.010901,-0.014427,-0.015915,-0.018285,-0.021965,-0.025105,-0.027260,-0.029538,-0.031060,-0.036120,-0.035023,-0.034668,-0.034595,-0.034552,-0.034671,-0.035672,-0.037677,-0.040635,-0.042747,-0.046166,-0.050131,-0.053093,-0.060852,-0.058791,-0.058517,-0.058712,-0.058621,-0.050167,0.005684,0.018164,0.023586,0.024862,0.023714,0.020789,0.016166,0.013568,0.013899,0.016217,0.016091,0.011659,0.004087,-0.004254,-0.013863,-0.020806,-0.024108,-0.025451,-0.024504,-0.022263,-0.021501,-0.016514,-0.007003,0.005828,0.003301,-0.003372,-0.001509,0.025766,0.035574,0.033261,0.029236,0.024116,0.022130,0.022391,0.022111,0.020332,0.019404,0.020315,0.023316,0.024835,0.026853,0.029528,0.033534,0.035771,0.035644,0.036004,0.036158,0.036304,0.036704,0.037120,0.037319,0.039056,0.035786,0.035321,0.036227,0.033099,0.029199,0.025691,0.026998,0.021462,0.019183,0.015114,0.016823,0.016940,0.016311,0.018336,0.017656,0.016148,0.015658,0.015691,0.015456,0.015467,0.013851,0.015525,0.014583,0.015534,0.015412,0.014356,0.012283,0.010550,0.009590,0.011048,0.010886,0.021770,-0.001247,0.013775,-0.000591,0.027521,-0.001005,0.013029,0.012935,-0.001790,0.015067,0.016505,0.013008,0.011357,0.006596,0.004545,0.021870,-0.002780,-0.002433,-0.000371,0.001904,0.021923,-0.005614,-0.003685,0.012319,0.021411,0.020285,0.021653,0.010522,0.023120,0.044488,0.014867,0.003990,-0.000644,-0.022344,-0.005239,-0.002404,-0.003055,0.000548,0.014490,-0.002502,-0.018355,-0.000579,-0.000910,-0.001100,-0.001531,0.001179,-0.003418,0.005149,0.011790,-0.021795,-0.006447,-0.005376,-0.005446,-0.004449,-0.004422,-0.004587,-0.005337,-0.004923,-0.004298,-0.005148,-0.006736,-0.008627,-0.011916,-0.012098,-0.011040,-0.011816,-0.015486,-0.018610,-0.019265,-0.020226,-0.022163,-0.019692,-0.023440,-0.018421,-0.019449,-0.017285,-0.015335,-0.014359,-0.011500,-0.001964,0.005122,0.011456,0.007473,0.008917,0.009343,0.011172,0.013796,0.013036,0.009369,0.007296,0.006297,0.003778,0.000756,0.000561,-0.000675,-0.003357,-0.005094,-0.005370,-0.009496,-0.010055,-0.011318,-0.012742,-0.014356,-0.014654,-0.014058,-0.014363,-0.015412,-0.016385,-0.015847,-0.012293,-0.014177,-0.013444,-0.011783,-0.008977,-0.006927,-0.004706,-0.004875,-0.009322,-0.012255,-0.010058,-0.012661,-0.016328,-0.015203,-0.013022,-0.011831,-0.009885,89.887894,89.864795,89.850291,89.859594,89.873106,89.902726,89.905102,89.919701,89.931186,89.922423,89.918852,89.919950,89.924691,89.926658,89.922874,89.920806,89.921868,89.920722,89.920335,89.925254,89.936079,89.949307,89.933649,89.932669,89.939343,89.946762,89.950551,89.947969,89.947008,89.956521,89.969664,89.972034,89.959551,89.945932,89.951210,89.931292,89.921020,89.912289,89.909613,89.908443,89.948636,90.263182,90.438337,90.508398,90.517044,90.501433,90.467841,90.402508,90.323591,90.280332,90.261017,90.266740,90.312562,90.362961,90.411609,90.430496,90.418685,90.396643,90.389646,90.375721,90.339622,90.274208,90.227027,90.214697,90.268268,90.296324,90.192018,90.008640,89.952601,89.940396,89.920053,89.897216,89.870609,89.843535,89.825393,89.815616,89.811715,89.814306,89.812759,89.824826,89.844857,89.855692,89.858999,89.880885,89.918311,89.935483,89.944197,89.946029,89.943435,89.944381,89.952067,89.962826,89.984144,89.969161,89.939869,89.931376,89.928515,89.917368,89.899211,89.912652,89.910585,89.895100,89.855236,89.845724,89.853047,89.856913,89.866586,89.875662,89.880990,89.884295,89.890588,89.901038,89.916278,89.927287,89.945615,89.941104,89.941403,89.950938,89.958944,89.961800,89.963612,89.970896,89.993008,90.012608,90.132075,90.045376,90.084352,90.016861,90.176683,90.124303,90.148902,90.149638,90.011985,89.969451,89.987121,89.999686,90.008844,90.004940,90.001250,90.146463,90.043068,90.015760,90.015207,90.008293,90.185758,90.107682,90.080113,90.123584,90.171465,90.138709,90.104836,89.994034,89.990869,90.141264,90.117953,90.107517,90.137859,89.999590,89.977649,89.988954,90.007878,90.011927,90.106836,90.129296,89.998583,89.985679,89.978961,89.972103,89.964931,90.001009,89.979475,90.016461,90.145215,90.012190,90.001794,89.998399,89.993890,89.996137,89.994324,89.992183,89.989645,89.984213,89.976852,89.971654,89.966943,89.957613,89.946022,89.938184,89.939476,89.947769,89.962068,89.978088,89.992929,90.004466,89.998307,90.005128,89.980664,89.988420,89.982487,89.973635,89.971474,89.973622,89.962087,89.924950,89.913272,89.943500,89.931129,89.910450,89.892437,89.899025,89.915196,89.923359,89.928452,89.938363,89.944763,89.937368,89.922661,89.915982,89.912272,89.912762,89.916776,89.922906,89.905730,89.902540,89.907850,89.915926,89.921810,89.930822,89.945779,89.956297,89.959767,89.959756,89.957948,89.970536,89.961351,89.957882,89.954840,89.950314,89.947029,89.948004,89.952829,89.943710,89.925852,89.927814,89.922929,89.901149,89.890467,89.892664,89.897107,89.896604,0.000614,0.000800,0.000946,0.000912,0.000840,0.000490,0.000539,0.000512,0.000510,0.000637,0.000647,0.000659,0.000689,0.000719,0.000743,0.000747,0.000740,0.000739,0.000723,0.000690,0.000648,0.000531,0.000725,0.000758,0.000802,0.000857,0.000860,0.000864,0.000892,0.000901,0.000899,0.000889,0.000903,0.000891,0.000753,0.001011,0.001075,0.001133,0.001166,0.001177,0.001176,0.001167,0.001154,0.001132,0.001112,0.001089,0.001043,0.000967,0.000890,0.000854,0.000842,0.000845,0.000881,0.000946,0.001028,0.001084,0.001110,0.001143,0.001204,0.001234,0.001210,0.001208,0.001212,0.001208,0.001180,0.001207,0.001146,0.001049,0.000929,0.000937,0.001073,0.001147,0.001176,0.001194,0.001188,0.001139,0.001056,0.000938,0.000955,0.000904,0.000810,0.000854,0.001049,0.001075,0.000924,0.000962,0.000995,0.001014,0.001005,0.000969,0.000935,0.000893,0.000627,0.000703,0.000942,0.000984,0.000944,0.000947,0.001015,0.000699,0.000657,0.000729,0.001041,0.000980,0.000821,0.000804,0.000752,0.000699,0.000665,0.000654,0.000677,0.000721,0.000692,0.000641,0.000390,0.000388,0.000385,0.000373,0.000393,0.000416,0.000428,0.000445,0.000422,0.000416,0.000462,0.000970,0.000630,0.000473,0.000575,0.000791,0.000784,0.000648,0.000618,0.000523,0.000532,0.000484,0.000482,0.000489,0.000485,0.000460,0.000496,0.000415,0.000577,0.000599,0.000710,0.000743,0.000823,0.000864,0.000833,0.000800,0.000631,0.000608,0.000596,0.000413,0.000448,0.000398,0.000324,0.000347,0.000385,0.000388,0.000325,0.000280,0.000532,0.000628,0.000385,0.000409,0.000438,0.000438,0.000419,0.000407,0.000384,0.000331,0.000250,0.000266,0.000277,0.000294,0.000363,0.000382,0.000420,0.000439,0.000443,0.000464,0.000498,0.000511,0.000506,0.000512,0.000518,0.000490,0.000455,0.000459,0.000479,0.000486,0.000479,0.000451,0.000417,0.000415,0.000437,0.000454,0.000438,0.000396,0.000364,0.000355,0.000447,0.000611,0.000730,0.000329,0.000309,0.000345,0.000438,0.000456,0.000413,0.000400,0.000417,0.000394,0.000355,0.000413,0.000526,0.000570,0.000646,0.000727,0.000713,0.000534,0.000593,0.000581,0.000594,0.000600,0.000634,0.000646,0.000604,0.000614,0.000666,0.000670,0.000666,0.000498,0.000641,0.000709,0.000723,0.000701,0.000643,0.000547,0.000396,0.000399,0.000528,0.000502,0.000545,0.000689,0.000675,0.000599,0.000566,0.000570
-0.007846,-0.006330,-0.003193,-0.000131,0.001720,0.005476,0.003257,0.003215,0.001716,-0.001041,-0.000508,-0.002904,-0.006370,-0.009946,-0.013455,-0.016130,-0.018852,-0.022066,-0.025013,-0.027374,-0.029252,-0.030158,-0.034853,-0.034671,-0.034643,-0.035126,-0.035470,-0.034765,-0.036009,-0.038978,-0.042375,-0.043943,-0.046134,-0.050298,-0.053342,-0.062707,-0.059532,-0.057363,-0.058021,-0.058652,-0.051125,0.008020,0.019940,0.022484,0.023818,0.023506,0.021119,0.016968,0.012408,0.012020,0.016300,0.016050,0.013226,0.003756,-0.005319,-0.013325,-0.019384,-0.022961,-0.024939,-0.024905,-0.023664,-0.022834,-0.017447,-0.005996,0.006287,0.000300,-0.005538,-0.002023,0.026349,0.033051,0.031398,0.030561,0.026216,0.021841,0.020418,0.020539,0.020372,0.020567,0.020087,0.021835,0.023592,0.026672,0.028877,0.034381,0.037848,0.035553,0.035665,0.036552,0.036938,0.037082,0.037077,0.038358,0.041000,0.037309,0.035726,0.036648,0.032677,0.029151,0.026723,0.028670,0.021143,0.018120,0.014279,0.017611,0.018676,0.016297,0.016566,0.016950,0.017169,0.016578,0.014808,0.014767,0.014972,0.014013,0.015988,0.014279,0.014241,0.014383,0.013441,0.012490,0.012174,0.011647,0.010105,0.010221,0.021312,-0.001669,0.013084,-0.002007,0.028359,-0.001471,0.012057,0.015364,-0.001961,0.014620,0.016817,0.013512,0.010314,0.005336,0.004557,0.024967,-0.005377,-0.003663,0.002210,0.001355,0.021014,-0.005585,-0.005036,0.011166,0.021783,0.022736,0.020904,0.009012,0.023946,0.044112,0.013098,0.002653,-0.001103,-0.021917,-0.004310,-0.001415,-0.002776,-0.000284,0.014260,-0.000997,-0.019707,0.000020,-0.000491,0.000185,-0.000925,-0.001113,-0.003477,0.007176,0.009804,-0.022130,-0.005068,-0.004003,-0.003994,-0.004717,-0.005277,-0.005274,-0.005021,-0.004690,-0.004614,-0.007085,-0.008365,-0.009149,-0.011297,-0.011021,-0.010231,-0.011107,-0.013886,-0.016250,-0.016398,-0.018065,-0.020992,-0.022604,-0.023375,-0.021142,-0.018006,-0.015670,-0.016172,-0.016050,-0.010015,-0.002579,0.005192,0.011723,0.008193,0.009561,0.009937,0.012047,0.013176,0.011843,0.009241,0.007953,0.006065,0.004732,0.000947,0.001117,-0.001389,-0.003623,-0.004473,-0.005609,-0.009671,-0.009914,-0.010870,-0.012110,-0.013997,-0.013402,-0.012612,-0.013465,-0.015373,-0.016012,-0.015417,-0.012210,-0.013958,-0.013843,-0.012704,-0.010903,-0.007865,-0.005105,-0.005109,-0.008737,-0.010397,-0.009391,-0.012757,-0.016551,-0.014940,-0.012290,-0.011953,-0.010837,89.895335,89.882203,89.873712,89.878277,89.888183,89.911857,89.910384,89.920401,89.934946,89.928034,89.923723,89.918687,89.915534,89.915259,89.914457,89.913676,89.915423,89.919908,89.924584,89.927000,89.929912,89.945138,89.937803,89.938165,89.946221,89.955758,89.959621,89.958303,89.959538,89.964703,89.973017,89.976184,89.969709,89.956391,89.958386,89.926024,89.908079,89.898627,89.898405,89.903577,89.949036,90.251617,90.433511,90.502918,90.510525,90.497071,90.472397,90.420315,90.342154,90.282049,90.265023,90.282839,90.327535,90.364934,90.409099,90.430190,90.427912,90.416775,90.403147,90.374150,90.335865,90.282410,90.232845,90.213032,90.261220,90.278228,90.195027,90.014133,89.952544,89.938390,89.916071,89.897552,89.871381,89.841911,89.822544,89.815824,89.816087,89.824352,89.824236,89.833970,89.849180,89.862820,89.863578,89.884665,89.922251,89.935736,89.941073,89.942840,89.943591,89.948904,89.960075,89.970993,89.993464,89.980569,89.952027,89.941143,89.924867,89.911527,89.897430,89.911083,89.901880,89.895060,89.864954,89.855779,89.858916,89.859512,89.870800,89.880634,89.883914,89.884707,89.889392,89.900324,89.913525,89.919858,89.941854,89.945508,89.953098,89.957765,89.954725,89.949706,89.954024,89.968049,89.985942,89.994875,90.112949,90.052053,90.079991,90.010458,90.178208,90.130782,90.162727,90.161737,90.015172,89.979832,89.982419,89.989989,90.001603,90.002781,90.008018,90.165946,90.048619,90.008009,90.007893,90.012583,90.183531,90.125006,90.070075,90.099905,90.161944,90.151526,90.099246,89.994276,89.990551,90.129623,90.131129,90.108916,90.133711,90.008266,89.977882,90.009358,90.019331,90.003442,90.114609,90.121538,90.000682,89.984522,89.968690,89.963560,89.973579,89.985711,89.960378,90.006439,90.138143,90.012055,90.005726,89.999432,89.990551,89.988927,89.991993,89.994830,89.992500,89.984538,89.971387,89.961367,89.959020,89.954836,89.944130,89.934324,89.937008,89.950181,89.964082,89.976386,89.989852,89.998042,89.995239,89.988989,89.988260,89.988980,89.987155,89.986679,89.987658,89.980268,89.954991,89.916555,89.908518,89.944230,89.933562,89.921358,89.908364,89.918076,89.927955,89.924011,89.915634,89.917425,89.922922,89.926806,89.915470,89.911950,89.907352,89.906926,89.911811,89.913144,89.894727,89.893876,89.908659,89.928303,89.937868,89.942854,89.951419,89.956175,89.956876,89.958705,89.961465,89.974244,89.964412,89.958561,89.953608,89.945669,89.942032,89.945140,89.951173,89.939910,89.920836,89.923036,89.923671,89.905347,89.890825,89.890349,89.893468,89.896146,0.000628,0.000818,0.000961,0.000951,0.000848,0.000509,0.000523,0.000480,0.000447,0.000638,0.000685,0.000691,0.000696,0.000705,0.000718,0.000723,0.000710,0.000686,0.000665,0.000654,0.000668,0.000569,0.000759,0.000844,0.000871,0.000894,0.000931,0.000937,0.000916,0.000901,0.000886,0.000848,0.000832,0.000859,0.000747,0.001109,0.001211,0.001250,0.001245,0.001222,0.001206,0.001219,0.001222,0.001180,0.001113,0.001064,0.001029,0.000971,0.000906,0.000864,0.000848,0.000867,0.000872,0.000917,0.000985,0.001050,0.001106,0.001169,0.001234,0.001261,0.001244,0.001242,0.001251,0.001228,0.001173,0.001184,0.001148,0.001030,0.000957,0.000980,0.001131,0.001170,0.001194,0.001225,0.001246,0.001216,0.001118,0.000929,0.000921,0.000885,0.000855,0.000890,0.001118,0.001105,0.000878,0.000897,0.000927,0.000947,0.000959,0.000954,0.000910,0.000872,0.000619,0.000706,0.000909,0.000865,0.000891,0.000909,0.000937,0.000613,0.000640,0.000632,0.000932,0.000969,0.000871,0.000853,0.000772,0.000728,0.000723,0.000692,0.000659,0.000661,0.000652,0.000662,0.000427,0.000444,0.000421,0.000404,0.000430,0.000458,0.000462,0.000462,0.000432,0.000408,0.000437,0.000827,0.000498,0.000545,0.000608,0.000801,0.000806,0.000716,0.000717,0.000644,0.000578,0.000535,0.000522,0.000507,0.000475,0.000540,0.000386,0.000442,0.000587,0.000575,0.000630,0.000747,0.000866,0.000890,0.000820,0.000691,0.000591,0.000616,0.000570,0.000225,0.000321,0.000284,0.000330,0.000378,0.000378,0.000448,0.000441,0.000438,0.000441,0.000357,0.000324,0.000375,0.000382,0.000362,0.000386,0.000423,0.000424,0.000350,0.000277,0.000284,0.000284,0.000300,0.000403,0.000426,0.000428,0.000437,0.000480,0.000518,0.000543,0.000535,0.000500,0.000478,0.000470,0.000458,0.000450,0.000439,0.000437,0.000434,0.000424,0.000426,0.000430,0.000410,0.000393,0.000383,0.000370,0.000363,0.000370,0.000367,0.000444,0.000655,0.000739,0.000290,0.000314,0.000313,0.000432,0.000426,0.000365,0.000352,0.000384,0.000377,0.000349,0.000343,0.000530,0.000583,0.000645,0.000682,0.000619,0.000471,0.000569,0.000613,0.000629,0.000596,0.000605,0.000616,0.000575,0.000583,0.000616,0.000623,0.000619,0.000453,0.000556,0.000606,0.000630,0.000660,0.000632,0.000547,0.000404,0.000409,0.000517,0.000489,0.000519,0.000654,0.000691,0.000639,0.000621,0.000605
-0.007110,-0.005983,-0.002368,0.000682,0.001688,0.005693,0.003891,0.003480,0.000272,-0.003421,-0.002451,-0.004023,-0.007224,-0.010757,-0.013932,-0.016811,-0.019229,-0.021759,-0.024927,-0.027842,-0.030072,-0.030735,-0.036288,-0.034914,-0.033752,-0.034509,-0.034612,-0.034374,-0.035076,-0.037523,-0.041043,-0.044119,-0.047924,-0.051824,-0.052963,-0.063538,-0.060419,-0.058393,-0.057650,-0.057835,-0.050062,0.006562,0.018627,0.022592,0.024078,0.023784,0.021661,0.017865,0.014164,0.014217,0.016792,0.015517,0.011482,0.003641,-0.005403,-0.013376,-0.019704,-0.023313,-0.024482,-0.023759,-0.022960,-0.020079,-0.017651,-0.008759,0.006691,0.000904,-0.005900,-0.001973,0.026483,0.034843,0.031072,0.029125,0.026257,0.022909,0.020494,0.020109,0.020521,0.020258,0.019170,0.021728,0.025223,0.026895,0.029398,0.035443,0.037037,0.035388,0.035002,0.035426,0.036454,0.036988,0.037413,0.038182,0.040251,0.036843,0.035130,0.036195,0.033594,0.030152,0.025270,0.026928,0.021377,0.018044,0.013562,0.016707,0.018658,0.017041,0.017194,0.016999,0.017952,0.017291,0.015147,0.014181,0.013408,0.012203,0.014538,0.014429,0.014796,0.014543,0.013060,0.011691,0.011128,0.011618,0.011706,0.009797,0.021435,-0.000738,0.014553,-0.001837,0.027811,-0.000814,0.012873,0.014717,-0.001319,0.015238,0.016507,0.012201,0.009281,0.006417,0.004484,0.024175,-0.001662,-0.003190,0.000428,0.000750,0.020786,-0.007486,-0.006649,0.013597,0.022170,0.018737,0.019408,0.009935,0.025406,0.044895,0.013968,0.003765,0.000442,-0.021932,-0.008700,-0.002000,-0.002774,-0.000069,0.013292,-0.001285,-0.017150,-0.000723,0.000648,-0.000760,-0.000026,-0.000669,-0.001369,0.006034,0.009141,-0.021568,-0.005221,-0.004391,-0.005583,-0.003525,-0.003815,-0.003888,-0.004356,-0.004830,-0.004398,-0.005479,-0.006781,-0.008220,-0.010628,-0.010930,-0.011681,-0.012631,-0.015178,-0.017683,-0.018902,-0.020052,-0.022262,-0.020731,-0.021427,-0.021026,-0.019918,-0.015442,-0.015132,-0.014684,-0.009635,-0.001753,0.005095,0.010990,0.008056,0.008669,0.008778,0.010294,0.012182,0.011550,0.009378,0.007664,0.006784,0.005188,0.000673,0.000829,-0.001329,-0.003267,-0.004498,-0.005636,-0.010050,-0.010286,-0.010729,-0.011615,-0.012959,-0.013114,-0.013267,-0.013766,-0.014175,-0.014594,-0.016012,-0.014526,-0.015500,-0.013548,-0.012101,-0.010951,-0.007887,-0.004652,-0.005052,-0.008253,-0.010107,-0.010975,-0.014602,-0.016603,-0.013439,-0.010968,-0.010821,-0.009205,89.878371,89.871393,89.872727,89.881431,89.885832,89.907333,89.906414,89.923850,89.943110,89.932526,89.920038,89.910229,89.912178,89.919519,89.921567,89.919315,89.922447,89.929258,89.933621,89.936314,89.939016,89.950051,89.935208,89.933755,89.938528,89.944173,89.950272,89.952036,89.953107,89.958161,89.967996,89.972425,89.965328,89.955849,89.968001,89.931155,89.912638,89.898791,89.890516,89.910724,89.961951,90.261976,90.427073,90.509607,90.516324,90.495500,90.462871,90.412155,90.342369,90.297073,90.268435,90.264761,90.322216,90.386440,90.414314,90.428872,90.431637,90.410639,90.387704,90.363073,90.324121,90.284817,90.231296,90.207477,90.262575,90.281663,90.187761,89.999182,89.946594,89.928113,89.908720,89.892983,89.866281,89.836048,89.815830,89.807221,89.807090,89.812569,89.815473,89.834420,89.866959,89.879462,89.874557,89.894107,89.923036,89.931130,89.934981,89.934417,89.934758,89.939168,89.948364,89.961776,89.987685,89.975838,89.949337,89.939710,89.925340,89.911521,89.895779,89.911515,89.907367,89.895027,89.861786,89.853735,89.858894,89.859258,89.863947,89.870204,89.881969,89.895946,89.905761,89.913834,89.924402,89.932534,89.947839,89.945725,89.950661,89.960754,89.962167,89.960880,89.966696,89.977985,89.988752,89.999626,90.107043,90.055543,90.084523,90.017196,90.172384,90.147323,90.172840,90.167725,90.009823,89.980290,89.983692,89.993143,90.001396,90.002097,90.004671,90.148051,90.023861,90.010377,90.003619,90.010389,90.186413,90.122555,90.072000,90.127634,90.179340,90.147310,90.106462,89.994860,89.991129,90.134171,90.120240,90.099775,90.149026,90.007841,89.990990,89.984110,89.996516,90.025536,90.114462,90.132624,89.997440,89.973081,89.970685,89.969743,89.972760,89.977289,89.960134,90.011521,90.141701,90.008706,90.002849,89.999649,89.988525,89.989158,89.993661,89.999143,89.998935,89.989965,89.974477,89.964016,89.959204,89.952541,89.942062,89.935928,89.938648,89.948364,89.962535,89.976142,89.988024,89.995638,89.997148,89.994102,89.993619,89.993257,89.983130,89.981502,89.988467,89.988716,89.964569,89.923903,89.909197,89.935068,89.932313,89.924246,89.908537,89.908667,89.917624,89.920830,89.921751,89.925125,89.927609,89.930956,89.918891,89.919294,89.909498,89.897943,89.897703,89.906166,89.891962,89.888169,89.897901,89.915416,89.925630,89.935727,89.951988,89.960446,89.956958,89.952361,89.954667,89.974822,89.968392,89.960873,89.953383,89.945140,89.945993,89.958439,89.967569,89.952299,89.928042,89.925822,89.925233,89.908125,89.899864,89.903872,89.898777,89.886634,0.000684,0.000831,0.000926,0.000887,0.000820,0.000488,0.000551,0.000525,0.000510,0.000692,0.000710,0.000731,0.000772,0.000827,0.000866,0.000845,0.000774,0.000722,0.000719,0.000709,0.000688,0.000582,0.000831,0.000915,0.000939,0.000969,0.000962,0.000948,0.000934,0.000930,0.000932,0.000941,0.000960,0.000955,0.000735,0.001178,0.001246,0.001235,0.001208,0.001205,0.001232,0.001262,0.001264,0.001232,0.001162,0.001100,0.001051,0.001006,0.000965,0.000967,0.000936,0.000924,0.000963,0.001019,0.001055,0.001088,0.001124,0.001153,0.001194,0.001225,0.001244,0.001241,0.001266,0.001266,0.001218,0.001273,0.001260,0.001114,0.001028,0.001015,0.001186,0.001243,0.001270,0.001272,0.001268,0.001230,0.001134,0.000984,0.000999,0.001020,0.000920,0.000998,0.001228,0.001147,0.000949,0.000969,0.000990,0.001027,0.001034,0.001007,0.000989,0.000939,0.000651,0.000759,0.001018,0.001016,0.001019,0.001018,0.001059,0.000744,0.000715,0.000728,0.000979,0.000962,0.000850,0.000856,0.000818,0.000815,0.000806,0.000770,0.000754,0.000776,0.000762,0.000706,0.000462,0.000460,0.000470,0.000457,0.000483,0.000496,0.000487,0.000488,0.000454,0.000433,0.000439,0.000823,0.000580,0.000614,0.000688,0.000816,0.000773,0.000705,0.000664,0.000552,0.000649,0.000578,0.000562,0.000541,0.000542,0.000572,0.000552,0.000459,0.000654,0.000676,0.000850,0.000734,0.000841,0.000892,0.000889,0.000836,0.000639,0.000611,0.000607,0.000282,0.000342,0.000409,0.000445,0.000470,0.000488,0.000375,0.000417,0.000344,0.000424,0.000505,0.000409,0.000448,0.000497,0.000475,0.000451,0.000448,0.000453,0.000385,0.000302,0.000306,0.000305,0.000326,0.000437,0.000449,0.000448,0.000447,0.000454,0.000467,0.000510,0.000555,0.000570,0.000577,0.000577,0.000549,0.000531,0.000516,0.000493,0.000461,0.000431,0.000420,0.000424,0.000429,0.000449,0.000476,0.000483,0.000475,0.000477,0.000461,0.000487,0.000749,0.000753,0.000377,0.000301,0.000333,0.000450,0.000472,0.000426,0.000418,0.000445,0.000446,0.000428,0.000406,0.000608,0.000603,0.000676,0.000779,0.000774,0.000588,0.000669,0.000722,0.000760,0.000736,0.000749,0.000751,0.000687,0.000694,0.000755,0.000755,0.000717,0.000478,0.000581,0.000665,0.000709,0.000732,0.000677,0.000554,0.000415,0.000438,0.000565,0.000562,0.000589,0.000733,0.000771,0.000710,0.000688,0.000669
-0.006299,-0.006424,-0.003176,0.000369,0.002770,0.006848,0.004074,0.003543,0.001496,-0.002066,-0.001654,-0.003455,-0.006355,-0.010351,-0.014069,-0.016875,-0.019013,-0.021410,-0.024333,-0.027225,-0.028783,-0.028823,-0.033984,-0.034768,-0.034849,-0.034342,-0.034311,-0.034400,-0.035669,-0.037687,-0.041123,-0.044350,-0.046976,-0.050242,-0.053979,-0.063477,-0.059101,-0.056545,-0.057652,-0.058362,-0.051920,0.005739,0.019257,0.024065,0.023577,0.022066,0.021039,0.018230,0.013197,0.013459,0.015249,0.015513,0.013206,0.004974,-0.004394,-0.012310,-0.019214,-0.023373,-0.024589,-0.023655,-0.023185,-0.022076,-0.017589,-0.005740,0.005339,0.000141,-0.005305,-0.001546,0.027149,0.033364,0.029944,0.028051,0.024477,0.021596,0.021265,0.022863,0.021675,0.019546,0.018667,0.023549,0.025344,0.025768,0.027434,0.033555,0.036414,0.035178,0.035096,0.035552,0.036089,0.036327,0.036339,0.037714,0.040946,0.037988,0.035347,0.035562,0.032484,0.030261,0.026052,0.026977,0.020373,0.018291,0.014507,0.016481,0.017869,0.016417,0.017656,0.017503,0.017216,0.016728,0.015369,0.014995,0.014464,0.012415,0.015441,0.014801,0.014881,0.014170,0.012702,0.011892,0.011000,0.009983,0.009022,0.010902,0.022699,-0.001105,0.014289,0.000779,0.027244,-0.001677,0.011298,0.014421,-0.000714,0.015413,0.018213,0.013484,0.010109,0.007948,0.004108,0.023913,-0.003513,-0.002184,0.001350,0.003285,0.021558,-0.005377,-0.003948,0.010723,0.021409,0.020689,0.020896,0.008382,0.022733,0.043911,0.013389,0.003950,0.000045,-0.022193,-0.004730,-0.003149,-0.002420,-0.000067,0.013481,-0.002744,-0.016942,-0.001030,-0.000156,-0.000553,-0.000448,-0.002033,-0.001805,0.006201,0.007894,-0.022025,-0.005659,-0.005681,-0.006056,-0.004718,-0.003692,-0.004483,-0.004303,-0.005149,-0.004755,-0.005318,-0.006251,-0.008874,-0.011234,-0.010892,-0.010920,-0.012415,-0.015087,-0.017290,-0.018004,-0.019058,-0.020676,-0.021989,-0.022677,-0.022285,-0.020270,-0.018765,-0.016422,-0.015013,-0.009083,-0.002372,0.006363,0.010003,0.007244,0.010578,0.009770,0.011301,0.012800,0.012313,0.011037,0.009306,0.007690,0.004989,0.000004,0.000812,-0.000017,-0.002878,-0.004871,-0.005526,-0.010466,-0.010348,-0.011364,-0.013443,-0.015338,-0.014176,-0.013485,-0.014761,-0.014951,-0.013218,-0.013290,-0.012647,-0.015069,-0.013113,-0.011056,-0.011168,-0.009960,-0.006018,-0.004071,-0.007121,-0.010108,-0.010000,-0.013111,-0.016258,-0.014552,-0.013065,-0.012464,-0.009613,89.890180,89.871836,89.859397,89.863891,89.875985,89.908412,89.914290,89.923493,89.932487,89.924105,89.924064,89.921760,89.922732,89.926048,89.929414,89.929387,89.925264,89.923363,89.927120,89.930635,89.934008,89.943513,89.934033,89.937292,89.946855,89.953999,89.960072,89.962693,89.964709,89.971269,89.978735,89.976848,89.965854,89.957510,89.967228,89.937151,89.920137,89.907559,89.907532,89.911614,89.944652,90.247417,90.432778,90.520862,90.522584,90.492879,90.457927,90.409384,90.332634,90.284153,90.268313,90.277589,90.324103,90.374759,90.408869,90.419412,90.416103,90.409957,90.406517,90.386771,90.332750,90.271623,90.230328,90.223748,90.265697,90.283535,90.189256,90.003648,89.943149,89.926154,89.906578,89.889709,89.870142,89.845380,89.821294,89.808598,89.809116,89.815427,89.815204,89.830770,89.848735,89.853894,89.851029,89.877691,89.919075,89.933363,89.939087,89.937693,89.933950,89.939479,89.957049,89.977622,89.997820,89.983757,89.953507,89.944473,89.929444,89.916308,89.903010,89.917395,89.906734,89.895971,89.868262,89.859082,89.863653,89.861984,89.864987,89.867556,89.874762,89.883524,89.889990,89.895798,89.909993,89.923017,89.951287,89.954673,89.957365,89.960708,89.957745,89.954872,89.960314,89.972090,89.985408,90.002866,90.124963,90.049757,90.058769,90.005007,90.176793,90.165801,90.166006,90.165109,90.019543,89.981675,89.980706,89.993474,89.997202,89.998475,90.002567,90.139973,90.037578,90.018871,90.019270,90.009985,90.174802,90.111347,90.092383,90.126687,90.156039,90.145524,90.112220,89.991516,89.987148,90.137507,90.122273,90.109596,90.123050,90.008097,89.987828,90.016224,90.013733,90.034095,90.081486,90.126980,90.017534,89.984563,89.991197,89.974456,89.973417,89.976931,89.968789,90.023342,90.141211,90.006068,90.000771,89.999184,89.989258,89.986711,89.988646,89.993411,89.996523,89.993410,89.980934,89.969540,89.966784,89.964400,89.952810,89.938510,89.935733,89.949319,89.967915,89.979983,89.986589,89.992323,89.993734,89.988498,89.982163,89.979666,89.988224,89.983376,89.976019,89.973690,89.968634,89.906765,89.907260,89.932900,89.927811,89.917717,89.896844,89.905064,89.916466,89.914507,89.915430,89.925746,89.931411,89.929748,89.911113,89.913163,89.914089,89.906471,89.901959,89.908371,89.895389,89.897969,89.907427,89.921695,89.929926,89.936232,89.948521,89.958118,89.957444,89.950937,89.947798,89.968997,89.969288,89.964839,89.957560,89.951480,89.949153,89.952777,89.960484,89.952386,89.932743,89.929496,89.923432,89.904229,89.896950,89.897775,89.895618,89.892553,0.000643,0.000868,0.000986,0.000940,0.000878,0.000560,0.000570,0.000523,0.000506,0.000694,0.000719,0.000736,0.000740,0.000748,0.000770,0.000794,0.000813,0.000825,0.000809,0.000762,0.000703,0.000608,0.000835,0.000927,0.000938,0.000975,0.000996,0.000991,0.000968,0.000940,0.000920,0.000917,0.000933,0.000911,0.000764,0.001151,0.001229,0.001265,0.001284,0.001250,0.001209,0.001196,0.001197,0.001190,0.001147,0.001095,0.001044,0.000991,0.000945,0.000925,0.000924,0.000939,0.000951,0.000991,0.001048,0.001104,0.001147,0.001180,0.001211,0.001220,0.001218,0.001251,0.001300,0.001302,0.001276,0.001285,0.001213,0.001068,0.001003,0.001036,0.001149,0.001209,0.001238,0.001229,0.001222,0.001192,0.001118,0.001008,0.001029,0.000974,0.000922,0.000988,0.001187,0.001133,0.000938,0.000989,0.000993,0.000987,0.000971,0.000944,0.000919,0.000895,0.000726,0.000808,0.001031,0.000989,0.001009,0.001014,0.001047,0.000710,0.000722,0.000739,0.000984,0.001010,0.000918,0.000920,0.000844,0.000802,0.000774,0.000727,0.000692,0.000706,0.000678,0.000685,0.000421,0.000419,0.000421,0.000407,0.000431,0.000457,0.000467,0.000475,0.000451,0.000435,0.000464,0.000748,0.000585,0.000660,0.000708,0.000832,0.000801,0.000673,0.000663,0.000545,0.000599,0.000521,0.000542,0.000536,0.000490,0.000606,0.000400,0.000425,0.000657,0.000651,0.000678,0.000785,0.000895,0.000902,0.000809,0.000755,0.000583,0.000670,0.000684,0.000384,0.000439,0.000455,0.000425,0.000463,0.000423,0.000320,0.000358,0.000546,0.000356,0.000457,0.000434,0.000431,0.000476,0.000442,0.000430,0.000447,0.000450,0.000366,0.000332,0.000366,0.000373,0.000371,0.000473,0.000477,0.000485,0.000496,0.000512,0.000519,0.000535,0.000544,0.000516,0.000491,0.000481,0.000476,0.000488,0.000514,0.000512,0.000472,0.000444,0.000436,0.000428,0.000422,0.000438,0.000465,0.000473,0.000457,0.000431,0.000402,0.000537,0.000588,0.000668,0.000345,0.000379,0.000378,0.000527,0.000504,0.000439,0.000439,0.000460,0.000443,0.000419,0.000389,0.000569,0.000572,0.000621,0.000711,0.000711,0.000548,0.000666,0.000677,0.000695,0.000686,0.000727,0.000758,0.000695,0.000670,0.000707,0.000732,0.000742,0.000544,0.000630,0.000682,0.000717,0.000739,0.000718,0.000629,0.000455,0.000440,0.000570,0.000555,0.000598,0.000746,0.000759,0.000696,0.000660,0.000628
-0.007158,-0.005693,-0.001943,-0.000042,0.003155,0.007208,0.004825,0.003024,-0.000586,-0.003460,-0.002423,-0.003478,-0.006620,-0.011322,-0.014576,-0.016046,-0.018372,-0.021521,-0.024835,-0.027132,-0.028882,-0.029620,-0.036495,-0.036569,-0.035482,-0.034103,-0.034451,-0.035521,-0.037051,-0.038861,-0.041528,-0.043970,-0.046728,-0.049596,-0.051855,-0.062035,-0.059710,-0.056637,-0.057248,-0.059220,-0.051766,0.007770,0.018550,0.024297,0.024913,0.022017,0.019815,0.017560,0.014395,0.013819,0.016575,0.016889,0.013440,0.006324,-0.004213,-0.013295,-0.019245,-0.022556,-0.024612,-0.024350,-0.023852,-0.022159,-0.017700,-0.008575,0.006555,0.002999,-0.003243,-0.000658,0.025484,0.035517,0.032824,0.028545,0.023832,0.021735,0.021376,0.021620,0.020859,0.019943,0.019747,0.023335,0.025055,0.027072,0.029438,0.035454,0.038208,0.036143,0.036409,0.036311,0.036167,0.036214,0.036804,0.038044,0.040501,0.037145,0.036052,0.036716,0.034333,0.029845,0.026785,0.028792,0.021637,0.019544,0.015372,0.018463,0.018193,0.015911,0.016319,0.016715,0.017963,0.017268,0.014947,0.014184,0.014796,0.013741,0.016183,0.016262,0.016675,0.015408,0.014328,0.012693,0.011432,0.011049,0.011331,0.012027,0.022365,0.000523,0.015146,-0.001914,0.026685,-0.003485,0.012822,0.014456,-0.001688,0.014502,0.016475,0.013276,0.010432,0.007783,0.005319,0.022882,-0.002572,-0.002154,0.002000,0.002448,0.021150,-0.005348,-0.006004,0.012794,0.021947,0.022507,0.019841,0.010481,0.024024,0.043845,0.013363,0.003532,-0.003828,-0.022903,-0.004826,-0.002001,-0.003883,-0.000865,0.014499,-0.003886,-0.017076,-0.000371,-0.001166,0.001088,0.000962,-0.001631,-0.001146,0.007001,0.010417,-0.021718,-0.005177,-0.003667,-0.005396,-0.004498,-0.004211,-0.004419,-0.005462,-0.005480,-0.005020,-0.005855,-0.007797,-0.009849,-0.011329,-0.011309,-0.011841,-0.013112,-0.014689,-0.015717,-0.017507,-0.020136,-0.019643,-0.023134,-0.023145,-0.022627,-0.018205,-0.016105,-0.014814,-0.015591,-0.009172,-0.000339,0.006150,0.011596,0.007321,0.009941,0.008059,0.009693,0.012558,0.012763,0.010198,0.007920,0.006439,0.004597,0.000493,0.001833,0.000356,-0.001667,-0.003884,-0.005945,-0.009904,-0.009809,-0.010921,-0.012594,-0.014367,-0.013756,-0.013749,-0.014669,-0.015684,-0.014912,-0.014734,-0.012947,-0.014983,-0.012259,-0.010862,-0.010581,-0.008396,-0.005249,-0.004658,-0.007675,-0.010673,-0.010905,-0.013839,-0.015389,-0.013530,-0.012694,-0.012604,-0.010584,89.890866,89.872567,89.864612,89.866363,89.879338,89.906778,89.913540,89.929241,89.937880,89.923067,89.915235,89.914892,89.922127,89.928751,89.928630,89.926886,89.928511,89.928447,89.922798,89.917607,89.923550,89.946086,89.937997,89.937841,89.940792,89.949233,89.956206,89.955234,89.950961,89.954633,89.963411,89.966018,89.958999,89.950471,89.961883,89.937196,89.922878,89.912979,89.907528,89.905485,89.961889,90.262240,90.431988,90.509270,90.520059,90.499340,90.474069,90.429889,90.353717,90.288240,90.271958,90.290313,90.324154,90.360532,90.397776,90.424010,90.426692,90.411962,90.393909,90.365700,90.326938,90.279625,90.236433,90.214073,90.269768,90.287979,90.181406,90.012075,89.947642,89.933601,89.915674,89.900348,89.877781,89.848244,89.823439,89.812451,89.815249,89.826836,89.830568,89.841281,89.856074,89.864243,89.860443,89.883020,89.922243,89.939672,89.947607,89.944821,89.938903,89.939123,89.945846,89.956668,89.984463,89.978983,89.952641,89.938039,89.925654,89.912778,89.901187,89.921832,89.910443,89.897274,89.861643,89.854854,89.857950,89.859524,89.869059,89.876105,89.879390,89.882248,89.886901,89.894562,89.909120,89.917759,89.938820,89.943580,89.954675,89.964371,89.962472,89.957166,89.960405,89.973168,89.987434,90.002702,90.131085,90.071978,90.081157,90.008192,90.181372,90.119963,90.157886,90.146756,90.013517,89.984500,90.002338,90.011042,90.014922,90.012880,90.005633,90.137823,90.034066,90.001401,89.996787,90.004427,90.178866,90.131399,90.077482,90.130740,90.172522,90.146035,90.086158,89.989682,89.991992,90.139257,90.136527,90.120351,90.136397,89.992394,89.976104,89.999261,90.000609,90.020772,90.116907,90.125577,90.014882,89.995018,89.979302,89.969278,89.976179,89.983454,89.972174,90.020526,90.138692,90.006520,89.999133,90.001989,89.994561,89.994747,89.996222,89.997431,89.994051,89.986936,89.975805,89.964893,89.956295,89.952382,89.950652,89.949914,89.951342,89.959541,89.969909,89.977039,89.982676,89.988116,89.992985,89.992226,89.991653,89.989833,89.996665,89.987265,89.974572,89.971850,89.951163,89.920935,89.901013,89.931686,89.928668,89.922443,89.900975,89.901988,89.911944,89.916942,89.921845,89.931542,89.940120,89.942623,89.922122,89.915816,89.910845,89.910858,89.916132,89.921135,89.900190,89.896081,89.909152,89.926853,89.934247,89.939248,89.949994,89.956766,89.958265,89.960366,89.960739,89.972869,89.961951,89.958069,89.957785,89.952471,89.947408,89.949430,89.952750,89.939950,89.921159,89.923376,89.919368,89.899506,89.890474,89.893145,89.896816,89.896870,0.000652,0.000853,0.000953,0.000986,0.000861,0.000525,0.000529,0.000481,0.000483,0.000689,0.000744,0.000743,0.000722,0.000716,0.000737,0.000747,0.000733,0.000728,0.000740,0.000747,0.000705,0.000513,0.000716,0.000795,0.000883,0.000937,0.000950,0.000940,0.000928,0.000918,0.000909,0.000893,0.000909,0.000926,0.000766,0.001082,0.001146,0.001162,0.001166,0.001161,0.001157,0.001179,0.001200,0.001188,0.001131,0.001063,0.001002,0.000944,0.000889,0.000869,0.000867,0.000861,0.000868,0.000906,0.000985,0.001065,0.001108,0.001124,0.001149,0.001172,0.001198,0.001244,0.001276,0.001287,0.001206,0.001214,0.001159,0.001081,0.000950,0.000998,0.001159,0.001225,0.001230,0.001211,0.001198,0.001141,0.001031,0.000913,0.000957,0.000947,0.000886,0.000881,0.001091,0.001092,0.000926,0.000936,0.000933,0.000963,0.000974,0.000931,0.000887,0.000865,0.000623,0.000715,0.000952,0.000961,0.000933,0.000952,0.001007,0.000641,0.000681,0.000695,0.001024,0.001017,0.000932,0.000918,0.000846,0.000806,0.000775,0.000718,0.000674,0.000699,0.000693,0.000687,0.000436,0.000419,0.000396,0.000379,0.000402,0.000439,0.000465,0.000480,0.000453,0.000426,0.000451,0.000781,0.000512,0.000548,0.000580,0.000903,0.000787,0.000575,0.000728,0.000759,0.000588,0.000552,0.000540,0.000531,0.000496,0.000632,0.000543,0.000362,0.000544,0.000589,0.000694,0.000690,0.000838,0.000878,0.000810,0.000720,0.000668,0.000627,0.000595,0.000343,0.000370,0.000353,0.000346,0.000362,0.000338,0.000437,0.000499,0.000496,0.000412,0.000370,0.000649,0.000372,0.000414,0.000423,0.000433,0.000448,0.000447,0.000364,0.000296,0.000314,0.000315,0.000306,0.000382,0.000395,0.000419,0.000439,0.000470,0.000506,0.000552,0.000577,0.000566,0.000547,0.000536,0.000509,0.000479,0.000456,0.000457,0.000469,0.000481,0.000491,0.000475,0.000448,0.000439,0.000432,0.000406,0.000381,0.000376,0.000372,0.000593,0.000584,0.000727,0.000347,0.000371,0.000331,0.000477,0.000454,0.000381,0.000365,0.000393,0.000395,0.000390,0.000388,0.000609,0.000608,0.000631,0.000702,0.000691,0.000530,0.000646,0.000677,0.000654,0.000594,0.000604,0.000628,0.000602,0.000646,0.000731,0.000737,0.000718,0.000504,0.000595,0.000654,0.000694,0.000727,0.000683,0.000545,0.000373,0.000388,0.000538,0.000536,0.000609,0.000761,0.000748,0.000662,0.000615,0.000604
-0.006667,-0.006661,-0.003947,0.000061,0.002754,0.006947,0.004007,0.002897,0.000502,-0.003213,-0.003173,-0.004366,-0.007366,-0.011356,-0.014508,-0.015944,-0.018386,-0.021893,-0.025320,-0.027636,-0.030401,-0.030311,-0.034796,-0.034158,-0.035094,-0.035991,-0.035067,-0.033836,-0.035071,-0.038191,-0.041255,-0.044092,-0.046503,-0.049584,-0.052158,-0.062382,-0.059796,-0.058679,-0.057914,-0.057147,-0.049972,0.008056,0.018448,0.022866,0.023388,0.022494,0.020152,0.017173,0.013523,0.012316,0.015153,0.015513,0.011827,0.004457,-0.003767,-0.012577,-0.019891,-0.023677,-0.024569,-0.024796,-0.023198,-0.022080,-0.016416,-0.007186,0.005725,0.002280,-0.006625,0.000101,0.025163,0.033014,0.030473,0.029278,0.025703,0.022171,0.021170,0.020877,0.020395,0.019825,0.019152,0.021844,0.023974,0.027191,0.029988,0.034751,0.037132,0.037036,0.035954,0.034791,0.034561,0.035613,0.036869,0.038585,0.041746,0.038168,0.035831,0.035528,0.033232,0.029883,0.025071,0.027917,0.022550,0.020394,0.014658,0.017514,0.018224,0.016511,0.017588,0.018253,0.017663,0.016130,0.015951,0.015710,0.014005,0.012272,0.014249,0.014280,0.014681,0.014705,0.013662,0.012930,0.012442,0.011585,0.011089,0.009596,0.022173,-0.001966,0.014148,-0.001160,0.026829,-0.002256,0.011936,0.014429,-0.002306,0.015793,0.015787,0.013385,0.010805,0.005627,0.005224,0.023612,-0.003833,-0.002597,0.001975,0.000240,0.021594,-0.004355,-0.003970,0.012026,0.021478,0.019963,0.020979,0.010242,0.026348,0.045695,0.015771,0.005086,-0.002343,-0.022440,-0.006179,-0.001631,-0.002999,0.000645,0.014375,-0.001530,-0.018144,-0.000583,-0.000316,0.001271,-0.000262,-0.000582,-0.003736,0.004667,0.009303,-0.021336,-0.005152,-0.004800,-0.004813,-0.003334,-0.004309,-0.003996,-0.006322,-0.005012,-0.004339,-0.005729,-0.007632,-0.009913,-0.011061,-0.010916,-0.011348,-0.013441,-0.014916,-0.016744,-0.018488,-0.020250,-0.022859,-0.023269,-0.021192,-0.021190,-0.019067,-0.015556,-0.015007,-0.014514,-0.008758,-0.004302,0.004876,0.010057,0.007399,0.010157,0.007800,0.009858,0.013165,0.012041,0.009275,0.008443,0.007647,0.005010,0.000570,0.002145,0.000542,-0.002899,-0.005982,-0.007649,-0.011171,-0.010431,-0.010749,-0.013271,-0.015390,-0.014117,-0.013049,-0.014393,-0.015373,-0.015218,-0.015949,-0.014715,-0.016596,-0.013542,-0.012089,-0.010648,-0.008489,-0.005323,-0.003843,-0.007877,-0.011993,-0.011774,-0.013573,-0.015990,-0.015329,-0.014502,-0.013148,-0.009298,89.894371,89.878247,89.862550,89.863409,89.873693,89.905400,89.911662,89.924670,89.937527,89.929852,89.923155,89.918414,89.920317,89.926867,89.929032,89.924429,89.919186,89.917295,89.919998,89.924719,89.929426,89.945630,89.934001,89.937688,89.945582,89.947015,89.946832,89.949016,89.957615,89.965431,89.969858,89.963683,89.951075,89.946251,89.963647,89.936755,89.918425,89.902346,89.902356,89.918303,89.962305,90.267856,90.443239,90.523524,90.525417,90.500289,90.465540,90.413575,90.340358,90.276162,90.257528,90.280251,90.325419,90.367387,90.401561,90.416685,90.412965,90.402603,90.404576,90.384338,90.337463,90.270399,90.222718,90.202409,90.253677,90.295619,90.198852,90.008878,89.953158,89.938163,89.915917,89.893434,89.865589,89.835288,89.818217,89.813101,89.813360,89.820221,89.823623,89.837528,89.853461,89.858699,89.858109,89.887905,89.923801,89.937323,89.938173,89.931935,89.930355,89.941971,89.957517,89.968074,89.988844,89.976823,89.952235,89.943527,89.934532,89.925525,89.905714,89.916160,89.900322,89.890358,89.860177,89.855256,89.857490,89.853896,89.860249,89.872697,89.889900,89.899394,89.901657,89.903171,89.910146,89.923561,89.946276,89.947992,89.951223,89.955215,89.952674,89.947016,89.955038,89.975611,90.000484,90.010329,90.128178,90.048019,90.069475,90.009852,90.174351,90.134685,90.167720,90.154657,89.995702,89.974382,89.976929,89.986102,89.998627,89.997955,89.998625,90.149866,90.034266,90.023087,90.018948,90.004012,90.193340,90.127249,90.072387,90.103827,90.152432,90.133068,90.112245,89.992818,89.991690,90.137440,90.126704,90.101937,90.138706,90.015747,89.980655,90.014450,90.009296,90.018869,90.113363,90.128781,90.000768,89.994102,89.971611,89.961879,89.961169,89.982420,89.964842,90.014005,90.142062,90.009583,90.001575,90.000744,89.997165,89.996160,89.994236,89.994612,89.994255,89.990300,89.981495,89.974109,89.969975,89.963904,89.952786,89.943716,89.944992,89.955027,89.965581,89.973439,89.981847,89.990961,89.995783,89.993320,89.991914,89.983496,89.973499,89.979690,89.986132,89.980582,89.970516,89.919171,89.905013,89.930142,89.919902,89.911123,89.890205,89.894871,89.912884,89.920653,89.920865,89.924496,89.928037,89.929636,89.915628,89.920292,89.920100,89.913621,89.912217,89.918771,89.902063,89.898672,89.911473,89.929313,89.936175,89.937736,89.946533,89.956179,89.961376,89.962650,89.957718,89.966549,89.954673,89.952345,89.950525,89.946646,89.947761,89.953565,89.960771,89.948866,89.929102,89.928143,89.922526,89.901741,89.894494,89.899799,89.902051,89.898773,0.000623,0.000809,0.000951,0.000917,0.000829,0.000489,0.000519,0.000510,0.000507,0.000683,0.000728,0.000742,0.000764,0.000776,0.000772,0.000751,0.000736,0.000737,0.000734,0.000709,0.000674,0.000504,0.000754,0.000861,0.000900,0.000950,0.000964,0.000942,0.000896,0.000889,0.000872,0.000878,0.000940,0.000979,0.000834,0.001186,0.001234,0.001266,0.001285,0.001289,0.001271,0.001263,0.001260,0.001243,0.001194,0.001123,0.001040,0.000955,0.000893,0.000880,0.000891,0.000898,0.000908,0.000928,0.000983,0.001056,0.001125,0.001184,0.001240,0.001256,0.001223,0.001247,0.001268,0.001261,0.001200,0.001244,0.001259,0.001096,0.000969,0.000952,0.001080,0.001160,0.001175,0.001160,0.001132,0.001102,0.001049,0.000943,0.000972,0.000931,0.000841,0.000871,0.001083,0.001046,0.000945,0.000986,0.000989,0.001010,0.001031,0.001009,0.000961,0.000900,0.000627,0.000749,0.000994,0.000983,0.000956,0.000921,0.000998,0.000648,0.000687,0.000695,0.001035,0.001046,0.000910,0.000852,0.000789,0.000787,0.000767,0.000744,0.000729,0.000740,0.000732,0.000651,0.000420,0.000411,0.000408,0.000404,0.000419,0.000419,0.000390,0.000396,0.000400,0.000400,0.000435,0.000861,0.000514,0.000572,0.000589,0.000804,0.000755,0.000592,0.000616,0.000510,0.000564,0.000523,0.000528,0.000540,0.000533,0.000615,0.000491,0.000554,0.000592,0.000605,0.000750,0.000763,0.000866,0.000884,0.000800,0.000749,0.000573,0.000611,0.000592,0.000347,0.000331,0.000361,0.000392,0.000413,0.000460,0.000441,0.000346,0.000420,0.000474,0.000449,0.000392,0.000433,0.000437,0.000430,0.000425,0.000433,0.000434,0.000359,0.000277,0.000285,0.000292,0.000303,0.000382,0.000394,0.000405,0.000418,0.000440,0.000474,0.000518,0.000544,0.000533,0.000516,0.000504,0.000495,0.000484,0.000460,0.000438,0.000428,0.000428,0.000438,0.000444,0.000440,0.000436,0.000439,0.000430,0.000410,0.000418,0.000423,0.000339,0.000666,0.000711,0.000339,0.000378,0.000338,0.000459,0.000469,0.000415,0.000403,0.000419,0.000403,0.000370,0.000346,0.000550,0.000579,0.000651,0.000735,0.000717,0.000539,0.000627,0.000646,0.000643,0.000620,0.000656,0.000693,0.000659,0.000663,0.000698,0.000686,0.000681,0.000499,0.000639,0.000696,0.000713,0.000696,0.000639,0.000559,0.000408,0.000415,0.000547,0.000522,0.000547,0.000703,0.000732,0.000663,0.000605,0.000586
-0.008042,-0.007253,-0.002967,0.000957,0.002984,0.006746,0.005448,0.004517,0.001389,-0.002704,-0.002684,-0.005097,-0.008339,-0.011127,-0.014626,-0.016804,-0.018450,-0.020556,-0.024948,-0.028017,-0.029333,-0.028754,-0.033533,-0.034880,-0.035330,-0.035931,-0.035894,-0.035238,-0.036061,-0.038206,-0.041565,-0.044115,-0.047868,-0.051675,-0.053395,-0.061348,-0.058834,-0.058325,-0.058442,-0.057674,-0.050128,0.006527,0.018401,0.022436,0.024319,0.023083,0.020929,0.017789,0.013866,0.014114,0.016423,0.015734,0.012239,0.002903,-0.005230,-0.012304,-0.019455,-0.024020,-0.025001,-0.024182,-0.023354,-0.022794,-0.017034,-0.006708,0.007125,0.001684,-0.004839,-0.000037,0.025090,0.034973,0.031751,0.029235,0.025091,0.021683,0.020348,0.020385,0.019571,0.019553,0.018822,0.023419,0.026887,0.027265,0.028309,0.034195,0.037349,0.036062,0.035651,0.035194,0.035646,0.036739,0.036930,0.037057,0.040133,0.036734,0.035667,0.036171,0.033764,0.030595,0.027501,0.029555,0.023101,0.020565,0.015199,0.017080,0.018041,0.016444,0.017345,0.016343,0.015946,0.016129,0.015167,0.014861,0.014315,0.013104,0.016426,0.015805,0.016136,0.013942,0.011834,0.010893,0.010943,0.011037,0.010934,0.011115,0.023279,-0.001730,0.013785,-0.001550,0.026275,-0.000920,0.012519,0.014210,-0.001791,0.014827,0.017484,0.013305,0.008873,0.006005,0.004580,0.023054,-0.002969,-0.001901,-0.000145,0.000084,0.022133,-0.005950,-0.005854,0.013375,0.022166,0.020925,0.020323,0.010224,0.025369,0.044577,0.013363,0.004479,-0.001662,-0.021051,-0.004827,-0.001566,-0.002330,0.000173,0.014232,-0.003055,-0.016157,0.000201,-0.000005,0.000072,-0.000889,-0.002272,-0.002292,0.004625,0.010259,-0.022634,-0.005180,-0.004461,-0.004449,-0.004960,-0.004808,-0.004137,-0.004262,-0.005155,-0.004543,-0.004874,-0.006278,-0.008631,-0.011781,-0.012403,-0.012359,-0.013223,-0.015865,-0.017463,-0.017735,-0.019704,-0.021709,-0.022704,-0.021999,-0.021464,-0.020047,-0.017611,-0.014677,-0.013801,-0.009859,-0.001350,0.005338,0.011355,0.009307,0.008602,0.007235,0.010807,0.012737,0.012035,0.010409,0.008645,0.006379,0.005270,0.001882,0.000897,-0.001198,-0.002222,-0.003415,-0.006012,-0.010812,-0.010571,-0.010183,-0.011597,-0.014007,-0.014258,-0.014228,-0.014489,-0.014279,-0.013382,-0.014422,-0.013384,-0.015790,-0.014173,-0.012946,-0.010885,-0.007613,-0.005426,-0.007086,-0.010798,-0.011853,-0.010704,-0.013935,-0.016344,-0.015526,-0.014450,-0.013250,-0.010302,89.894451,89.873846,89.862447,89.867822,89.880246,89.905327,89.910930,89.922295,89.933553,89.924575,89.923143,89.918884,89.917699,89.921114,89.922636,89.919422,89.919520,89.926254,89.927998,89.924816,89.927180,89.941307,89.932667,89.928155,89.936002,89.949847,89.957406,89.953371,89.949676,89.958778,89.971418,89.973740,89.963441,89.953113,89.959762,89.931273,89.916391,89.907852,89.899884,89.899155,89.943477,90.255245,90.437879,90.509092,90.515326,90.496687,90.473687,90.419881,90.333494,90.272875,90.262626,90.285383,90.337168,90.373992,90.405783,90.427086,90.430233,90.411022,90.395534,90.375023,90.338446,90.283469,90.238231,90.220096,90.270234,90.277227,90.195972,90.024140,89.959391,89.940350,89.917550,89.897839,89.876057,89.852954,89.828978,89.810604,89.805889,89.817524,89.820139,89.829356,89.847482,89.856181,89.858104,89.885239,89.921776,89.931068,89.933715,89.932466,89.934922,89.945815,89.955903,89.961711,89.987109,89.978038,89.956186,89.945723,89.929768,89.913558,89.899034,89.918828,89.911644,89.902523,89.867025,89.855864,89.860580,89.859431,89.865682,89.871315,89.878442,89.886164,89.893151,89.899454,89.910383,89.919465,89.945437,89.945948,89.949076,89.950777,89.948559,89.948857,89.956991,89.972062,89.990991,90.006679,90.122374,90.044968,90.077374,90.011172,90.183318,90.149722,90.169537,90.157110,90.012948,89.975262,89.980574,89.990812,89.999263,90.003017,89.999061,90.132061,90.036082,90.017158,90.019491,90.007813,90.180853,90.124857,90.072022,90.123087,90.175115,90.154074,90.125159,89.991758,89.992846,90.137654,90.132904,90.099698,90.129733,90.008877,89.972149,90.012473,90.001454,90.015651,90.124809,90.121972,90.008824,89.977490,89.975834,89.974257,89.970068,89.971153,89.972926,90.015995,90.144528,90.017789,90.015556,90.011101,89.997886,89.989209,89.990285,89.997673,89.998809,89.989604,89.975249,89.967808,89.968076,89.964112,89.951293,89.938183,89.935140,89.947120,89.967676,89.983760,89.989215,89.988246,89.988343,89.990219,89.992973,89.990875,89.985735,89.975697,89.974054,89.979172,89.965376,89.914204,89.902113,89.930351,89.929536,89.920097,89.898307,89.905277,89.916266,89.920164,89.928291,89.940341,89.939553,89.930622,89.913304,89.914815,89.915275,89.913654,89.913673,89.913943,89.895149,89.895051,89.911589,89.932181,89.939257,89.942260,89.951451,89.956999,89.953450,89.948139,89.945922,89.966478,89.965117,89.963445,89.956962,89.947728,89.945561,89.948909,89.952458,89.938866,89.922492,89.930972,89.932814,89.916492,89.904283,89.902268,89.901938,89.901285,0.000697,0.000888,0.000983,0.000948,0.000833,0.000514,0.000489,0.000469,0.000467,0.000669,0.000690,0.000725,0.000767,0.000796,0.000812,0.000826,0.000825,0.000798,0.000783,0.000784,0.000760,0.000634,0.000776,0.000842,0.000858,0.000886,0.000926,0.000971,0.000991,0.000980,0.000963,0.000945,0.000943,0.000917,0.000753,0.001068,0.001153,0.001215,0.001264,0.001261,0.001223,0.001233,0.001251,0.001226,0.001147,0.001059,0.001011,0.000976,0.000942,0.000923,0.000919,0.000937,0.000959,0.001015,0.001094,0.001167,0.001210,0.001221,0.001236,0.001240,0.001241,0.001305,0.001371,0.001367,0.001245,0.001229,0.001206,0.001116,0.000979,0.001016,0.001149,0.001224,0.001258,0.001228,0.001205,0.001194,0.001152,0.001015,0.001032,0.000999,0.000879,0.000938,0.001147,0.001077,0.000893,0.000984,0.001041,0.001057,0.001036,0.000993,0.000978,0.000970,0.000655,0.000766,0.000985,0.000978,0.000979,0.000988,0.001020,0.000654,0.000685,0.000717,0.001068,0.001087,0.000924,0.000893,0.000801,0.000763,0.000755,0.000735,0.000723,0.000753,0.000739,0.000704,0.000397,0.000406,0.000392,0.000406,0.000446,0.000461,0.000473,0.000495,0.000490,0.000477,0.000508,0.000908,0.000533,0.000560,0.000599,0.000952,0.000885,0.000683,0.000732,0.000596,0.000589,0.000541,0.000544,0.000548,0.000534,0.000516,0.000393,0.000550,0.000619,0.000632,0.000667,0.000723,0.000884,0.000915,0.000832,0.000731,0.000642,0.000699,0.000645,0.000327,0.000423,0.000399,0.000442,0.000454,0.000445,0.000421,0.000338,0.000457,0.000489,0.000486,0.000445,0.000448,0.000467,0.000441,0.000427,0.000444,0.000453,0.000358,0.000307,0.000306,0.000287,0.000287,0.000381,0.000422,0.000459,0.000468,0.000477,0.000498,0.000546,0.000585,0.000582,0.000575,0.000564,0.000536,0.000508,0.000492,0.000496,0.000504,0.000498,0.000488,0.000468,0.000454,0.000456,0.000467,0.000463,0.000460,0.000460,0.000451,0.000467,0.000627,0.000647,0.000345,0.000335,0.000323,0.000505,0.000503,0.000448,0.000435,0.000437,0.000402,0.000377,0.000379,0.000580,0.000630,0.000713,0.000777,0.000724,0.000556,0.000652,0.000684,0.000686,0.000647,0.000689,0.000739,0.000722,0.000753,0.000815,0.000814,0.000792,0.000561,0.000668,0.000729,0.000768,0.000792,0.000736,0.000605,0.000405,0.000391,0.000535,0.000534,0.000607,0.000744,0.000756,0.000681,0.000650,0.000641
-0.006532,-0.006908,-0.003658,0.000031,0.003215,0.007808,0.004971,0.003661,0.001754,-0.001011,-0.000656,-0.003405,-0.007648,-0.012026,-0.014761,-0.016445,-0.018978,-0.021906,-0.024488,-0.026377,-0.028653,-0.029870,-0.034816,-0.035975,-0.035982,-0.036316,-0.035133,-0.035060,-0.037134,-0.039888,-0.042165,-0.043556,-0.046208,-0.050713,-0.053767,-0.063078,-0.060896,-0.058291,-0.057569,-0.059214,-0.051041,0.005277,0.018815,0.021418,0.023437,0.023412,0.021521,0.017882,0.014062,0.014761,0.016464,0.015483,0.012227,0.003117,-0.005127,-0.012506,-0.019199,-0.024218,-0.025321,-0.024991,-0.022823,-0.020776,-0.016777,-0.008501,0.005936,0.001373,-0.004558,-0.000912,0.026980,0.035005,0.031395,0.029792,0.026224,0.022629,0.020881,0.020963,0.021311,0.021301,0.019435,0.021935,0.024975,0.027060,0.028927,0.033339,0.037208,0.035466,0.034942,0.035348,0.036896,0.038030,0.037785,0.038069,0.039848,0.036255,0.035803,0.036046,0.033301,0.029675,0.025714,0.026537,0.020427,0.019058,0.015733,0.017169,0.017559,0.015357,0.016196,0.017045,0.017881,0.017685,0.015972,0.014506,0.013803,0.013045,0.014795,0.014338,0.015822,0.016050,0.014619,0.013305,0.012346,0.011757,0.011103,0.009030,0.021647,-0.001944,0.012512,-0.000251,0.025692,-0.004555,0.012526,0.012881,-0.003658,0.015270,0.018083,0.013589,0.011391,0.006864,0.005348,0.025122,-0.002781,-0.003310,-0.000546,0.002281,0.020960,-0.004426,-0.004627,0.012630,0.022567,0.020438,0.019073,0.010513,0.024420,0.045665,0.014805,0.003025,-0.003964,-0.022393,-0.005430,-0.003342,-0.002562,0.000074,0.015339,-0.002124,-0.017740,-0.001522,0.000419,0.001564,0.000845,-0.000142,0.000313,0.006636,0.010185,-0.021486,-0.004714,-0.004176,-0.005022,-0.003353,-0.004606,-0.004685,-0.005562,-0.003976,-0.003176,-0.005219,-0.007073,-0.008520,-0.010523,-0.011529,-0.012069,-0.013087,-0.015194,-0.017227,-0.018049,-0.019091,-0.019802,-0.022357,-0.022543,-0.022416,-0.019123,-0.016009,-0.014799,-0.015885,-0.008467,-0.000481,0.005900,0.012499,0.008459,0.010298,0.008724,0.011131,0.013292,0.013424,0.010801,0.008733,0.006275,0.003936,0.001112,0.002165,-0.000671,-0.003908,-0.005315,-0.006833,-0.010739,-0.009092,-0.009477,-0.012116,-0.013748,-0.013823,-0.014844,-0.016873,-0.016325,-0.014870,-0.015403,-0.013991,-0.015875,-0.014340,-0.012951,-0.010604,-0.006500,-0.002826,-0.005309,-0.009472,-0.011205,-0.011446,-0.015367,-0.017998,-0.015911,-0.012890,-0.011278,-0.009176,89.887618,89.872113,89.870008,89.878024,89.883462,89.907260,89.911802,89.921059,89.925507,89.912392,89.911753,89.911067,89.911166,89.912222,89.913423,89.913403,89.915225,89.919927,89.921760,89.922880,89.928871,89.943191,89.930581,89.923631,89.933287,89.942153,89.945836,89.944973,89.948782,89.956031,89.961124,89.955262,89.942332,89.934593,89.954073,89.938931,89.925751,89.902431,89.890274,89.901288,89.955551,90.261624,90.449738,90.517642,90.527690,90.514931,90.476894,90.409502,90.327278,90.283575,90.269038,90.272745,90.331523,90.378898,90.417537,90.434272,90.427728,90.399402,90.390113,90.373354,90.336472,90.277522,90.220918,90.204929,90.263032,90.279044,90.190449,90.015626,89.943199,89.928637,89.908450,89.892493,89.871529,89.841568,89.818092,89.808231,89.807569,89.815477,89.814965,89.828309,89.848135,89.860647,89.861847,89.880608,89.914490,89.924892,89.930079,89.932429,89.937377,89.945697,89.953671,89.962161,89.983556,89.975115,89.960033,89.952285,89.935675,89.915078,89.897510,89.908708,89.895617,89.882953,89.856926,89.850612,89.858594,89.860582,89.865933,89.866277,89.868301,89.879956,89.896422,89.908383,89.917254,89.925169,89.945063,89.946372,89.952660,89.961334,89.964400,89.963170,89.965049,89.971377,89.984124,89.998794,90.122484,90.052971,90.073153,90.002095,90.172980,90.127158,90.162914,90.154718,90.004231,89.965718,89.981423,89.991839,90.002203,90.002004,89.993686,90.161761,90.033063,90.022554,89.998571,89.997935,90.173846,90.118727,90.074598,90.123442,90.174203,90.144611,90.098409,89.987283,89.982757,90.130056,90.124818,90.098165,90.147443,90.007370,89.977994,89.989839,90.008825,90.011368,90.107905,90.127197,89.995977,89.989758,89.983387,89.978428,89.970510,89.975600,89.969565,90.019546,90.143991,90.010514,90.001930,90.001948,89.995271,89.993067,89.986547,89.984808,89.987940,89.990508,89.983182,89.972165,89.965680,89.959305,89.950500,89.944950,89.949523,89.958244,89.964075,89.968961,89.977024,89.984639,89.989487,89.989044,89.989993,89.989451,89.994123,89.991202,89.978111,89.968793,89.957310,89.904942,89.892057,89.926092,89.919553,89.918101,89.902560,89.908336,89.921235,89.925336,89.921768,89.923329,89.928380,89.933104,89.922339,89.920769,89.913978,89.906634,89.909038,89.916568,89.903622,89.904788,89.916183,89.929774,89.935869,89.942618,89.956348,89.962758,89.957426,89.951651,89.954242,89.975489,89.966333,89.955096,89.947155,89.941574,89.940187,89.949071,89.957262,89.949271,89.936466,89.936179,89.928196,89.905891,89.892351,89.894885,89.898541,89.895752,0.000646,0.000865,0.000961,0.000918,0.000852,0.000530,0.000517,0.000447,0.000418,0.000612,0.000637,0.000655,0.000682,0.000711,0.000736,0.000753,0.000743,0.000725,0.000739,0.000740,0.000699,0.000549,0.000712,0.000849,0.000883,0.000954,0.000962,0.000921,0.000867,0.000848,0.000838,0.000832,0.000883,0.000952,0.000803,0.001114,0.001189,0.001245,0.001266,0.001252,0.001253,0.001253,0.001225,0.001171,0.001111,0.001060,0.001010,0.000946,0.000894,0.000874,0.000876,0.000887,0.000914,0.000965,0.001036,0.001103,0.001152,0.001190,0.001199,0.001199,0.001190,0.001214,0.001255,0.001239,0.001118,0.001118,0.001127,0.001071,0.000971,0.000979,0.001134,0.001223,0.001231,0.001243,0.001259,0.001235,0.001157,0.000986,0.000984,0.000921,0.000857,0.000909,0.001117,0.001095,0.000863,0.000901,0.000942,0.000975,0.000969,0.000930,0.000893,0.000834,0.000579,0.000683,0.000880,0.000928,0.000955,0.000977,0.000976,0.000647,0.000680,0.000738,0.001003,0.001001,0.000836,0.000817,0.000767,0.000745,0.000731,0.000690,0.000666,0.000701,0.000710,0.000658,0.000407,0.000410,0.000400,0.000381,0.000390,0.000404,0.000415,0.000439,0.000434,0.000421,0.000437,0.000741,0.000509,0.000567,0.000653,0.000927,0.000832,0.000686,0.000685,0.000576,0.000582,0.000549,0.000579,0.000561,0.000524,0.000662,0.000370,0.000478,0.000672,0.000674,0.000687,0.000785,0.000900,0.000919,0.000830,0.000757,0.000610,0.000620,0.000631,0.000307,0.000349,0.000376,0.000370,0.000367,0.000430,0.000408,0.000348,0.000434,0.000469,0.000433,0.000328,0.000401,0.000410,0.000427,0.000422,0.000414,0.000390,0.000313,0.000259,0.000281,0.000283,0.000281,0.000358,0.000386,0.000426,0.000453,0.000462,0.000458,0.000462,0.000490,0.000521,0.000554,0.000562,0.000528,0.000488,0.000469,0.000464,0.000451,0.000429,0.000409,0.000380,0.000360,0.000376,0.000411,0.000423,0.000410,0.000396,0.000384,0.000442,0.000681,0.000762,0.000322,0.000381,0.000336,0.000472,0.000455,0.000380,0.000352,0.000390,0.000400,0.000384,0.000370,0.000565,0.000607,0.000688,0.000757,0.000694,0.000501,0.000558,0.000568,0.000585,0.000588,0.000637,0.000664,0.000615,0.000632,0.000703,0.000721,0.000700,0.000487,0.000599,0.000654,0.000666,0.000673,0.000665,0.000564,0.000434,0.000429,0.000497,0.000468,0.000503,0.000634,0.000684,0.000637,0.000597,0.000591
-0.009090,-0.007483,-0.002165,0.001466,0.003126,0.005968,0.003930,0.003769,0.000249,-0.002978,-0.001852,-0.002642,-0.006304,-0.010035,-0.013074,-0.015383,-0.018234,-0.021842,-0.025447,-0.028319,-0.030326,-0.030465,-0.036324,-0.036720,-0.036341,-0.036253,-0.035733,-0.035817,-0.038023,-0.040082,-0.041833,-0.043639,-0.046823,-0.050060,-0.052170,-0.062356,-0.059139,-0.057176,-0.057708,-0.057806,-0.052496,0.007206,0.018079,0.022916,0.024169,0.022564,0.020333,0.016562,0.013386,0.014097,0.016343,0.015913,0.011177,0.004485,-0.003915,-0.013069,-0.019431,-0.022954,-0.024513,-0.023928,-0.023966,-0.023009,-0.017060,-0.007492,0.005784,0.000328,-0.004523,-0.001940,0.026721,0.034778,0.030984,0.028540,0.025230,0.022887,0.020957,0.020460,0.020724,0.021032,0.020248,0.023025,0.024781,0.026905,0.030416,0.035905,0.037431,0.034861,0.035495,0.034957,0.035211,0.036745,0.037497,0.038070,0.039707,0.035454,0.034026,0.035351,0.033314,0.029038,0.024760,0.027346,0.021446,0.019530,0.015367,0.017370,0.017226,0.015287,0.016532,0.017971,0.018386,0.017459,0.015291,0.014474,0.014237,0.012793,0.015295,0.014216,0.015203,0.014529,0.012901,0.011917,0.011712,0.011407,0.010819,0.010299,0.023202,-0.001791,0.013405,-0.002639,0.026003,-0.001933,0.013258,0.013360,-0.001818,0.015423,0.018978,0.013963,0.009970,0.004771,0.004087,0.023014,-0.001768,-0.003642,0.000981,0.002985,0.020554,-0.005685,-0.004477,0.012261,0.021936,0.021891,0.020266,0.011723,0.025140,0.044549,0.015178,0.004800,-0.001037,-0.022266,-0.005440,-0.001089,-0.002938,0.000313,0.016723,-0.002721,-0.017184,0.001080,0.000671,-0.001857,-0.002116,-0.000510,-0.001814,0.005805,0.009299,-0.021638,-0.006781,-0.004786,-0.004899,-0.004405,-0.004574,-0.003982,-0.004559,-0.004266,-0.004398,-0.006659,-0.008255,-0.009661,-0.012154,-0.011964,-0.011847,-0.012359,-0.015137,-0.016908,-0.017466,-0.018263,-0.020561,-0.022959,-0.022771,-0.020576,-0.018628,-0.016986,-0.015794,-0.014915,-0.009064,0.000799,0.007568,0.012103,0.008474,0.010693,0.008821,0.011212,0.013594,0.013208,0.010686,0.007625,0.005799,0.004049,0.000667,0.001428,-0.000429,-0.003101,-0.004872,-0.005350,-0.009683,-0.009593,-0.009961,-0.011225,-0.013931,-0.014347,-0.013404,-0.014211,-0.015735,-0.014660,-0.013827,-0.012669,-0.015722,-0.014244,-0.012186,-0.010750,-0.009073,-0.005641,-0.004411,-0.008068,-0.011125,-0.011381,-0.014027,-0.016483,-0.014100,-0.012169,-0.011980,-0.011185,89.883730,89.870057,89.866924,89.875112,89.882804,89.904965,89.909480,89.925054,89.935884,89.929537,89.925552,89.922804,89.921257,89.920150,89.920294,89.919231,89.917727,89.917569,89.919451,89.923212,89.929994,89.944416,89.931688,89.931307,89.943306,89.952017,89.953873,89.954322,89.958278,89.966246,89.972900,89.970577,89.960467,89.954173,89.968775,89.937204,89.914421,89.902613,89.902120,89.908340,89.939375,90.248558,90.422062,90.504835,90.520418,90.500494,90.467514,90.415262,90.344011,90.290864,90.275422,90.284766,90.328402,90.378901,90.413946,90.430150,90.430693,90.418564,90.402906,90.378884,90.331686,90.277344,90.230876,90.208432,90.270992,90.296261,90.191870,90.011305,89.954701,89.939558,89.912605,89.893165,89.867766,89.841411,89.824620,89.819476,89.823845,89.831082,89.821643,89.823227,89.841939,89.856028,89.861669,89.886255,89.918290,89.928872,89.938334,89.940390,89.936914,89.938146,89.946800,89.960545,89.989225,89.977057,89.945238,89.935991,89.928683,89.921435,89.910291,89.929340,89.917608,89.899854,89.864870,89.858702,89.865871,89.866259,89.872757,89.882051,89.891005,89.894053,89.896979,89.903186,89.916676,89.930542,89.962753,89.967976,89.963466,89.959734,89.955064,89.952280,89.957272,89.969638,89.985709,89.995529,90.124539,90.063493,90.080887,90.010313,90.167254,90.136485,90.159560,90.152604,90.000811,89.971782,89.985180,89.996794,90.006037,90.009529,89.995472,90.164084,90.031327,90.000074,89.992173,90.010107,90.177880,90.115047,90.065958,90.113347,90.175043,90.161217,90.108726,89.997190,89.994594,90.144382,90.129015,90.103028,90.138135,90.012283,89.980285,89.997303,90.005624,90.000421,90.108852,90.124819,90.020661,89.986647,89.986092,89.975999,89.967519,89.990829,89.977706,90.019992,90.127254,90.010303,89.994285,89.983869,89.980249,89.990559,90.000503,90.004217,90.001348,89.994790,89.982915,89.968498,89.957888,89.953780,89.953576,89.951477,89.949317,89.953519,89.964962,89.975763,89.981711,89.984747,89.987947,89.989046,89.991621,89.991263,89.988262,89.975795,89.968410,89.970618,89.959894,89.924131,89.915182,89.937199,89.928619,89.922260,89.901442,89.903232,89.912010,89.915068,89.921747,89.932907,89.935589,89.932064,89.915841,89.914296,89.910147,89.906885,89.909582,89.916063,89.897323,89.895226,89.907573,89.923422,89.931097,89.939355,89.957229,89.965870,89.958656,89.952163,89.954049,89.971330,89.963193,89.957380,89.951714,89.944457,89.941843,89.949510,89.962212,89.952148,89.931623,89.929562,89.923066,89.900193,89.885978,89.884775,89.885846,89.886138,0.000617,0.000818,0.000907,0.000870,0.000810,0.000530,0.000534,0.000469,0.000471,0.000622,0.000658,0.000679,0.000712,0.000741,0.000750,0.000745,0.000734,0.000715,0.000697,0.000697,0.000688,0.000550,0.000733,0.000822,0.000848,0.000896,0.000912,0.000889,0.000867,0.000866,0.000876,0.000883,0.000914,0.000929,0.000753,0.001097,0.001152,0.001169,0.001180,0.001180,0.001174,0.001167,0.001159,0.001166,0.001150,0.001102,0.001032,0.000951,0.000888,0.000859,0.000848,0.000844,0.000869,0.000932,0.001016,0.001094,0.001140,0.001160,0.001172,0.001167,0.001161,0.001190,0.001230,0.001243,0.001166,0.001172,0.001137,0.001078,0.000976,0.000969,0.001136,0.001172,0.001202,0.001217,0.001225,0.001181,0.001064,0.000896,0.000932,0.000932,0.000849,0.000924,0.001138,0.001096,0.000916,0.000960,0.000954,0.000960,0.000956,0.000934,0.000929,0.000924,0.000650,0.000744,0.001001,0.000992,0.000973,0.000954,0.000992,0.000632,0.000650,0.000690,0.000977,0.000950,0.000795,0.000768,0.000723,0.000698,0.000663,0.000642,0.000641,0.000670,0.000661,0.000658,0.000379,0.000358,0.000365,0.000377,0.000422,0.000455,0.000451,0.000456,0.000440,0.000428,0.000440,0.000868,0.000463,0.000510,0.000575,0.000833,0.000829,0.000675,0.000700,0.000662,0.000587,0.000511,0.000502,0.000493,0.000480,0.000673,0.000453,0.000401,0.000574,0.000571,0.000628,0.000723,0.000799,0.000833,0.000780,0.000712,0.000615,0.000623,0.000657,0.000341,0.000394,0.000376,0.000313,0.000364,0.000355,0.000364,0.000424,0.000375,0.000469,0.000400,0.000383,0.000394,0.000391,0.000382,0.000388,0.000420,0.000425,0.000348,0.000276,0.000275,0.000271,0.000281,0.000372,0.000397,0.000407,0.000419,0.000453,0.000490,0.000518,0.000531,0.000532,0.000536,0.000536,0.000519,0.000499,0.000476,0.000461,0.000448,0.000448,0.000444,0.000420,0.000388,0.000387,0.000406,0.000419,0.000420,0.000402,0.000367,0.000438,0.000590,0.000606,0.000267,0.000283,0.000237,0.000399,0.000415,0.000371,0.000372,0.000404,0.000407,0.000403,0.000392,0.000573,0.000564,0.000593,0.000647,0.000649,0.000518,0.000625,0.000620,0.000595,0.000569,0.000625,0.000677,0.000639,0.000649,0.000711,0.000715,0.000679,0.000465,0.000556,0.000624,0.000665,0.000676,0.000643,0.000571,0.000418,0.000430,0.000555,0.000543,0.000582,0.000713,0.000718,0.000651,0.000610,0.000584
-0.008320,-0.007456,-0.003225,0.000371,0.001696,0.005752,0.004090,0.004171,0.002059,-0.002183,-0.001983,-0.003148,-0.006878,-0.010821,-0.013958,-0.015753,-0.018277,-0.021439,-0.025101,-0.028560,-0.031010,-0.030455,-0.035807,-0.036421,-0.035965,-0.036313,-0.036126,-0.034908,-0.034955,-0.037318,-0.040992,-0.043858,-0.046157,-0.049875,-0.052446,-0.061812,-0.059352,-0.058139,-0.058989,-0.059824,-0.051797,0.007061,0.019321,0.022480,0.021820,0.020711,0.019775,0.017386,0.014011,0.012218,0.014019,0.015065,0.011655,0.003880,-0.005423,-0.013166,-0.020052,-0.024191,-0.025738,-0.025157,-0.024254,-0.021846,-0.016877,-0.005772,0.007027,0.002229,-0.005447,-0.000376,0.026673,0.034402,0.031170,0.029293,0.025094,0.021568,0.020978,0.021574,0.020950,0.019942,0.020009,0.022429,0.024312,0.026703,0.029838,0.035306,0.037229,0.035189,0.036044,0.037032,0.037510,0.037379,0.037537,0.038885,0.040543,0.037134,0.034979,0.036668,0.033629,0.028988,0.026082,0.026958,0.022202,0.020716,0.016008,0.018933,0.018074,0.016623,0.018565,0.018249,0.015960,0.015552,0.016155,0.015505,0.014199,0.013078,0.015836,0.015092,0.014690,0.013903,0.012810,0.012322,0.011698,0.010514,0.010990,0.011728,0.023050,-0.001495,0.013138,-0.001411,0.026799,-0.002205,0.012782,0.012621,-0.004127,0.015261,0.017790,0.012911,0.010099,0.005854,0.006474,0.022697,-0.002984,-0.002345,-0.000285,0.001008,0.020863,-0.004510,-0.003824,0.014633,0.021480,0.021982,0.020605,0.011925,0.025242,0.044887,0.015429,0.002907,0.000213,-0.022519,-0.005532,-0.003369,-0.003903,0.000434,0.015289,-0.003013,-0.016971,-0.000073,0.001551,-0.002335,-0.000598,-0.000912,-0.001760,0.005323,0.009030,-0.023010,-0.004858,-0.003065,-0.004024,-0.005296,-0.003726,-0.006664,-0.003750,-0.004222,-0.004932,-0.005902,-0.006793,-0.009075,-0.011884,-0.011274,-0.011645,-0.013959,-0.016107,-0.016501,-0.016643,-0.019081,-0.021587,-0.022697,-0.022144,-0.020661,-0.019055,-0.016219,-0.015797,-0.015020,-0.007790,0.000497,0.005229,0.010633,0.009902,0.011030,0.008031,0.010397,0.012716,0.012919,0.011144,0.008967,0.006455,0.004562,0.000516,0.000079,-0.002317,-0.004057,-0.003876,-0.004275,-0.009091,-0.010701,-0.012063,-0.013072,-0.013917,-0.013201,-0.012239,-0.013110,-0.014383,-0.013828,-0.014076,-0.013340,-0.016669,-0.014555,-0.012525,-0.010440,-0.007855,-0.004857,-0.005013,-0.009026,-0.011018,-0.010217,-0.014259,-0.017486,-0.014782,-0.012969,-0.012300,-0.010927,89.878942,89.865842,89.865979,89.877656,89.884776,89.904509,89.902339,89.915390,89.935527,89.929643,89.925604,89.923431,89.925603,89.929186,89.928790,89.923754,89.921227,89.922067,89.921455,89.921116,89.927320,89.949824,89.938617,89.932758,89.940124,89.949329,89.954285,89.954950,89.955771,89.961768,89.968219,89.967041,89.958593,89.950037,89.958174,89.929608,89.910936,89.898652,89.895274,89.912185,89.958787,90.260567,90.423805,90.500957,90.515580,90.500707,90.469581,90.422069,90.346226,90.285666,90.260751,90.277782,90.330475,90.369762,90.402060,90.430780,90.434494,90.412850,90.400353,90.388392,90.351874,90.285952,90.229480,90.217774,90.267017,90.286454,90.188327,90.007742,89.952318,89.929165,89.908422,89.893409,89.874215,89.845996,89.823224,89.812473,89.811243,89.816730,89.820345,89.837891,89.859313,89.860713,89.853633,89.873452,89.910465,89.928938,89.941781,89.948258,89.947910,89.948274,89.953928,89.962726,89.981918,89.970027,89.943407,89.940896,89.933100,89.916878,89.901746,89.911968,89.900329,89.891233,89.858135,89.855742,89.861011,89.861406,89.866275,89.871496,89.876972,89.886754,89.899432,89.907726,89.915848,89.922786,89.943486,89.943855,89.950421,89.959392,89.959948,89.953480,89.952091,89.960090,89.985821,90.013544,90.128624,90.061836,90.071498,90.017965,90.177936,90.134740,90.173109,90.157309,90.011388,89.981775,89.976250,89.986924,89.998396,89.996892,90.000091,90.134504,90.033537,90.001321,90.003905,90.004757,90.166175,90.132495,90.085221,90.136547,90.169575,90.157566,90.101694,89.992091,89.990629,90.134422,90.120926,90.114335,90.155218,90.001489,89.986537,90.009896,90.009113,90.015889,90.130970,90.127538,90.003997,89.979894,89.984123,89.969169,89.966709,89.976611,89.962062,90.013308,90.139287,90.005871,90.002701,90.003600,89.996596,89.992785,89.987766,89.989195,89.991554,89.987478,89.974992,89.963988,89.958155,89.954295,89.945424,89.934709,89.935574,89.948468,89.962999,89.974571,89.983084,89.987816,89.985894,89.979357,89.981022,89.986525,89.985957,89.984709,89.983462,89.978265,89.958204,89.920403,89.905199,89.933424,89.926683,89.914681,89.893790,89.899922,89.912808,89.918932,89.924046,89.933380,89.937170,89.933268,89.913327,89.913745,89.917210,89.919173,89.922838,89.924193,89.899930,89.891371,89.905665,89.928547,89.936256,89.936046,89.947055,89.960004,89.962951,89.959880,89.956326,89.971483,89.965999,89.961881,89.955391,89.946716,89.942075,89.946770,89.954794,89.944863,89.926293,89.927297,89.924788,89.905491,89.894831,89.894144,89.893578,89.887588,0.000626,0.000814,0.000926,0.000895,0.000847,0.000548,0.000580,0.000556,0.000499,0.000682,0.000716,0.000711,0.000716,0.000736,0.000754,0.000756,0.000745,0.000761,0.000799,0.000805,0.000755,0.000525,0.000704,0.000834,0.000875,0.000916,0.000930,0.000919,0.000922,0.000937,0.000938,0.000934,0.000938,0.000932,0.000771,0.001091,0.001161,0.001204,0.001243,0.001265,0.001282,0.001269,0.001233,0.001179,0.001109,0.001039,0.000974,0.000918,0.000863,0.000832,0.000819,0.000821,0.000857,0.000918,0.001007,0.001098,0.001144,0.001150,0.001163,0.001167,0.001166,0.001192,0.001245,0.001236,0.001129,0.001115,0.001124,0.001036,0.000973,0.001043,0.001173,0.001237,0.001246,0.001236,0.001217,0.001171,0.001064,0.000916,0.000938,0.000950,0.000909,0.000982,0.001170,0.001137,0.000950,0.000942,0.000925,0.000944,0.000971,0.000960,0.000953,0.000930,0.000673,0.000740,0.001007,0.000983,0.000940,0.000947,0.000941,0.000660,0.000710,0.000710,0.001047,0.001005,0.000892,0.000876,0.000818,0.000772,0.000767,0.000740,0.000702,0.000734,0.000739,0.000679,0.000389,0.000388,0.000403,0.000410,0.000440,0.000472,0.000471,0.000468,0.000444,0.000440,0.000494,0.000656,0.000556,0.000572,0.000590,0.000833,0.000783,0.000607,0.000726,0.000579,0.000613,0.000546,0.000537,0.000545,0.000533,0.000637,0.000376,0.000409,0.000667,0.000691,0.000659,0.000723,0.000819,0.000827,0.000796,0.000722,0.000621,0.000595,0.000596,0.000296,0.000343,0.000370,0.000351,0.000319,0.000355,0.000377,0.000370,0.000376,0.000508,0.000493,0.000400,0.000452,0.000462,0.000446,0.000418,0.000418,0.000417,0.000359,0.000289,0.000307,0.000311,0.000319,0.000409,0.000422,0.000440,0.000457,0.000482,0.000494,0.000502,0.000519,0.000548,0.000562,0.000554,0.000529,0.000487,0.000456,0.000453,0.000440,0.000422,0.000413,0.000409,0.000412,0.000428,0.000446,0.000432,0.000406,0.000408,0.000412,0.000405,0.000644,0.000742,0.000316,0.000335,0.000305,0.000453,0.000432,0.000375,0.000369,0.000397,0.000402,0.000394,0.000381,0.000600,0.000632,0.000669,0.000743,0.000731,0.000573,0.000655,0.000681,0.000657,0.000602,0.000639,0.000693,0.000651,0.000649,0.000698,0.000699,0.000694,0.000525,0.000665,0.000741,0.000761,0.000739,0.000683,0.000590,0.000456,0.000458,0.000561,0.000533,0.000552,0.000678,0.000695,0.000680,0.000654,0.000615
-0.006718,-0.005620,-0.001414,0.000915,0.002102,0.005737,0.003951,0.003252,0.000989,-0.002318,-0.001958,-0.003717,-0.007266,-0.010951,-0.014246,-0.015556,-0.018651,-0.022759,-0.026187,-0.028058,-0.030032,-0.030203,-0.034363,-0.033946,-0.035148,-0.036021,-0.035686,-0.035036,-0.037202,-0.040087,-0.041844,-0.042416,-0.045779,-0.051037,-0.053438,-0.062004,-0.059007,-0.057980,-0.057686,-0.058787,-0.050466,0.004529,0.018291,0.024043,0.024567,0.023022,0.020406,0.018072,0.014536,0.014593,0.015674,0.016661,0.011848,0.003366,-0.005367,-0.012794,-0.019155,-0.024534,-0.026441,-0.024406,-0.021772,-0.021252,-0.015501,-0.006409,0.006316,0.002337,-0.004728,-0.001837,0.025265,0.033508,0.030923,0.029163,0.025385,0.022182,0.021252,0.021038,0.019958,0.019806,0.019547,0.023474,0.025890,0.027656,0.029847,0.035619,0.037474,0.035973,0.036838,0.035851,0.035606,0.036663,0.036377,0.036102,0.039472,0.037195,0.035646,0.035676,0.033811,0.030746,0.025877,0.026234,0.020868,0.019575,0.015100,0.017034,0.018100,0.016841,0.017705,0.017779,0.016904,0.014959,0.013389,0.014313,0.014489,0.012678,0.014629,0.014993,0.015674,0.014500,0.012794,0.012027,0.011898,0.010731,0.008806,0.009733,0.021225,-0.001985,0.014423,-0.001265,0.026996,-0.001416,0.012156,0.012412,-0.002272,0.015279,0.018773,0.014177,0.009150,0.005168,0.003822,0.024589,-0.004061,-0.003026,0.000880,0.002742,0.020213,-0.005880,-0.006299,0.012500,0.022102,0.020465,0.022142,0.009254,0.024497,0.044650,0.015552,0.003242,-0.002274,-0.022327,-0.007288,-0.001734,-0.002713,0.000482,0.013402,-0.000480,-0.015735,-0.000894,-0.000125,0.002061,0.000341,-0.000669,-0.002262,0.006681,0.009439,-0.022545,-0.006403,-0.005090,-0.004598,-0.003239,-0.003174,-0.003705,-0.003528,-0.003008,-0.004356,-0.006605,-0.008223,-0.009441,-0.011120,-0.010961,-0.011201,-0.012709,-0.014725,-0.016085,-0.017175,-0.019037,-0.020434,-0.021025,-0.021746,-0.021324,-0.019351,-0.016599,-0.014967,-0.014049,-0.008554,-0.002630,0.006261,0.010703,0.008722,0.008656,0.007553,0.011603,0.013624,0.012344,0.009691,0.008413,0.007311,0.005158,0.001065,0.001290,-0.001359,-0.003745,-0.004405,-0.004976,-0.008642,-0.009926,-0.011901,-0.013508,-0.013602,-0.012959,-0.013590,-0.014483,-0.015111,-0.014327,-0.015525,-0.014329,-0.015965,-0.013808,-0.012565,-0.010854,-0.007823,-0.004537,-0.005206,-0.008414,-0.010211,-0.010494,-0.013963,-0.016457,-0.014887,-0.013230,-0.011434,-0.008794,89.884925,89.868531,89.864437,89.870377,89.881827,89.910546,89.915489,89.926382,89.934942,89.920469,89.908010,89.902662,89.909017,89.915063,89.913565,89.911227,89.915521,89.922522,89.925600,89.928037,89.933232,89.946952,89.935407,89.937884,89.942950,89.947294,89.949248,89.950058,89.956145,89.968260,89.978833,89.979660,89.966420,89.952078,89.961531,89.933884,89.917099,89.903096,89.895256,89.902593,89.959646,90.256489,90.437315,90.518130,90.526155,90.506320,90.467622,90.414889,90.344490,90.290151,90.261738,90.269667,90.327999,90.377752,90.410049,90.427126,90.430555,90.412072,90.395029,90.373350,90.332892,90.272205,90.220304,90.209876,90.270088,90.294013,90.190547,90.006104,89.954139,89.941409,89.915320,89.892964,89.867766,89.840360,89.821168,89.815423,89.816927,89.820956,89.815110,89.826081,89.848155,89.861840,89.862239,89.887953,89.922611,89.930356,89.933025,89.930761,89.931524,89.940159,89.953195,89.964778,89.989979,89.978413,89.953183,89.943200,89.929757,89.912694,89.899832,89.917060,89.909963,89.896247,89.860259,89.848837,89.852675,89.853262,89.859648,89.865031,89.874187,89.885079,89.895177,89.906187,89.920053,89.928685,89.943262,89.939078,89.941460,89.951060,89.957705,89.958529,89.961183,89.970934,89.989972,90.009419,90.118337,90.062348,90.063201,89.999556,90.159639,90.154057,90.176900,90.152813,89.998069,89.974962,89.974157,89.983241,89.991743,89.998856,90.012442,90.158583,90.035488,90.012204,90.015497,90.020081,90.179563,90.116330,90.071247,90.112391,90.169752,90.140300,90.093455,89.989644,89.993374,90.145200,90.131532,90.125072,90.141335,90.010641,89.986101,90.000042,90.012390,90.028444,90.099084,90.114971,90.000431,89.981968,89.996028,89.998587,89.979020,89.983057,89.968340,90.027091,90.134901,90.000798,89.994803,89.997389,89.995966,89.998576,89.996125,89.992780,89.992522,89.992090,89.982833,89.970933,89.964188,89.960036,89.952366,89.943067,89.940784,89.948800,89.962376,89.974065,89.984755,89.992007,89.993004,89.989818,89.988977,89.990667,89.997012,89.994920,89.986727,89.976156,89.960274,89.927306,89.912939,89.932717,89.926464,89.922722,89.902027,89.903339,89.913576,89.918276,89.919759,89.926803,89.934052,89.935102,89.917332,89.911074,89.905473,89.904752,89.909670,89.916777,89.905810,89.906772,89.917766,89.932452,89.941591,89.949852,89.959461,89.960711,89.954544,89.953516,89.955662,89.970540,89.960513,89.955063,89.949780,89.941150,89.938284,89.947431,89.956047,89.947432,89.930511,89.926574,89.917325,89.894763,89.884404,89.888455,89.893596,89.892046,0.000631,0.000803,0.000892,0.000904,0.000826,0.000485,0.000484,0.000454,0.000445,0.000625,0.000671,0.000674,0.000657,0.000664,0.000702,0.000748,0.000790,0.000814,0.000806,0.000750,0.000692,0.000567,0.000791,0.000836,0.000883,0.000929,0.000948,0.000941,0.000919,0.000893,0.000887,0.000873,0.000904,0.000939,0.000799,0.001171,0.001231,0.001226,0.001179,0.001189,0.001205,0.001209,0.001197,0.001150,0.001079,0.001019,0.000974,0.000935,0.000903,0.000871,0.000857,0.000829,0.000871,0.000934,0.001008,0.001072,0.001120,0.001157,0.001197,0.001212,0.001202,0.001235,0.001271,0.001284,0.001211,0.001210,0.001167,0.001058,0.000931,0.000956,0.001152,0.001219,0.001243,0.001259,0.001270,0.001246,0.001157,0.001002,0.000996,0.000939,0.000863,0.000923,0.001169,0.001125,0.000955,0.001022,0.001007,0.000973,0.000946,0.000943,0.000963,0.000972,0.000685,0.000759,0.000948,0.000921,0.000906,0.000946,0.000995,0.000686,0.000704,0.000763,0.001087,0.001069,0.000876,0.000820,0.000777,0.000793,0.000800,0.000768,0.000741,0.000746,0.000719,0.000660,0.000412,0.000400,0.000402,0.000390,0.000396,0.000412,0.000415,0.000420,0.000392,0.000383,0.000427,0.000803,0.000472,0.000532,0.000599,0.000900,0.000788,0.000665,0.000712,0.000571,0.000597,0.000519,0.000508,0.000507,0.000492,0.000396,0.000413,0.000439,0.000601,0.000617,0.000675,0.000794,0.000858,0.000870,0.000854,0.000760,0.000627,0.000665,0.000632,0.000309,0.000342,0.000390,0.000346,0.000381,0.000362,0.000398,0.000374,0.000499,0.000397,0.000406,0.000419,0.000385,0.000388,0.000409,0.000426,0.000432,0.000403,0.000326,0.000253,0.000275,0.000292,0.000312,0.000421,0.000462,0.000496,0.000499,0.000490,0.000478,0.000480,0.000495,0.000513,0.000534,0.000539,0.000520,0.000499,0.000479,0.000452,0.000422,0.000393,0.000394,0.000420,0.000438,0.000455,0.000466,0.000454,0.000423,0.000399,0.000385,0.000395,0.000602,0.000648,0.000390,0.000344,0.000263,0.000477,0.000485,0.000416,0.000384,0.000399,0.000409,0.000408,0.000406,0.000590,0.000604,0.000645,0.000673,0.000633,0.000505,0.000605,0.000653,0.000671,0.000650,0.000671,0.000682,0.000649,0.000683,0.000742,0.000726,0.000705,0.000516,0.000623,0.000660,0.000674,0.000693,0.000652,0.000525,0.000393,0.000392,0.000469,0.000458,0.000521,0.000683,0.000719,0.000691,0.000663,0.000627
-0.007368,-0.007651,-0.004994,-0.000907,0.002247,0.007744,0.004491,0.004106,0.001555,-0.002937,-0.002344,-0.003718,-0.007050,-0.010709,-0.014216,-0.015780,-0.017486,-0.021074,-0.025453,-0.028853,-0.031245,-0.030655,-0.035146,-0.034398,-0.034948,-0.036125,-0.036167,-0.035119,-0.035353,-0.037362,-0.041440,-0.044500,-0.046674,-0.049662,-0.052479,-0.061714,-0.059215,-0.056710,-0.057684,-0.059361,-0.050598,0.006866,0.019634,0.023468,0.024460,0.022708,0.018867,0.015623,0.013963,0.013799,0.016251,0.016585,0.011876,0.003535,-0.005393,-0.012449,-0.018534,-0.023311,-0.024962,-0.024012,-0.023265,-0.021710,-0.018018,-0.006250,0.007950,0.003796,-0.004736,-0.001421,0.025009,0.034114,0.030670,0.028533,0.025584,0.022148,0.020835,0.020951,0.020377,0.019955,0.020302,0.024152,0.026297,0.026911,0.029366,0.035114,0.036077,0.035649,0.035601,0.035541,0.036074,0.037624,0.037318,0.038078,0.041059,0.036872,0.035199,0.035965,0.033814,0.028565,0.024821,0.027138,0.021791,0.019737,0.015031,0.015974,0.016588,0.016616,0.018663,0.018289,0.017422,0.015998,0.014259,0.014094,0.014158,0.013464,0.016149,0.014288,0.014637,0.014734,0.013482,0.012183,0.011525,0.011616,0.011355,0.009973,0.021865,-0.002369,0.014375,-0.001676,0.027018,-0.000011,0.011337,0.013512,-0.003686,0.014171,0.017618,0.013644,0.010326,0.006509,0.005226,0.022956,-0.003756,-0.003274,0.001510,0.002422,0.019924,-0.004304,-0.002819,0.012384,0.021821,0.021695,0.021547,0.010626,0.024519,0.044231,0.016530,0.003972,-0.000612,-0.022324,-0.005632,-0.001781,-0.003004,0.000766,0.017220,-0.001877,-0.017599,-0.002536,0.000819,-0.000719,-0.000659,-0.000347,-0.001498,0.005750,0.008723,-0.022501,-0.005615,-0.004230,-0.005789,-0.004894,-0.004251,-0.005561,-0.005957,-0.005391,-0.003689,-0.004263,-0.006926,-0.010061,-0.011688,-0.010734,-0.011077,-0.012428,-0.014867,-0.016089,-0.017526,-0.020383,-0.022825,-0.022281,-0.022149,-0.021137,-0.019018,-0.014906,-0.014144,-0.013957,-0.010163,0.000695,0.005479,0.009848,0.007417,0.008370,0.008421,0.010307,0.012625,0.012175,0.009419,0.007920,0.006623,0.005239,0.001534,0.001923,-0.000618,-0.003462,-0.005489,-0.005275,-0.008878,-0.009986,-0.011791,-0.012733,-0.012841,-0.012305,-0.013401,-0.015047,-0.015831,-0.015528,-0.015747,-0.013555,-0.015354,-0.013204,-0.011559,-0.010710,-0.008653,-0.004930,-0.005257,-0.010037,-0.012569,-0.010548,-0.012931,-0.016380,-0.015463,-0.013603,-0.012146,-0.009999,89.895011,89.878778,89.870214,89.871789,89.874389,89.903535,89.907134,89.927026,89.946814,89.936063,89.928497,89.919378,89.917771,89.923289,89.927176,89.924768,89.920726,89.919682,89.919136,89.918890,89.921398,89.940820,89.932322,89.931503,89.940097,89.946575,89.951073,89.954324,89.958110,89.964435,89.969540,89.968796,89.959104,89.946982,89.949251,89.922961,89.908340,89.898942,89.899611,89.900293,89.950050,90.250734,90.434493,90.506850,90.522925,90.510001,90.467092,90.405399,90.336855,90.287549,90.267574,90.282807,90.333876,90.376134,90.405133,90.422064,90.426896,90.415288,90.391445,90.358482,90.319074,90.279325,90.221184,90.195490,90.247841,90.284008,90.192457,90.009463,89.954806,89.937546,89.911981,89.892929,89.873590,89.849332,89.828318,89.813337,89.811135,89.822521,89.826792,89.837215,89.857375,89.867296,89.865863,89.892031,89.922810,89.941264,89.947590,89.943738,89.937326,89.937981,89.943255,89.955367,89.987836,89.976066,89.947239,89.936708,89.932374,89.923262,89.907543,89.916932,89.902466,89.885922,89.850952,89.841915,89.849428,89.854456,89.864636,89.872524,89.880994,89.891509,89.897639,89.899656,89.904503,89.915780,89.944959,89.946937,89.945848,89.950792,89.956725,89.960623,89.962847,89.965446,89.971630,89.987499,90.109982,90.048870,90.080942,90.008502,90.178150,90.138394,90.163886,90.156852,89.998158,89.971890,89.987514,89.996855,90.002898,90.000324,89.993480,90.135497,90.033969,89.999933,90.011514,90.016138,90.184498,90.118117,90.076590,90.119534,90.178140,90.158695,90.117179,90.001539,89.995778,90.132433,90.135444,90.112047,90.146632,90.002988,89.972358,89.993822,90.006247,89.996410,90.121443,90.129463,90.000302,89.979005,89.982674,89.968243,89.965504,89.974663,89.963320,90.011684,90.137799,90.013816,90.011063,90.006941,89.992084,89.992102,89.997265,90.000957,89.999166,89.992987,89.978526,89.963533,89.955762,89.954745,89.953182,89.948770,89.947550,89.952316,89.962963,89.974674,89.984074,89.992660,89.996576,89.994695,89.991010,89.989404,89.985604,89.974723,89.973152,89.976759,89.960622,89.915820,89.903254,89.929473,89.924303,89.917033,89.904095,89.910128,89.920129,89.918136,89.913847,89.918108,89.923242,89.926014,89.914498,89.918950,89.916979,89.911548,89.904946,89.905219,89.888637,89.892508,89.910332,89.928958,89.934994,89.941221,89.957973,89.967028,89.962524,89.957093,89.954436,89.969972,89.963440,89.961191,89.957713,89.950541,89.946372,89.949539,89.952848,89.939499,89.918518,89.923929,89.924544,89.903129,89.889312,89.892330,89.899189,89.900046,0.000656,0.000875,0.000997,0.000969,0.000921,0.000538,0.000592,0.000542,0.000482,0.000690,0.000725,0.000760,0.000780,0.000788,0.000793,0.000786,0.000783,0.000793,0.000808,0.000788,0.000765,0.000551,0.000717,0.000822,0.000870,0.000942,0.000974,0.000969,0.000953,0.000931,0.000914,0.000884,0.000867,0.000855,0.000777,0.001143,0.001214,0.001214,0.001194,0.001170,0.001184,0.001209,0.001224,0.001218,0.001175,0.001108,0.001032,0.000967,0.000924,0.000916,0.000930,0.000957,0.000993,0.001039,0.001094,0.001145,0.001190,0.001236,0.001265,0.001246,0.001216,0.001212,0.001264,0.001270,0.001205,0.001211,0.001192,0.001068,0.000994,0.000988,0.001160,0.001274,0.001314,0.001285,0.001218,0.001143,0.001037,0.000902,0.000949,0.000958,0.000883,0.000986,0.001234,0.001136,0.001002,0.000980,0.000982,0.000976,0.000952,0.000913,0.000945,0.000969,0.000659,0.000761,0.000970,0.000974,0.000985,0.001058,0.001093,0.000731,0.000703,0.000714,0.001016,0.001033,0.000915,0.000891,0.000815,0.000788,0.000783,0.000737,0.000713,0.000741,0.000767,0.000731,0.000424,0.000402,0.000411,0.000415,0.000435,0.000439,0.000450,0.000478,0.000462,0.000444,0.000444,0.000807,0.000535,0.000597,0.000768,0.000868,0.000843,0.000685,0.000713,0.000554,0.000552,0.000490,0.000503,0.000504,0.000485,0.000464,0.000405,0.000430,0.000633,0.000635,0.000637,0.000794,0.000875,0.000918,0.000867,0.000809,0.000780,0.000656,0.000648,0.000360,0.000375,0.000436,0.000420,0.000424,0.000416,0.000558,0.000495,0.000319,0.000474,0.000459,0.000428,0.000440,0.000442,0.000414,0.000428,0.000464,0.000467,0.000394,0.000323,0.000328,0.000319,0.000329,0.000428,0.000450,0.000488,0.000527,0.000546,0.000547,0.000567,0.000593,0.000587,0.000556,0.000530,0.000520,0.000525,0.000526,0.000508,0.000482,0.000476,0.000471,0.000464,0.000470,0.000481,0.000477,0.000456,0.000439,0.000439,0.000434,0.000504,0.000738,0.000790,0.000388,0.000364,0.000377,0.000518,0.000503,0.000415,0.000382,0.000403,0.000397,0.000396,0.000404,0.000629,0.000643,0.000702,0.000757,0.000750,0.000577,0.000668,0.000686,0.000686,0.000653,0.000698,0.000755,0.000716,0.000724,0.000759,0.000719,0.000693,0.000499,0.000620,0.000664,0.000695,0.000716,0.000668,0.000560,0.000432,0.000450,0.000629,0.000616,0.000623,0.000743,0.000757,0.000693,0.000633,0.000608
-0.008189,-0.007454,-0.003747,0.000184,0.002371,0.006103,0.003744,0.002895,0.000083,-0.004074,-0.003183,-0.003647,-0.006782,-0.011039,-0.015233,-0.018242,-0.020382,-0.022731,-0.025449,-0.028327,-0.031009,-0.030750,-0.035718,-0.035774,-0.035188,-0.035268,-0.035446,-0.035849,-0.036939,-0.038425,-0.040279,-0.042494,-0.046168,-0.049968,-0.051515,-0.061969,-0.059085,-0.057552,-0.058691,-0.058092,-0.050801,0.007049,0.017678,0.022911,0.024105,0.023386,0.021190,0.018224,0.014194,0.014954,0.017045,0.015204,0.011176,0.005198,-0.002961,-0.011023,-0.018952,-0.023824,-0.025553,-0.024779,-0.024513,-0.023259,-0.016314,-0.005803,0.005787,0.002444,-0.004971,-0.002104,0.027250,0.033663,0.030121,0.028714,0.024884,0.022297,0.021350,0.021513,0.020356,0.018851,0.018148,0.022414,0.025510,0.026129,0.029004,0.034494,0.037951,0.036533,0.035210,0.034985,0.036393,0.038323,0.037965,0.037480,0.040410,0.037114,0.036324,0.036594,0.033616,0.029476,0.025503,0.027078,0.021682,0.019028,0.014286,0.016996,0.017743,0.017670,0.018407,0.018353,0.017106,0.015105,0.013584,0.013193,0.013757,0.013918,0.016139,0.014610,0.014588,0.014668,0.013259,0.012263,0.012440,0.012682,0.010224,0.011193,0.021842,-0.000516,0.014886,-0.001240,0.026290,-0.000923,0.011896,0.013474,-0.001680,0.015617,0.016829,0.015299,0.010348,0.004914,0.003473,0.023003,-0.002753,-0.002633,0.001121,0.001492,0.020807,-0.006691,-0.005655,0.011873,0.022363,0.019900,0.020425,0.009213,0.024046,0.045223,0.013963,0.004282,-0.003712,-0.020417,-0.005120,-0.001401,-0.003439,0.000614,0.015122,-0.003452,-0.017142,-0.001468,0.000922,0.000101,-0.001168,-0.001441,-0.000661,0.006782,0.008036,-0.021084,-0.005086,-0.004209,-0.005456,-0.003835,-0.004339,-0.005827,-0.004264,-0.005171,-0.004923,-0.005461,-0.007096,-0.009220,-0.011183,-0.011569,-0.011720,-0.013383,-0.016445,-0.017496,-0.017479,-0.018861,-0.019545,-0.021026,-0.020863,-0.021280,-0.019342,-0.016777,-0.014407,-0.013203,-0.008965,-0.002832,0.006080,0.011823,0.007245,0.008322,0.006966,0.009991,0.013800,0.014068,0.011562,0.009933,0.009205,0.006971,0.000989,-0.000142,-0.001936,-0.003200,-0.004426,-0.005617,-0.009796,-0.008810,-0.009232,-0.011594,-0.013995,-0.013615,-0.013339,-0.014321,-0.014571,-0.014530,-0.015667,-0.014162,-0.015491,-0.013020,-0.011535,-0.010793,-0.008704,-0.005485,-0.004561,-0.008701,-0.011481,-0.009963,-0.012717,-0.016472,-0.015468,-0.012943,-0.011317,-0.009587,89.892265,89.872978,89.869043,89.878584,89.882512,89.903147,89.910600,89.928325,89.942103,89.927646,89.920854,89.919265,89.920279,89.919714,89.917626,89.914842,89.916136,89.918766,89.917970,89.918197,89.924430,89.943558,89.934753,89.928557,89.931751,89.939805,89.948049,89.947255,89.946219,89.954899,89.970162,89.976645,89.966370,89.951758,89.965955,89.939511,89.917489,89.900544,89.899135,89.907468,89.961835,90.251647,90.424901,90.511768,90.527168,90.513220,90.475442,90.414608,90.335678,90.292519,90.280599,90.290672,90.333243,90.366748,90.398624,90.422490,90.427650,90.409643,90.392122,90.362899,90.318131,90.271815,90.236940,90.216611,90.258289,90.287691,90.188437,90.008288,89.944444,89.924006,89.900226,89.887222,89.871086,89.845290,89.824134,89.816352,89.819995,89.828483,89.824418,89.832298,89.847259,89.853172,89.857250,89.879874,89.915137,89.930550,89.937272,89.934994,89.931454,89.936412,89.945552,89.955886,89.980131,89.970474,89.951875,89.944485,89.929694,89.910435,89.894804,89.911307,89.907131,89.894593,89.857323,89.846985,89.850852,89.856145,89.860618,89.866295,89.873081,89.880422,89.888275,89.897567,89.911661,89.924840,89.948030,89.947960,89.952796,89.963734,89.968276,89.965279,89.966284,89.975738,89.986999,90.013829,90.123128,90.068407,90.065199,90.004039,90.175767,90.141812,90.171558,90.172700,90.008900,89.972245,89.983843,89.997624,90.009860,90.008613,89.996643,90.132564,90.019240,90.006674,90.010779,90.002014,90.181726,90.131966,90.078971,90.124988,90.172406,90.137987,90.110420,89.994306,89.991309,90.136598,90.131534,90.113044,90.128283,90.007628,89.973611,89.994173,89.990011,90.020281,90.103783,90.113923,89.987154,89.977026,89.981304,89.969519,89.970169,89.976399,89.958097,90.008754,90.136115,90.007721,89.999634,89.996657,89.984884,89.984551,89.987557,89.990990,89.991228,89.987122,89.973664,89.958193,89.950285,89.950504,89.949207,89.943897,89.942836,89.951647,89.963084,89.969781,89.975065,89.982776,89.988006,89.988390,89.986198,89.984713,89.984634,89.977755,89.972858,89.972502,89.962224,89.918193,89.909503,89.936394,89.921478,89.912469,89.898912,89.906339,89.917008,89.918641,89.922775,89.933541,89.941716,89.944636,89.927274,89.918078,89.910037,89.906919,89.908948,89.914737,89.899786,89.900650,89.909620,89.920159,89.925366,89.929469,89.940469,89.950430,89.955094,89.957601,89.958285,89.972078,89.966101,89.962006,89.957454,89.949472,89.945089,89.949434,89.956808,89.945424,89.924040,89.923474,89.919076,89.899443,89.891739,89.899620,89.907371,89.905483,0.000631,0.000813,0.000917,0.000872,0.000827,0.000546,0.000544,0.000500,0.000465,0.000658,0.000682,0.000679,0.000687,0.000715,0.000745,0.000769,0.000781,0.000798,0.000808,0.000781,0.000743,0.000596,0.000786,0.000881,0.000895,0.000906,0.000908,0.000932,0.000933,0.000913,0.000880,0.000857,0.000896,0.000965,0.000820,0.001197,0.001246,0.001235,0.001210,0.001214,0.001219,0.001213,0.001218,0.001201,0.001157,0.001101,0.001042,0.000981,0.000922,0.000892,0.000860,0.000869,0.000896,0.000926,0.000968,0.001006,0.001038,0.001079,0.001151,0.001194,0.001207,0.001231,0.001257,0.001273,0.001227,0.001229,0.001182,0.001089,0.001014,0.000996,0.001133,0.001173,0.001195,0.001259,0.001333,0.001325,0.001192,0.000969,0.000964,0.000932,0.000882,0.000942,0.001059,0.001035,0.000887,0.000936,0.000972,0.000999,0.000984,0.000927,0.000897,0.000874,0.000632,0.000776,0.000957,0.000916,0.000912,0.000958,0.000998,0.000670,0.000638,0.000663,0.001010,0.001040,0.000937,0.000841,0.000756,0.000706,0.000718,0.000723,0.000711,0.000747,0.000752,0.000706,0.000422,0.000392,0.000383,0.000377,0.000408,0.000446,0.000461,0.000467,0.000446,0.000445,0.000460,0.000721,0.000506,0.000550,0.000666,0.000852,0.000753,0.000638,0.000632,0.000531,0.000560,0.000531,0.000510,0.000487,0.000450,0.000476,0.000455,0.000470,0.000585,0.000612,0.000634,0.000691,0.000794,0.000853,0.000802,0.000797,0.000661,0.000650,0.000626,0.000354,0.000365,0.000395,0.000368,0.000362,0.000370,0.000374,0.000467,0.000522,0.000412,0.000402,0.000406,0.000450,0.000454,0.000443,0.000434,0.000442,0.000434,0.000340,0.000265,0.000274,0.000275,0.000285,0.000380,0.000408,0.000423,0.000441,0.000478,0.000517,0.000552,0.000553,0.000531,0.000513,0.000497,0.000474,0.000464,0.000469,0.000473,0.000467,0.000451,0.000445,0.000443,0.000417,0.000408,0.000418,0.000417,0.000405,0.000393,0.000372,0.000400,0.000690,0.000704,0.000261,0.000282,0.000279,0.000465,0.000466,0.000393,0.000363,0.000356,0.000338,0.000331,0.000333,0.000551,0.000602,0.000673,0.000747,0.000729,0.000557,0.000638,0.000628,0.000609,0.000577,0.000603,0.000635,0.000594,0.000599,0.000665,0.000698,0.000705,0.000520,0.000602,0.000642,0.000641,0.000627,0.000587,0.000524,0.000414,0.000437,0.000561,0.000522,0.000547,0.000680,0.000684,0.000624,0.000600,0.000585
-0.006629,-0.005414,-0.001836,0.000320,0.002337,0.006321,0.004464,0.004300,0.001296,-0.002470,-0.001374,-0.002789,-0.006803,-0.011575,-0.015195,-0.016347,-0.018231,-0.021539,-0.024660,-0.027355,-0.030719,-0.031829,-0.034977,-0.035040,-0.034932,-0.034729,-0.035144,-0.034912,-0.035623,-0.037981,-0.041425,-0.044179,-0.046668,-0.049833,-0.051893,-0.061427,-0.058418,-0.058241,-0.059306,-0.057991,-0.049952,0.006431,0.018200,0.023393,0.023974,0.022844,0.021699,0.018029,0.013442,0.013358,0.015651,0.016861,0.012513,0.003525,-0.005077,-0.012449,-0.018803,-0.022923,-0.025194,-0.024285,-0.022090,-0.022266,-0.017114,-0.007659,0.004043,0.001813,-0.004635,-0.000636,0.024950,0.034993,0.031963,0.029076,0.024029,0.021745,0.020675,0.020864,0.020689,0.019844,0.019189,0.022220,0.025085,0.026861,0.028727,0.035488,0.037174,0.035601,0.035657,0.035885,0.035627,0.035349,0.035797,0.036984,0.039709,0.036368,0.035452,0.035419,0.033051,0.030173,0.025956,0.027491,0.022131,0.018682,0.015282,0.017679,0.017826,0.016083,0.017445,0.017601,0.017012,0.016110,0.014828,0.013585,0.012381,0.012337,0.015541,0.014517,0.014363,0.014000,0.012839,0.011388,0.011877,0.012312,0.011371,0.011386,0.021351,-0.002218,0.014675,0.000848,0.026401,-0.000750,0.012169,0.014000,-0.003876,0.015150,0.017697,0.014995,0.011094,0.006016,0.004498,0.022482,-0.003178,-0.002977,0.000337,0.001024,0.019120,-0.005935,-0.004510,0.013830,0.020386,0.021638,0.019726,0.008646,0.024593,0.044333,0.014150,0.006146,-0.003691,-0.023065,-0.005704,-0.002546,-0.000160,-0.000753,0.015130,-0.002426,-0.015807,-0.001711,0.000400,-0.000621,0.000011,-0.000225,-0.000418,0.006846,0.009673,-0.022946,-0.004132,-0.004292,-0.004656,-0.004430,-0.004145,-0.003981,-0.005266,-0.004070,-0.003845,-0.006618,-0.009106,-0.010730,-0.011647,-0.011847,-0.012696,-0.013955,-0.015106,-0.016276,-0.018283,-0.020417,-0.022956,-0.022760,-0.023035,-0.021449,-0.018637,-0.017088,-0.015838,-0.014222,-0.009348,-0.002255,0.005858,0.012503,0.007039,0.007194,0.007248,0.011674,0.012447,0.010690,0.008488,0.007103,0.006132,0.005146,0.001112,0.001452,-0.000675,-0.001993,-0.003208,-0.005946,-0.011857,-0.011323,-0.011542,-0.013253,-0.015095,-0.014626,-0.014378,-0.014934,-0.015226,-0.014876,-0.015927,-0.014365,-0.015278,-0.014131,-0.013180,-0.011035,-0.007280,-0.003494,-0.004037,-0.008493,-0.011010,-0.011068,-0.014309,-0.017008,-0.015461,-0.013599,-0.012361,-0.009756,89.889384,89.872017,89.868343,89.879161,89.887231,89.906125,89.908199,89.927107,89.936206,89.921878,89.916215,89.909297,89.906056,89.909706,89.916696,89.921458,89.919151,89.910486,89.905839,89.912621,89.923835,89.937664,89.930351,89.931941,89.940797,89.948874,89.952356,89.950567,89.949942,89.955406,89.962733,89.964343,89.957196,89.946361,89.956072,89.929061,89.918759,89.910562,89.902518,89.904503,89.957724,90.265006,90.441482,90.501551,90.503656,90.493432,90.475229,90.427458,90.348473,90.297914,90.277394,90.294892,90.340379,90.372980,90.397152,90.425233,90.437744,90.425862,90.397717,90.356138,90.321491,90.271865,90.231296,90.211399,90.257314,90.281663,90.178244,90.028860,89.938164,89.926736,89.911473,89.899325,89.873614,89.841079,89.816218,89.806746,89.808432,89.814488,89.818951,89.835580,89.857777,89.867887,89.861969,89.885893,89.919572,89.936969,89.945743,89.946341,89.942225,89.943291,89.951377,89.962273,89.986613,89.975973,89.956767,89.946260,89.932463,89.915098,89.893201,89.907362,89.905725,89.892045,89.861446,89.849253,89.848859,89.847833,89.860522,89.875353,89.886906,89.890506,89.892823,89.897900,89.908480,89.919643,89.942110,89.937739,89.940168,89.952144,89.960061,89.960278,89.963522,89.977333,89.995479,90.013246,90.118717,90.062561,90.081568,90.013568,90.164616,90.126384,90.157145,90.157296,90.008972,89.980048,89.987073,89.999441,90.003129,90.003960,90.018401,90.153916,90.039101,90.012550,90.015609,90.009493,90.169873,90.115803,90.062376,90.119136,90.170515,90.160363,90.111438,89.987363,89.981690,90.139799,90.145922,90.124325,90.141944,90.005012,89.969765,89.998492,90.022096,90.028239,90.105390,90.130152,90.012711,89.996016,89.984821,89.971075,89.969910,89.980591,89.973030,90.023211,90.139829,90.003583,89.999240,89.993722,89.984832,89.985208,89.989129,89.993715,89.993375,89.992486,89.992298,89.990145,89.980591,89.964294,89.948367,89.941469,89.945073,89.953228,89.960304,89.966151,89.976166,89.988792,89.993118,89.994244,89.989529,89.983076,89.986549,89.989396,89.987073,89.983164,89.975273,89.922559,89.900955,89.932821,89.923181,89.916720,89.902139,89.912341,89.919594,89.915611,89.917775,89.931859,89.942079,89.942315,89.923051,89.921404,89.915824,89.908990,89.909038,89.915399,89.899486,89.898667,89.911459,89.929276,89.936377,89.939792,89.950437,89.958023,89.957541,89.956822,89.956653,89.968946,89.959660,89.954042,89.949234,89.941210,89.937123,89.947821,89.963084,89.956355,89.936193,89.933198,89.927396,89.905766,89.893278,89.893432,89.897283,89.897368,0.000607,0.000784,0.000892,0.000885,0.000832,0.000558,0.000577,0.000464,0.000471,0.000699,0.000723,0.000730,0.000759,0.000781,0.000779,0.000745,0.000719,0.000732,0.000744,0.000727,0.000710,0.000616,0.000764,0.000832,0.000849,0.000865,0.000891,0.000920,0.000938,0.000943,0.000937,0.000916,0.000921,0.000951,0.000795,0.001178,0.001265,0.001289,0.001287,0.001291,0.001288,0.001285,0.001264,0.001199,0.001121,0.001065,0.001027,0.000977,0.000935,0.000903,0.000885,0.000891,0.000918,0.000972,0.001046,0.001124,0.001183,0.001221,0.001249,0.001258,0.001260,0.001293,0.001305,0.001283,0.001208,0.001208,0.001172,0.001008,0.001025,0.001011,0.001147,0.001202,0.001277,0.001308,0.001279,0.001171,0.001028,0.000932,0.000971,0.000956,0.000881,0.000916,0.001171,0.001106,0.000946,0.000946,0.000949,0.000945,0.000938,0.000910,0.000893,0.000885,0.000654,0.000784,0.000961,0.000975,0.000964,0.000953,0.001012,0.000698,0.000671,0.000793,0.001076,0.001054,0.000909,0.000888,0.000821,0.000775,0.000742,0.000720,0.000700,0.000718,0.000733,0.000704,0.000409,0.000407,0.000428,0.000435,0.000453,0.000461,0.000455,0.000452,0.000437,0.000445,0.000484,0.000771,0.000598,0.000616,0.000656,0.000824,0.000788,0.000612,0.000724,0.000575,0.000611,0.000524,0.000541,0.000571,0.000663,0.000592,0.000497,0.000482,0.000607,0.000648,0.000711,0.000803,0.000908,0.000870,0.000797,0.000683,0.000597,0.000664,0.000679,0.000301,0.000385,0.000390,0.000388,0.000400,0.000383,0.000447,0.000335,0.000469,0.000456,0.000484,0.000454,0.000414,0.000396,0.000408,0.000443,0.000463,0.000447,0.000305,0.000296,0.000303,0.000305,0.000324,0.000418,0.000441,0.000479,0.000481,0.000488,0.000499,0.000515,0.000525,0.000531,0.000535,0.000510,0.000478,0.000487,0.000524,0.000528,0.000490,0.000442,0.000419,0.000455,0.000426,0.000429,0.000453,0.000450,0.000445,0.000444,0.000439,0.000434,0.000570,0.000693,0.000326,0.000374,0.000321,0.000496,0.000466,0.000391,0.000372,0.000383,0.000375,0.000389,0.000402,0.000621,0.000620,0.000654,0.000739,0.000742,0.000572,0.000642,0.000639,0.000640,0.000604,0.000624,0.000658,0.000629,0.000659,0.000724,0.000730,0.000715,0.000526,0.000615,0.000682,0.000719,0.000740,0.000730,0.000629,0.000471,0.000479,0.000597,0.000566,0.000587,0.000726,0.000738,0.000670,0.000615,0.000580
-0.008522,-0.008908,-0.003739,0.001386,0.003717,0.006624,0.003239,0.003123,0.000055,-0.003563,-0.002502,-0.004294,-0.007339,-0.011428,-0.015110,-0.017051,-0.018411,-0.021518,-0.024734,-0.027567,-0.030384,-0.031236,-0.036344,-0.034668,-0.033980,-0.035359,-0.036137,-0.035717,-0.036137,-0.038962,-0.041905,-0.043461,-0.046853,-0.051726,-0.053578,-0.060446,-0.058229,-0.058316,-0.057994,-0.057710,-0.050930,0.007900,0.020132,0.023807,0.023222,0.022330,0.020264,0.016919,0.013700,0.013409,0.015368,0.015159,0.011806,0.004231,-0.005352,-0.013582,-0.020551,-0.024152,-0.025254,-0.023907,-0.022905,-0.023528,-0.017613,-0.007081,0.005466,0.001345,-0.004240,-0.001481,0.025348,0.033731,0.030738,0.029060,0.026458,0.024068,0.021796,0.020518,0.020596,0.019833,0.018932,0.022018,0.025696,0.028602,0.029866,0.034145,0.036616,0.036142,0.036083,0.035291,0.036036,0.037972,0.037990,0.038433,0.040837,0.038212,0.035812,0.036965,0.033755,0.030486,0.027630,0.027673,0.020361,0.018484,0.014516,0.016531,0.017800,0.016301,0.016410,0.016324,0.018071,0.018434,0.015322,0.013971,0.013976,0.012808,0.015076,0.015416,0.015427,0.014926,0.014710,0.013267,0.011659,0.010565,0.010710,0.009932,0.022023,-0.002411,0.012567,-0.000979,0.026781,0.000251,0.013403,0.014539,-0.002689,0.015046,0.016575,0.012916,0.010158,0.006385,0.005609,0.023273,-0.003448,-0.003570,0.002335,0.002468,0.020924,-0.004765,-0.004771,0.012816,0.021671,0.020695,0.020727,0.010390,0.023667,0.043549,0.015613,0.001877,-0.003339,-0.022238,-0.002515,-0.002317,-0.004751,0.002818,0.014398,-0.003144,-0.016981,-0.000079,0.000296,0.001741,-0.000032,-0.001482,-0.001892,0.005819,0.009711,-0.022256,-0.004616,-0.005240,-0.005346,-0.003376,-0.003385,-0.003984,-0.005726,-0.005506,-0.006454,-0.008074,-0.007735,-0.007343,-0.010305,-0.012125,-0.011674,-0.012064,-0.014246,-0.016060,-0.016728,-0.018582,-0.021005,-0.022022,-0.022346,-0.022251,-0.019310,-0.015428,-0.014864,-0.014806,-0.009839,-0.000637,0.005329,0.010237,0.008496,0.007995,0.007611,0.009870,0.012288,0.012076,0.010088,0.007664,0.006547,0.005792,0.001716,0.001088,-0.001791,-0.003878,-0.004692,-0.005477,-0.010126,-0.010542,-0.011337,-0.011777,-0.013267,-0.012959,-0.013622,-0.015826,-0.016896,-0.015388,-0.015356,-0.013496,-0.015086,-0.012991,-0.011630,-0.009200,-0.006718,-0.005336,-0.004774,-0.009369,-0.011561,-0.010780,-0.013099,-0.016087,-0.014857,-0.013114,-0.011891,-0.009842,89.890737,89.876834,89.872545,89.877740,89.885061,89.909884,89.909245,89.919395,89.930286,89.923378,89.919057,89.908352,89.905801,89.914446,89.922246,89.923135,89.922269,89.922758,89.925180,89.927731,89.928963,89.936141,89.920350,89.929255,89.944772,89.951501,89.955038,89.957507,89.959951,89.960788,89.958760,89.954740,89.949813,89.949432,89.960680,89.929542,89.909464,89.894273,89.887516,89.910942,89.974344,90.245137,90.424511,90.508177,90.512673,90.496411,90.467925,90.417955,90.340488,90.283337,90.270088,90.282785,90.326487,90.374021,90.403774,90.421586,90.433330,90.423692,90.403551,90.375406,90.346890,90.286177,90.223485,90.207261,90.254474,90.274021,90.193537,90.014366,89.961090,89.935541,89.911731,89.895185,89.874800,89.846261,89.821523,89.810553,89.817733,89.826348,89.829416,89.839612,89.856171,89.864298,89.863349,89.889562,89.927892,89.938600,89.944717,89.941869,89.937556,89.939237,89.945555,89.957201,89.985606,89.979866,89.951445,89.943860,89.927820,89.913195,89.904080,89.919180,89.906417,89.894045,89.866910,89.860514,89.861151,89.855044,89.857236,89.862451,89.871801,89.885053,89.895631,89.905865,89.917638,89.922938,89.940277,89.940832,89.941480,89.945572,89.952146,89.954869,89.960597,89.971299,89.991554,90.002948,90.116306,90.044006,90.077848,90.017065,90.190587,90.125657,90.151683,90.153641,90.006593,89.976918,89.992964,89.998634,90.003521,89.997881,89.995437,90.148262,90.018264,90.019776,90.005026,90.008441,90.176238,90.127262,90.074184,90.117079,90.161079,90.146228,90.099609,89.990928,89.987753,90.143917,90.136244,90.111957,90.138200,90.021347,89.969505,90.009497,89.995135,90.017249,90.113672,90.127703,89.990140,89.985360,89.979103,89.976270,89.977468,89.984184,89.975144,90.024019,90.148089,90.009867,90.001946,89.995594,89.981158,89.976092,89.978982,89.986180,89.988300,89.985575,89.974729,89.963496,89.958350,89.956798,89.953027,89.944774,89.941262,89.951451,89.966641,89.977728,89.988731,89.999743,90.003543,89.998316,89.992281,89.987458,89.986155,89.984006,89.980050,89.972688,89.951227,89.917393,89.905617,89.931118,89.924236,89.908480,89.892473,89.900879,89.918513,89.928087,89.934819,89.943483,89.947063,89.941437,89.918734,89.914805,89.908693,89.898040,89.893242,89.904694,89.899792,89.902928,89.910969,89.926784,89.939618,89.949648,89.962633,89.968344,89.962739,89.957165,89.955920,89.975558,89.969260,89.959924,89.948082,89.939358,89.940327,89.943840,89.951125,89.938974,89.920691,89.921367,89.919050,89.901601,89.890733,89.890034,89.893589,89.894428,0.000683,0.000897,0.001009,0.000998,0.000915,0.000552,0.000558,0.000498,0.000496,0.000683,0.000693,0.000704,0.000704,0.000707,0.000727,0.000755,0.000783,0.000792,0.000779,0.000772,0.000770,0.000640,0.000839,0.000866,0.000877,0.000934,0.000951,0.000942,0.000911,0.000872,0.000857,0.000863,0.000925,0.000957,0.000796,0.001094,0.001164,0.001235,0.001257,0.001271,0.001293,0.001264,0.001208,0.001178,0.001138,0.001110,0.001080,0.001032,0.000972,0.000936,0.000929,0.000937,0.000962,0.000998,0.001043,0.001100,0.001160,0.001188,0.001189,0.001165,0.001144,0.001184,0.001248,0.001261,0.001193,0.001207,0.001210,0.001120,0.000998,0.001007,0.001145,0.001191,0.001171,0.001129,0.001110,0.001105,0.001022,0.000972,0.000995,0.000962,0.000878,0.000915,0.001123,0.001077,0.000878,0.000943,0.000962,0.000990,0.000991,0.000987,0.001030,0.001040,0.000725,0.000731,0.001011,0.001005,0.001063,0.001074,0.001041,0.000699,0.000715,0.000736,0.001019,0.001029,0.000905,0.000895,0.000840,0.000813,0.000771,0.000684,0.000657,0.000687,0.000682,0.000677,0.000434,0.000376,0.000356,0.000387,0.000429,0.000481,0.000478,0.000474,0.000450,0.000442,0.000479,0.000862,0.000526,0.000553,0.000735,0.000776,0.000790,0.000662,0.000758,0.000700,0.000568,0.000513,0.000537,0.000576,0.000604,0.000566,0.000460,0.000501,0.000648,0.000652,0.000638,0.000711,0.000836,0.000854,0.000806,0.000755,0.000674,0.000701,0.000705,0.000344,0.000294,0.000526,0.000362,0.000425,0.000365,0.000507,0.000326,0.000342,0.000486,0.000456,0.000342,0.000421,0.000425,0.000424,0.000411,0.000399,0.000400,0.000343,0.000296,0.000332,0.000339,0.000335,0.000422,0.000448,0.000489,0.000507,0.000535,0.000542,0.000555,0.000540,0.000511,0.000503,0.000505,0.000509,0.000524,0.000534,0.000533,0.000531,0.000510,0.000479,0.000463,0.000473,0.000490,0.000501,0.000495,0.000473,0.000461,0.000446,0.000445,0.000659,0.000715,0.000360,0.000338,0.000355,0.000437,0.000431,0.000384,0.000379,0.000405,0.000418,0.000415,0.000403,0.000586,0.000569,0.000627,0.000742,0.000763,0.000578,0.000670,0.000701,0.000721,0.000698,0.000711,0.000712,0.000639,0.000616,0.000647,0.000648,0.000675,0.000500,0.000611,0.000656,0.000687,0.000704,0.000650,0.000594,0.000452,0.000490,0.000600,0.000554,0.000559,0.000685,0.000705,0.000664,0.000630,0.000620
-0.007936,-0.006715,-0.002408,0.000551,0.002034,0.005279,0.003195,0.004118,0.002778,-0.001355,-0.001445,-0.003684,-0.007862,-0.012050,-0.015349,-0.016808,-0.016975,-0.019966,-0.025198,-0.029422,-0.031444,-0.029995,-0.034141,-0.033704,-0.035185,-0.036128,-0.035295,-0.035079,-0.036164,-0.038590,-0.041289,-0.043618,-0.046493,-0.050177,-0.052733,-0.063005,-0.060337,-0.058910,-0.059598,-0.058527,-0.051273,0.005306,0.017753,0.023712,0.024112,0.022334,0.020575,0.018187,0.014416,0.012851,0.015946,0.016204,0.012332,0.004017,-0.005693,-0.015050,-0.021541,-0.023814,-0.023848,-0.023164,-0.023809,-0.022024,-0.018183,-0.007503,0.005668,0.001866,-0.005632,-0.000592,0.024990,0.034121,0.031753,0.030296,0.024566,0.021853,0.021375,0.020841,0.020525,0.020502,0.020076,0.022729,0.024449,0.025615,0.028725,0.035079,0.036452,0.033799,0.033783,0.034581,0.035477,0.036213,0.036838,0.038733,0.041467,0.036668,0.034229,0.036291,0.035380,0.030472,0.025173,0.026812,0.022274,0.020112,0.016612,0.018036,0.017526,0.016123,0.016570,0.016895,0.016829,0.015477,0.014092,0.015023,0.014398,0.013550,0.015576,0.014775,0.014994,0.015173,0.013323,0.011410,0.011178,0.010986,0.009178,0.012109,0.023978,-0.001077,0.013950,-0.001391,0.027851,-0.001753,0.013799,0.013755,-0.002747,0.014873,0.016428,0.014192,0.011213,0.006771,0.005745,0.023339,-0.003416,-0.002902,-0.000167,0.002368,0.019639,-0.006091,-0.005888,0.013414,0.022031,0.020439,0.021576,0.010580,0.022225,0.043932,0.015496,0.002288,-0.000812,-0.021802,-0.003841,-0.002116,-0.002118,0.000415,0.015262,-0.003646,-0.016487,-0.002221,0.000169,0.000162,-0.000349,-0.002863,-0.002185,0.005318,0.008721,-0.021150,-0.005280,-0.004011,-0.004816,-0.004967,-0.005000,-0.004354,-0.005153,-0.003649,-0.003316,-0.004755,-0.007494,-0.009241,-0.010553,-0.010368,-0.011583,-0.012646,-0.014787,-0.016633,-0.017074,-0.017764,-0.020898,-0.023193,-0.022644,-0.021381,-0.019181,-0.017213,-0.015133,-0.014025,-0.008950,-0.001595,0.006317,0.010599,0.008806,0.009558,0.008463,0.010218,0.012295,0.011465,0.009676,0.009237,0.006821,0.003261,0.000080,0.001065,-0.000891,-0.002673,-0.002936,-0.004441,-0.010039,-0.010201,-0.010197,-0.011799,-0.013478,-0.012530,-0.011947,-0.012773,-0.014079,-0.015291,-0.016577,-0.014631,-0.014997,-0.012812,-0.011624,-0.009816,-0.007730,-0.005404,-0.005764,-0.009362,-0.010948,-0.010957,-0.013801,-0.016342,-0.014977,-0.013880,-0.012966,-0.010358,89.887273,89.872174,89.867610,89.874881,89.884585,89.909119,89.907578,89.919918,89.931637,89.923416,89.917610,89.913826,89.916711,89.922339,89.925224,89.924204,89.923217,89.922864,89.923637,89.928693,89.935704,89.945781,89.928683,89.930711,89.942296,89.953607,89.958746,89.957083,89.958807,89.967957,89.976503,89.972438,89.957171,89.947660,89.959655,89.927943,89.907411,89.896685,89.900658,89.910270,89.962205,90.251144,90.420823,90.505135,90.524946,90.512642,90.475053,90.411662,90.339419,90.286921,90.267293,90.277212,90.319065,90.366331,90.401528,90.416189,90.415699,90.412271,90.405405,90.382262,90.337656,90.283635,90.223387,90.205689,90.257377,90.291756,90.193644,90.000362,89.949707,89.933607,89.907255,89.889686,89.864968,89.842529,89.827869,89.817708,89.811815,89.817751,89.824173,89.841584,89.862795,89.871139,89.869066,89.890926,89.926304,89.939433,89.943263,89.939734,89.942057,89.953033,89.961852,89.967474,89.984762,89.971856,89.946765,89.938098,89.934237,89.923408,89.910232,89.919020,89.902806,89.886265,89.858000,89.851659,89.854453,89.854199,89.858410,89.862222,89.868580,89.877783,89.889304,89.904750,89.916760,89.924425,89.946147,89.952059,89.957510,89.960485,89.954356,89.946999,89.951095,89.966706,89.980988,90.010438,90.132190,90.060736,90.065357,90.001561,90.186840,90.134662,90.149979,90.148863,89.997587,89.983170,89.981192,89.992118,90.005220,90.004682,90.001636,90.153330,90.040654,90.010156,90.017344,90.014353,90.161907,90.114435,90.069512,90.117945,90.155462,90.148776,90.120667,89.989419,89.989085,90.144838,90.132452,90.108496,90.131115,89.989151,89.983816,89.987896,90.020778,90.013999,90.109374,90.128966,89.993004,89.978053,89.978286,89.968019,89.983303,89.990741,89.979999,90.027798,90.135526,90.013018,90.001433,89.996555,89.993532,89.996231,89.995018,89.991839,89.990918,89.990376,89.982932,89.971395,89.962700,89.955702,89.947447,89.940714,89.941542,89.950083,89.961539,89.970564,89.978124,89.984373,89.986277,89.983166,89.983638,89.985991,89.991902,89.986585,89.984320,89.985986,89.974274,89.920323,89.911427,89.936519,89.938007,89.930177,89.917695,89.923912,89.932901,89.931745,89.932483,89.938496,89.937971,89.929048,89.910689,89.907218,89.901038,89.898820,89.907057,89.915540,89.895617,89.890297,89.903559,89.924978,89.935412,89.940627,89.950961,89.959074,89.959371,89.956503,89.955376,89.968983,89.960821,89.956200,89.953016,89.951178,89.954886,89.958101,89.961057,89.947654,89.931715,89.933251,89.928125,89.906721,89.896992,89.898784,89.898223,89.893818,0.000646,0.000801,0.000890,0.000898,0.000862,0.000552,0.000569,0.000473,0.000430,0.000602,0.000655,0.000686,0.000705,0.000709,0.000697,0.000685,0.000683,0.000685,0.000660,0.000612,0.000594,0.000522,0.000781,0.000849,0.000893,0.000933,0.000949,0.000949,0.000939,0.000926,0.000905,0.000893,0.000920,0.000940,0.000796,0.001160,0.001212,0.001229,0.001226,0.001216,0.001180,0.001140,0.001132,0.001117,0.001086,0.001036,0.000971,0.000907,0.000866,0.000856,0.000850,0.000846,0.000873,0.000938,0.001024,0.001101,0.001154,0.001200,0.001240,0.001254,0.001260,0.001274,0.001307,0.001275,0.001185,0.001179,0.001166,0.001034,0.000937,0.000917,0.001126,0.001168,0.001200,0.001197,0.001177,0.001127,0.001046,0.000922,0.000956,0.000947,0.000880,0.000913,0.001094,0.001052,0.000883,0.000925,0.000960,0.000996,0.000980,0.000919,0.000876,0.000839,0.000623,0.000749,0.000979,0.000972,0.000910,0.000932,0.000952,0.000660,0.000697,0.000728,0.000966,0.000975,0.000892,0.000866,0.000799,0.000748,0.000686,0.000630,0.000625,0.000641,0.000680,0.000675,0.000433,0.000400,0.000407,0.000404,0.000426,0.000447,0.000453,0.000466,0.000452,0.000446,0.000486,0.000837,0.000509,0.000529,0.000605,0.000868,0.000779,0.000633,0.000694,0.000540,0.000523,0.000483,0.000505,0.000527,0.000515,0.000630,0.000437,0.000558,0.000625,0.000630,0.000591,0.000678,0.000812,0.000848,0.000792,0.000759,0.000568,0.000619,0.000643,0.000293,0.000451,0.000328,0.000341,0.000385,0.000405,0.000416,0.000401,0.000286,0.000340,0.000462,0.000357,0.000391,0.000425,0.000418,0.000412,0.000427,0.000420,0.000329,0.000256,0.000267,0.000272,0.000284,0.000371,0.000402,0.000428,0.000429,0.000414,0.000420,0.000472,0.000539,0.000567,0.000565,0.000543,0.000511,0.000504,0.000518,0.000517,0.000484,0.000440,0.000415,0.000408,0.000413,0.000430,0.000434,0.000418,0.000419,0.000436,0.000433,0.000437,0.000636,0.000639,0.000370,0.000353,0.000366,0.000452,0.000439,0.000370,0.000361,0.000386,0.000392,0.000382,0.000393,0.000579,0.000597,0.000668,0.000752,0.000713,0.000524,0.000595,0.000615,0.000618,0.000598,0.000644,0.000681,0.000642,0.000645,0.000670,0.000649,0.000632,0.000477,0.000615,0.000674,0.000684,0.000672,0.000618,0.000566,0.000448,0.000472,0.000558,0.000521,0.000545,0.000690,0.000709,0.000662,0.000646,0.000632
-0.008038,-0.007024,-0.003490,-0.000596,0.002051,0.006615,0.003806,0.001589,0.000298,-0.001502,-0.001150,-0.004020,-0.007726,-0.011709,-0.014501,-0.016523,-0.019416,-0.022665,-0.025141,-0.027184,-0.029567,-0.030944,-0.035156,-0.035490,-0.035607,-0.035269,-0.034923,-0.035229,-0.035993,-0.038674,-0.042218,-0.044646,-0.046728,-0.050647,-0.053137,-0.062901,-0.059511,-0.057792,-0.058465,-0.059252,-0.051008,0.005172,0.018864,0.023593,0.024848,0.023188,0.019524,0.016724,0.014698,0.015126,0.015647,0.016523,0.013212,0.004046,-0.004828,-0.012829,-0.018994,-0.022791,-0.024858,-0.025278,-0.023274,-0.021075,-0.015686,-0.006121,0.007380,0.003935,-0.005616,0.000429,0.026393,0.035573,0.031013,0.028368,0.025103,0.022338,0.021099,0.021443,0.021086,0.020295,0.019193,0.022239,0.025752,0.027832,0.030181,0.034965,0.036710,0.036923,0.036490,0.036163,0.036094,0.035811,0.035646,0.038194,0.042406,0.037948,0.035475,0.036160,0.033685,0.030003,0.025609,0.026781,0.021311,0.018212,0.015175,0.018612,0.019515,0.017144,0.017471,0.017949,0.017798,0.016685,0.015305,0.014832,0.013811,0.013045,0.015755,0.015212,0.015521,0.015016,0.013832,0.012466,0.010884,0.010029,0.011540,0.010477,0.024077,-0.001324,0.013618,-0.000901,0.027692,-0.002307,0.013003,0.014467,-0.003494,0.013670,0.017363,0.014515,0.010365,0.004619,0.004684,0.022929,-0.003585,-0.001471,-0.000044,0.002249,0.019985,-0.005826,-0.003480,0.013121,0.022395,0.020392,0.019597,0.011164,0.025372,0.045758,0.016092,0.002662,-0.003520,-0.023168,-0.004902,-0.001560,-0.000746,-0.000995,0.014366,-0.001785,-0.016560,-0.000694,-0.000937,0.000081,-0.000579,-0.000242,-0.001434,0.005343,0.009367,-0.022483,-0.004574,-0.003972,-0.006339,-0.004440,-0.003508,-0.004168,-0.005135,-0.005509,-0.005755,-0.006226,-0.007418,-0.008577,-0.010961,-0.010366,-0.011686,-0.014292,-0.016380,-0.016919,-0.018030,-0.020325,-0.021864,-0.022676,-0.021345,-0.019841,-0.018128,-0.017119,-0.015610,-0.015963,-0.010300,-0.002729,0.005258,0.011799,0.008479,0.009715,0.007878,0.010973,0.013336,0.011336,0.008219,0.006984,0.006918,0.006341,0.001955,0.000696,-0.001787,-0.003264,-0.004260,-0.005911,-0.010840,-0.010672,-0.010407,-0.011378,-0.013027,-0.013010,-0.013131,-0.014077,-0.014835,-0.015214,-0.015574,-0.014087,-0.015943,-0.013869,-0.012247,-0.011187,-0.007466,-0.003918,-0.005068,-0.010176,-0.012613,-0.012302,-0.015348,-0.017609,-0.015781,-0.014238,-0.013493,-0.010988,89.881151,89.873511,89.874857,89.879940,89.881388,89.896986,89.897757,89.911880,89.931265,89.923861,89.920398,89.916155,89.918931,89.924791,89.925802,89.921100,89.918272,89.920716,89.921560,89.922479,89.930822,89.945733,89.937500,89.936494,89.944475,89.948629,89.945560,89.939105,89.943495,89.956830,89.966455,89.964694,89.953525,89.944024,89.959193,89.936764,89.926067,89.917523,89.914663,89.916810,89.955379,90.244222,90.423745,90.509061,90.515701,90.495315,90.469158,90.411648,90.331229,90.289854,90.263845,90.263877,90.322344,90.372058,90.402021,90.424571,90.435116,90.419665,90.394581,90.365276,90.336992,90.290181,90.229693,90.200144,90.270312,90.307333,90.183662,90.010955,89.960589,89.944168,89.916263,89.895632,89.872296,89.846418,89.823916,89.809396,89.808534,89.819784,89.821088,89.828793,89.849584,89.859149,89.858362,89.881307,89.915649,89.936329,89.939422,89.935341,89.934017,89.939107,89.944949,89.954230,89.983449,89.975470,89.951583,89.946284,89.939697,89.929875,89.909982,89.917092,89.909788,89.893756,89.858869,89.849042,89.854387,89.859416,89.869763,89.875475,89.879573,89.882892,89.889097,89.898524,89.913771,89.928288,89.952291,89.951574,89.953790,89.958575,89.957723,89.956210,89.961265,89.971634,89.993253,90.004492,90.121535,90.051684,90.074564,90.002486,90.170336,90.136585,90.179679,90.166813,90.001802,89.972037,89.986680,89.989268,89.995503,89.996834,90.010684,90.157303,90.040414,90.009958,89.997079,90.008068,90.173630,90.116669,90.082163,90.112737,90.158243,90.152912,90.107394,89.989707,89.986724,90.145324,90.126634,90.107594,90.138182,90.001325,89.979585,90.001597,90.015729,90.025008,90.144248,90.113562,90.003686,89.979467,89.971959,89.973142,89.969856,89.984041,89.981597,90.024675,90.149135,90.011457,90.004858,90.005082,89.991153,89.985185,89.985691,89.990800,89.991166,89.983918,89.972912,89.965656,89.961899,89.958062,89.952554,89.945956,89.944041,89.949462,89.960302,89.971584,89.981850,89.988001,89.990170,89.988195,89.986464,89.985482,89.988651,89.983548,89.980053,89.983821,89.963810,89.911793,89.897390,89.937734,89.934265,89.923989,89.900465,89.904544,89.919074,89.923536,89.922058,89.928626,89.937781,89.937434,89.916092,89.911056,89.912420,89.915895,89.920249,89.923194,89.902114,89.896539,89.908702,89.927232,89.936170,89.941548,89.949347,89.955603,89.959520,89.961674,89.963454,89.979738,89.973444,89.967546,89.958779,89.948774,89.946521,89.953362,89.959407,89.947283,89.932167,89.937258,89.934267,89.913077,89.899205,89.894550,89.889137,89.883956,0.000638,0.000849,0.000924,0.000884,0.000800,0.000495,0.000503,0.000494,0.000454,0.000671,0.000732,0.000757,0.000757,0.000770,0.000781,0.000769,0.000740,0.000709,0.000688,0.000650,0.000595,0.000515,0.000715,0.000813,0.000838,0.000878,0.000907,0.000935,0.000933,0.000924,0.000903,0.000856,0.000839,0.000867,0.000744,0.001149,0.001221,0.001219,0.001214,0.001209,0.001190,0.001172,0.001167,0.001169,0.001148,0.001110,0.001067,0.001000,0.000931,0.000895,0.000870,0.000844,0.000852,0.000896,0.000959,0.001035,0.001096,0.001129,0.001154,0.001170,0.001178,0.001214,0.001249,0.001237,0.001145,0.001151,0.001158,0.001085,0.000984,0.000990,0.001138,0.001155,0.001158,0.001147,0.001116,0.001082,0.001037,0.000942,0.000980,0.000968,0.000870,0.000919,0.001093,0.001048,0.000941,0.000946,0.001011,0.001029,0.000990,0.000926,0.000895,0.000872,0.000611,0.000739,0.000973,0.000949,0.000916,0.000882,0.000924,0.000630,0.000623,0.000724,0.001026,0.000995,0.000847,0.000812,0.000759,0.000747,0.000706,0.000628,0.000570,0.000603,0.000654,0.000654,0.000385,0.000368,0.000362,0.000366,0.000403,0.000422,0.000418,0.000423,0.000403,0.000392,0.000435,0.000709,0.000493,0.000497,0.000524,0.000813,0.000812,0.000624,0.000718,0.000722,0.000567,0.000518,0.000508,0.000493,0.000469,0.000567,0.000391,0.000456,0.000581,0.000597,0.000643,0.000781,0.000878,0.000874,0.000798,0.000742,0.000632,0.000642,0.000674,0.000343,0.000262,0.000389,0.000338,0.000331,0.000314,0.000314,0.000308,0.000420,0.000529,0.000378,0.000339,0.000310,0.000408,0.000387,0.000388,0.000406,0.000405,0.000326,0.000260,0.000265,0.000259,0.000260,0.000339,0.000381,0.000432,0.000463,0.000476,0.000475,0.000479,0.000484,0.000490,0.000497,0.000490,0.000468,0.000464,0.000473,0.000477,0.000466,0.000441,0.000414,0.000386,0.000382,0.000399,0.000414,0.000408,0.000389,0.000376,0.000363,0.000401,0.000688,0.000722,0.000271,0.000344,0.000314,0.000432,0.000443,0.000394,0.000372,0.000370,0.000346,0.000328,0.000328,0.000522,0.000548,0.000603,0.000675,0.000663,0.000512,0.000595,0.000620,0.000633,0.000623,0.000659,0.000671,0.000634,0.000655,0.000696,0.000684,0.000665,0.000491,0.000610,0.000665,0.000689,0.000714,0.000688,0.000590,0.000435,0.000436,0.000543,0.000509,0.000537,0.000653,0.000662,0.000613,0.000576,0.000568
-0.007324,-0.007172,-0.003539,0.000631,0.003699,0.007342,0.005395,0.003779,-0.000037,-0.002864,-0.001159,-0.002660,-0.006790,-0.011567,-0.014774,-0.016197,-0.017888,-0.021167,-0.025812,-0.029002,-0.031279,-0.032140,-0.036712,-0.036235,-0.034301,-0.033933,-0.035136,-0.035625,-0.036379,-0.038554,-0.041442,-0.044200,-0.047565,-0.051313,-0.053447,-0.061914,-0.059758,-0.058264,-0.058754,-0.057167,-0.050722,0.007165,0.019135,0.022978,0.023084,0.021132,0.020166,0.016648,0.012224,0.012893,0.014980,0.017257,0.012423,0.004403,-0.003761,-0.012236,-0.019684,-0.023879,-0.024208,-0.023061,-0.023581,-0.022628,-0.017696,-0.007320,0.005530,0.002341,-0.003626,-0.001424,0.027188,0.032954,0.031446,0.029658,0.024671,0.021370,0.021160,0.021337,0.019928,0.020104,0.019399,0.022316,0.025791,0.027490,0.029922,0.034655,0.037226,0.036464,0.037412,0.035906,0.034777,0.036069,0.037809,0.039018,0.040076,0.035935,0.034577,0.035694,0.033681,0.029722,0.025193,0.026888,0.021791,0.019541,0.015246,0.018171,0.018710,0.016906,0.017450,0.017635,0.017616,0.016312,0.015039,0.014903,0.014393,0.012254,0.015139,0.014494,0.015189,0.013796,0.012635,0.012680,0.012372,0.012399,0.012142,0.010314,0.022964,-0.001360,0.014154,-0.002104,0.028981,-0.001121,0.012169,0.014657,-0.002774,0.015348,0.016467,0.011622,0.009006,0.006683,0.003984,0.022753,-0.003573,-0.002201,0.002030,0.003749,0.021279,-0.006289,-0.004737,0.014105,0.021455,0.020802,0.022954,0.010599,0.024002,0.042522,0.014059,0.003919,-0.002451,-0.022141,-0.003838,-0.003220,-0.002913,-0.001045,0.015962,-0.002733,-0.018243,-0.001375,0.000605,0.000054,-0.001713,-0.003162,-0.001293,0.005252,0.009071,-0.020823,-0.002589,-0.003339,-0.004859,-0.005211,-0.004579,-0.003704,-0.004875,-0.004855,-0.004342,-0.004976,-0.006699,-0.008350,-0.011467,-0.012010,-0.012361,-0.013385,-0.015001,-0.016416,-0.017302,-0.018382,-0.020471,-0.022663,-0.021714,-0.021219,-0.018653,-0.015207,-0.015149,-0.014579,-0.009663,-0.001506,0.007032,0.011946,0.009289,0.009349,0.007932,0.010348,0.012510,0.012553,0.010934,0.009325,0.006413,0.004034,-0.000603,0.000787,0.000267,-0.002351,-0.004826,-0.006286,-0.009275,-0.009137,-0.011140,-0.013671,-0.014454,-0.013273,-0.013347,-0.014258,-0.014010,-0.014191,-0.016036,-0.015186,-0.016366,-0.013668,-0.012161,-0.010878,-0.007623,-0.004512,-0.005158,-0.009071,-0.010945,-0.009751,-0.012449,-0.016058,-0.015335,-0.014443,-0.013603,-0.010006,89.879975,89.865282,89.863955,89.871103,89.881297,89.902397,89.902104,89.911158,89.927163,89.927085,89.926580,89.923198,89.925151,89.930013,89.931117,89.929358,89.928952,89.929121,89.928133,89.930310,89.937498,89.949304,89.936872,89.932422,89.942692,89.952887,89.956761,89.954415,89.954376,89.959559,89.965094,89.962718,89.951484,89.941908,89.950492,89.925519,89.912736,89.905141,89.903580,89.904331,89.961892,90.253352,90.433446,90.507372,90.518273,90.499252,90.468984,90.414651,90.331977,90.283602,90.262442,90.282310,90.335204,90.381420,90.413484,90.434411,90.435853,90.417831,90.396482,90.367835,90.322733,90.268338,90.222171,90.220749,90.270618,90.276818,90.176169,90.007224,89.953543,89.934493,89.916912,89.903860,89.879147,89.843011,89.814787,89.807893,89.815034,89.827862,89.828511,89.836621,89.852126,89.857986,89.861148,89.887365,89.922515,89.933249,89.939732,89.934491,89.929752,89.933020,89.942392,89.955556,89.980534,89.975441,89.954765,89.945081,89.933346,89.917921,89.900555,89.914555,89.904980,89.891295,89.857476,89.850625,89.856363,89.858206,89.865157,89.870786,89.880058,89.888807,89.898353,89.908976,89.918728,89.921758,89.945217,89.948537,89.953527,89.957017,89.954019,89.953937,89.960086,89.973606,89.988606,90.005325,90.120924,90.053540,90.079542,90.012541,90.182100,90.152149,90.168994,90.151154,89.998588,89.956229,89.988067,89.994230,89.999051,90.002842,90.004295,90.148958,90.026958,90.018245,89.999189,90.013736,90.182804,90.130601,90.072237,90.122887,90.167836,90.153161,90.102937,89.998057,89.997749,90.129431,90.133763,90.127489,90.138196,89.998972,89.975238,90.003052,89.995140,90.012399,90.129320,90.126550,90.009736,89.993107,89.967849,89.979792,89.983275,89.975151,89.966262,90.012183,90.145143,90.011929,90.003545,89.999943,89.991847,89.988540,89.992320,89.996865,89.995141,89.985126,89.972840,89.965948,89.963081,89.957449,89.946883,89.940716,89.946662,89.958095,89.967545,89.973686,89.981474,89.991282,89.997770,89.995646,89.994643,89.993768,89.992710,89.989712,89.983851,89.976526,89.964806,89.917367,89.912617,89.938052,89.932862,89.921005,89.899960,89.900721,89.910438,89.921416,89.930741,89.935782,89.933522,89.932148,89.918154,89.917223,89.911275,89.903536,89.903464,89.909800,89.897353,89.897482,89.905949,89.918036,89.926941,89.936773,89.951186,89.958305,89.957072,89.955886,89.957927,89.974194,89.967461,89.959871,89.952997,89.945105,89.944383,89.953632,89.961114,89.947593,89.925544,89.922209,89.914330,89.894031,89.887896,89.897737,89.899652,89.891844,0.000630,0.000788,0.000882,0.000914,0.000857,0.000566,0.000553,0.000523,0.000507,0.000646,0.000670,0.000693,0.000718,0.000752,0.000794,0.000798,0.000772,0.000758,0.000755,0.000738,0.000702,0.000573,0.000730,0.000830,0.000840,0.000861,0.000875,0.000875,0.000882,0.000917,0.000961,0.000965,0.000964,0.000955,0.000810,0.001133,0.001215,0.001246,0.001259,0.001264,0.001244,0.001211,0.001177,0.001126,0.001071,0.001027,0.000982,0.000925,0.000881,0.000879,0.000882,0.000857,0.000903,0.000979,0.001072,0.001156,0.001205,0.001227,0.001251,0.001275,0.001296,0.001310,0.001313,0.001257,0.001167,0.001193,0.001197,0.001096,0.000969,0.000992,0.001110,0.001159,0.001171,0.001188,0.001200,0.001151,0.001053,0.000912,0.000945,0.000933,0.000859,0.000927,0.001095,0.001055,0.000895,0.000957,0.000971,0.001005,0.000978,0.000910,0.000877,0.000872,0.000659,0.000737,0.000958,0.000967,0.000935,0.000956,0.001029,0.000696,0.000671,0.000672,0.000961,0.000951,0.000830,0.000800,0.000741,0.000743,0.000735,0.000734,0.000738,0.000744,0.000721,0.000718,0.000413,0.000404,0.000408,0.000415,0.000449,0.000454,0.000467,0.000482,0.000465,0.000455,0.000476,0.000704,0.000507,0.000554,0.000639,0.000828,0.000802,0.000607,0.000653,0.000511,0.000555,0.000515,0.000515,0.000505,0.000525,0.000596,0.000498,0.000488,0.000640,0.000647,0.000675,0.000732,0.000889,0.000911,0.000844,0.000748,0.000586,0.000658,0.000659,0.000357,0.000426,0.000379,0.000369,0.000404,0.000364,0.000423,0.000406,0.000427,0.000394,0.000356,0.000404,0.000443,0.000453,0.000452,0.000422,0.000415,0.000404,0.000318,0.000273,0.000283,0.000296,0.000307,0.000398,0.000426,0.000429,0.000446,0.000465,0.000477,0.000479,0.000480,0.000470,0.000448,0.000457,0.000479,0.000487,0.000479,0.000472,0.000462,0.000457,0.000461,0.000456,0.000426,0.000393,0.000388,0.000395,0.000394,0.000392,0.000378,0.000438,0.000742,0.000766,0.000395,0.000357,0.000329,0.000433,0.000403,0.000345,0.000332,0.000362,0.000374,0.000374,0.000354,0.000561,0.000594,0.000650,0.000736,0.000729,0.000572,0.000651,0.000664,0.000656,0.000630,0.000661,0.000690,0.000634,0.000635,0.000688,0.000698,0.000690,0.000514,0.000610,0.000674,0.000695,0.000694,0.000639,0.000532,0.000394,0.000395,0.000493,0.000444,0.000489,0.000678,0.000750,0.000680,0.000639,0.000609
-0.007982,-0.007302,-0.003124,0.000237,0.002754,0.007344,0.005042,0.003552,0.000986,-0.002957,-0.003178,-0.003628,-0.006001,-0.010687,-0.014979,-0.016840,-0.018689,-0.022190,-0.025533,-0.027738,-0.029493,-0.030623,-0.034293,-0.035336,-0.036099,-0.036070,-0.035151,-0.034446,-0.036231,-0.039801,-0.042827,-0.044254,-0.046897,-0.051178,-0.053540,-0.063030,-0.061168,-0.060431,-0.060308,-0.059548,-0.051450,0.003727,0.020037,0.024526,0.025011,0.023426,0.021085,0.016982,0.013813,0.014334,0.016077,0.016374,0.011194,0.004031,-0.004339,-0.014434,-0.020774,-0.024136,-0.025293,-0.024451,-0.023484,-0.021827,-0.017959,-0.006519,0.006242,0.002793,-0.003406,-0.002990,0.025397,0.034148,0.030420,0.028361,0.025062,0.022323,0.021634,0.021036,0.019559,0.020831,0.020512,0.022993,0.025087,0.026260,0.029296,0.034210,0.037863,0.036475,0.035005,0.034291,0.035894,0.037197,0.036768,0.037156,0.040574,0.037034,0.035199,0.036236,0.033279,0.030282,0.025638,0.027672,0.020042,0.019872,0.015808,0.017677,0.017585,0.015936,0.016163,0.016355,0.016735,0.016085,0.015356,0.014727,0.013873,0.013023,0.015775,0.014943,0.015795,0.015006,0.013764,0.012348,0.010760,0.009860,0.009655,0.010458,0.023791,-0.000912,0.013071,-0.002700,0.026114,-0.003139,0.013855,0.012826,-0.001958,0.016301,0.016937,0.012658,0.010208,0.005739,0.004151,0.024534,-0.003881,-0.002580,0.000845,0.001832,0.019316,-0.005548,-0.004474,0.010466,0.020992,0.021552,0.020326,0.010578,0.024615,0.043666,0.014977,0.003139,-0.002901,-0.022894,-0.003675,-0.001537,-0.003707,-0.001662,0.013201,-0.001425,-0.017531,-0.001027,0.001107,-0.000463,-0.001274,-0.002101,-0.004025,0.005462,0.010170,-0.021915,-0.004058,-0.003717,-0.003694,-0.002292,-0.003616,-0.004315,-0.005310,-0.003888,-0.003926,-0.005885,-0.008166,-0.009444,-0.010879,-0.010244,-0.011262,-0.013362,-0.015826,-0.017296,-0.017976,-0.019329,-0.021135,-0.022339,-0.021626,-0.020449,-0.018771,-0.017794,-0.016490,-0.013905,-0.008156,-0.002444,0.005803,0.011846,0.008051,0.010520,0.007511,0.009964,0.012560,0.011965,0.009618,0.008535,0.007502,0.005607,0.001090,0.001440,-0.000784,-0.003596,-0.005373,-0.005997,-0.009556,-0.008927,-0.010166,-0.012423,-0.014001,-0.013019,-0.013121,-0.014348,-0.014126,-0.014623,-0.015783,-0.013740,-0.015223,-0.013486,-0.012475,-0.010630,-0.007328,-0.004315,-0.004382,-0.009506,-0.012846,-0.011933,-0.013883,-0.016247,-0.014006,-0.012560,-0.012067,-0.010156,89.889631,89.876692,89.870042,89.873284,89.881271,89.911735,89.921132,89.929707,89.934131,89.923228,89.920365,89.919671,89.923454,89.928075,89.927616,89.920773,89.917267,89.921237,89.931747,89.943220,89.949722,89.951990,89.937886,89.935315,89.944113,89.948559,89.948733,89.947347,89.950123,89.956288,89.960626,89.959321,89.949775,89.943394,89.960668,89.940435,89.917768,89.897925,89.893107,89.909105,89.969711,90.255661,90.430180,90.507952,90.521073,90.505516,90.468517,90.408734,90.339530,90.294446,90.271712,90.278869,90.321099,90.368100,90.409546,90.427491,90.422264,90.409846,90.397936,90.368682,90.325025,90.275552,90.224395,90.214366,90.268058,90.292334,90.197022,90.008418,89.936061,89.920447,89.902574,89.886371,89.862472,89.832477,89.816184,89.816661,89.821506,89.833547,89.833221,89.844797,89.864602,89.868928,89.868182,89.888767,89.925277,89.938894,89.940433,89.934861,89.932255,89.938785,89.952428,89.971337,90.006592,89.992928,89.957268,89.946904,89.936082,89.925433,89.907139,89.923200,89.906690,89.895574,89.861923,89.853542,89.852439,89.851538,89.857813,89.866514,89.876771,89.883998,89.893435,89.902542,89.911972,89.919366,89.942934,89.945054,89.950325,89.959599,89.963640,89.961410,89.960947,89.966016,89.974698,89.989121,90.113828,90.057298,90.067353,90.013326,90.180027,90.123364,90.162236,90.147285,89.983630,89.973391,89.981507,89.993803,90.006123,90.006831,90.004875,90.160851,90.038303,89.999069,89.996740,90.005169,90.185436,90.126090,90.087192,90.122340,90.173548,90.159512,90.106594,89.993089,89.994309,90.137827,90.136064,90.092087,90.151213,90.011975,89.971352,90.020183,89.994994,89.995521,90.102570,90.110678,90.006422,89.973753,89.975586,89.977055,89.976457,89.993955,89.972453,90.020924,90.147150,90.012999,90.007233,90.003493,89.989144,89.983691,89.983555,89.987768,89.988546,89.982703,89.973926,89.969034,89.965759,89.958116,89.948730,89.942597,89.945434,89.956577,89.968415,89.977340,89.986143,89.994953,89.998337,89.994551,89.988657,89.984935,89.988083,89.983412,89.976648,89.970048,89.967165,89.919317,89.902237,89.937789,89.922544,89.914523,89.895982,89.908306,89.928443,89.934339,89.929245,89.927246,89.930136,89.937807,89.926082,89.922624,89.914817,89.908969,89.906645,89.909286,89.892712,89.892471,89.905218,89.921929,89.928927,89.934290,89.945186,89.953807,89.959806,89.963374,89.961162,89.972047,89.961319,89.954562,89.948199,89.943287,89.943947,89.948273,89.956707,89.946821,89.928415,89.927798,89.921965,89.903430,89.896738,89.898498,89.896758,89.892919,0.000718,0.000887,0.000951,0.000902,0.000838,0.000532,0.000537,0.000530,0.000528,0.000717,0.000779,0.000785,0.000777,0.000776,0.000783,0.000806,0.000820,0.000824,0.000811,0.000771,0.000715,0.000631,0.000767,0.000866,0.000916,0.000980,0.000988,0.000981,0.000982,0.000986,0.000975,0.000927,0.000924,0.000933,0.000778,0.001086,0.001170,0.001207,0.001235,0.001276,0.001293,0.001291,0.001272,0.001244,0.001204,0.001147,0.001071,0.000995,0.000950,0.000937,0.000931,0.000914,0.000920,0.000963,0.001050,0.001128,0.001180,0.001220,0.001257,0.001261,0.001242,0.001243,0.001240,0.001193,0.001130,0.001159,0.001147,0.001097,0.001073,0.001066,0.001209,0.001284,0.001294,0.001290,0.001256,0.001184,0.001103,0.000921,0.000970,0.001000,0.000940,0.001026,0.001194,0.001181,0.000982,0.000974,0.000987,0.001003,0.000983,0.000966,0.000989,0.000997,0.000673,0.000766,0.001036,0.001005,0.001010,0.001018,0.001094,0.000694,0.000738,0.000727,0.001057,0.001063,0.000962,0.000910,0.000864,0.000826,0.000765,0.000722,0.000685,0.000694,0.000698,0.000696,0.000445,0.000448,0.000448,0.000449,0.000482,0.000506,0.000504,0.000501,0.000477,0.000459,0.000462,0.000688,0.000530,0.000568,0.000604,0.000825,0.000810,0.000593,0.000766,0.000663,0.000656,0.000584,0.000581,0.000578,0.000565,0.000638,0.000453,0.000419,0.000658,0.000652,0.000684,0.000770,0.000879,0.000901,0.000820,0.000725,0.000688,0.000729,0.000697,0.000269,0.000310,0.000370,0.000394,0.000439,0.000379,0.000473,0.000361,0.000414,0.000615,0.000461,0.000484,0.000467,0.000484,0.000463,0.000463,0.000479,0.000478,0.000405,0.000332,0.000335,0.000331,0.000334,0.000434,0.000453,0.000495,0.000507,0.000508,0.000513,0.000531,0.000537,0.000541,0.000560,0.000565,0.000559,0.000556,0.000538,0.000517,0.000503,0.000501,0.000511,0.000522,0.000510,0.000500,0.000498,0.000498,0.000500,0.000492,0.000460,0.000410,0.000628,0.000727,0.000266,0.000381,0.000282,0.000478,0.000484,0.000413,0.000385,0.000420,0.000436,0.000430,0.000420,0.000638,0.000659,0.000692,0.000733,0.000731,0.000583,0.000679,0.000691,0.000694,0.000675,0.000717,0.000728,0.000675,0.000681,0.000711,0.000704,0.000709,0.000517,0.000625,0.000690,0.000727,0.000727,0.000684,0.000621,0.000456,0.000463,0.000581,0.000526,0.000542,0.000692,0.000731,0.000700,0.000698,0.000691
-0.006611,-0.007003,-0.003045,0.000603,0.003650,0.007634,0.004419,0.003633,0.001389,-0.001590,-0.002141,-0.004436,-0.007902,-0.011254,-0.013379,-0.015947,-0.019426,-0.022583,-0.024965,-0.027274,-0.030299,-0.030626,-0.035211,-0.034660,-0.034383,-0.034714,-0.034935,-0.034716,-0.036100,-0.038950,-0.042363,-0.044725,-0.047450,-0.050043,-0.053722,-0.063783,-0.060214,-0.057638,-0.058941,-0.058131,-0.051036,0.006677,0.018066,0.022350,0.022910,0.021106,0.017955,0.015401,0.013660,0.013610,0.015563,0.014729,0.011064,0.004115,-0.004895,-0.013818,-0.020490,-0.023901,-0.026219,-0.024770,-0.023601,-0.021754,-0.017715,-0.008218,0.006093,0.003270,-0.004733,0.000204,0.024366,0.034191,0.031251,0.029235,0.025628,0.022403,0.021200,0.021974,0.022434,0.022083,0.019433,0.022439,0.024303,0.026407,0.029105,0.034473,0.036997,0.036795,0.036966,0.035279,0.035541,0.036981,0.036669,0.036920,0.040117,0.036494,0.034790,0.036286,0.033934,0.030082,0.025424,0.028235,0.022801,0.020284,0.014124,0.017933,0.019369,0.016918,0.016785,0.017344,0.017974,0.017253,0.015313,0.014885,0.014757,0.013862,0.016240,0.014228,0.014224,0.013679,0.012788,0.012131,0.011476,0.011362,0.012039,0.011493,0.021136,-0.001879,0.013827,-0.001653,0.026418,-0.003411,0.011787,0.015315,-0.000358,0.014699,0.017231,0.014209,0.010376,0.005634,0.004693,0.023795,-0.004417,-0.001028,0.000233,0.002318,0.019672,-0.005674,-0.007135,0.010841,0.022025,0.021402,0.022141,0.009813,0.023478,0.045018,0.013696,0.003524,-0.000983,-0.021917,-0.003474,-0.001261,-0.001234,0.001325,0.016411,-0.001568,-0.016747,0.000211,-0.000586,-0.001467,-0.001347,-0.001492,-0.000546,0.007876,0.009126,-0.023199,-0.005563,-0.003397,-0.003023,-0.002814,-0.004221,-0.005741,-0.005757,-0.004995,-0.004281,-0.005407,-0.006425,-0.009084,-0.012143,-0.011493,-0.010860,-0.013103,-0.015402,-0.016333,-0.017444,-0.019112,-0.021921,-0.023293,-0.022543,-0.021548,-0.017850,-0.016527,-0.016293,-0.015656,-0.011089,-0.001309,0.005345,0.011161,0.009825,0.009399,0.008714,0.012761,0.013831,0.012094,0.009647,0.008237,0.006866,0.004980,0.000924,0.002236,-0.000050,-0.002509,-0.003824,-0.005312,-0.009951,-0.009942,-0.010511,-0.012171,-0.014704,-0.014463,-0.013351,-0.014298,-0.015616,-0.015248,-0.014715,-0.013632,-0.016099,-0.013497,-0.010740,-0.009976,-0.007729,-0.004701,-0.004794,-0.009107,-0.011873,-0.012064,-0.015249,-0.017691,-0.014424,-0.012153,-0.011356,-0.008691,89.893979,89.872282,89.861894,89.868304,89.882691,89.911602,89.915112,89.927685,89.934389,89.921729,89.915480,89.913726,89.918702,89.924119,89.926618,89.926134,89.922247,89.917542,89.917224,89.924910,89.937978,89.956170,89.939239,89.932268,89.938323,89.946288,89.949040,89.948528,89.952128,89.960919,89.969324,89.968283,89.958658,89.949970,89.958206,89.929313,89.914885,89.907366,89.908024,89.902089,89.960401,90.251564,90.438433,90.506426,90.513714,90.506618,90.466792,90.394031,90.323851,90.285220,90.272227,90.284272,90.326261,90.368338,90.414384,90.437387,90.432780,90.413330,90.394064,90.372476,90.337014,90.284392,90.233385,90.221248,90.262807,90.274920,90.191992,90.008526,89.949427,89.934128,89.923702,89.907682,89.877391,89.841806,89.821593,89.814919,89.812756,89.819451,89.816501,89.831654,89.854377,89.866968,89.866105,89.891735,89.925001,89.936585,89.942902,89.941114,89.937966,89.939639,89.946089,89.957020,89.984833,89.970995,89.942578,89.940598,89.934370,89.922842,89.899941,89.910219,89.899044,89.891109,89.858016,89.851345,89.855573,89.859220,89.869753,89.878889,89.882659,89.884501,89.889340,89.896987,89.910009,89.923430,89.955282,89.956972,89.953498,89.951897,89.953615,89.955691,89.961152,89.970343,89.990691,90.008936,90.104071,90.063434,90.081219,90.010844,90.189817,90.147726,90.156749,90.154361,90.002166,89.978717,89.984499,89.990079,89.997003,89.993982,89.998364,90.142393,90.028923,89.998072,90.010162,90.007468,90.168568,90.125973,90.064019,90.103810,90.170357,90.154145,90.116382,89.981924,89.984289,90.139278,90.134076,90.098012,90.142498,89.992508,89.964694,90.006330,90.011431,90.017167,90.121672,90.133068,90.003979,89.980924,89.975985,89.974990,89.973028,89.977176,89.961730,90.025694,90.146455,90.003302,89.997607,89.998925,89.992867,89.989835,89.987695,89.988855,89.987755,89.984410,89.976360,89.968337,89.963176,89.958508,89.951228,89.942744,89.941409,89.948918,89.961238,89.976406,89.992171,89.998403,89.991735,89.978427,89.974280,89.976654,89.992059,89.995156,89.992084,89.984510,89.958232,89.920130,89.901853,89.930041,89.927933,89.924380,89.911242,89.911861,89.917849,89.922507,89.925778,89.930855,89.930779,89.925810,89.905380,89.905239,89.905846,89.906053,89.910677,89.917441,89.901873,89.898850,89.910085,89.926509,89.932168,89.935336,89.947609,89.956679,89.956879,89.953053,89.950602,89.965054,89.961734,89.957859,89.949138,89.940984,89.943856,89.954553,89.964310,89.954270,89.935490,89.934657,89.930833,89.906798,89.889429,89.887476,89.892337,89.896601,0.000635,0.000850,0.000936,0.000928,0.000867,0.000568,0.000597,0.000545,0.000540,0.000683,0.000687,0.000703,0.000734,0.000770,0.000801,0.000820,0.000838,0.000860,0.000854,0.000798,0.000729,0.000577,0.000805,0.000898,0.000915,0.000940,0.000950,0.000926,0.000898,0.000886,0.000881,0.000891,0.000933,0.000936,0.000808,0.001191,0.001252,0.001248,0.001210,0.001192,0.001190,0.001193,0.001202,0.001180,0.001144,0.001118,0.001069,0.000990,0.000921,0.000899,0.000898,0.000903,0.000919,0.000961,0.001039,0.001111,0.001157,0.001189,0.001218,0.001218,0.001219,0.001245,0.001319,0.001348,0.001266,0.001252,0.001242,0.001093,0.001015,0.001053,0.001139,0.001184,0.001216,0.001266,0.001275,0.001217,0.001124,0.000931,0.000962,0.000938,0.000915,0.000999,0.001215,0.001098,0.000906,0.000938,0.000939,0.000951,0.000952,0.000944,0.000965,0.000942,0.000616,0.000702,0.000946,0.000903,0.000925,0.000914,0.000993,0.000689,0.000737,0.000736,0.001052,0.001019,0.000869,0.000821,0.000772,0.000746,0.000729,0.000706,0.000698,0.000724,0.000723,0.000711,0.000418,0.000422,0.000428,0.000426,0.000427,0.000451,0.000458,0.000462,0.000430,0.000412,0.000438,0.000774,0.000519,0.000545,0.000514,0.000819,0.000759,0.000621,0.000670,0.000557,0.000615,0.000571,0.000591,0.000567,0.000533,0.000494,0.000420,0.000463,0.000599,0.000631,0.000661,0.000771,0.000899,0.000924,0.000855,0.000799,0.000606,0.000682,0.000627,0.000327,0.000400,0.000391,0.000383,0.000397,0.000348,0.000440,0.000298,0.000391,0.000511,0.000415,0.000433,0.000478,0.000457,0.000442,0.000428,0.000438,0.000438,0.000376,0.000286,0.000305,0.000321,0.000339,0.000448,0.000482,0.000494,0.000484,0.000480,0.000482,0.000493,0.000494,0.000484,0.000499,0.000529,0.000546,0.000532,0.000501,0.000484,0.000473,0.000468,0.000476,0.000481,0.000479,0.000480,0.000471,0.000442,0.000413,0.000414,0.000414,0.000417,0.000653,0.000700,0.000343,0.000350,0.000312,0.000478,0.000474,0.000402,0.000358,0.000384,0.000386,0.000392,0.000401,0.000638,0.000658,0.000696,0.000746,0.000714,0.000541,0.000610,0.000643,0.000670,0.000670,0.000730,0.000759,0.000698,0.000697,0.000740,0.000730,0.000706,0.000529,0.000616,0.000660,0.000713,0.000750,0.000691,0.000589,0.000455,0.000465,0.000561,0.000525,0.000531,0.000685,0.000730,0.000680,0.000627,0.000596
-0.007589,-0.006568,-0.002329,0.000766,0.001813,0.006875,0.004641,0.003441,0.001313,-0.001924,-0.002107,-0.004727,-0.007643,-0.011037,-0.014248,-0.016426,-0.017756,-0.019977,-0.023771,-0.027515,-0.030241,-0.029992,-0.034616,-0.035386,-0.035802,-0.035158,-0.035030,-0.034575,-0.035600,-0.038815,-0.042240,-0.043201,-0.045766,-0.049928,-0.052162,-0.062311,-0.060322,-0.058734,-0.057528,-0.058100,-0.052232,0.007623,0.020112,0.024948,0.024634,0.022506,0.019544,0.015705,0.012776,0.015151,0.017361,0.016029,0.012512,0.003543,-0.005382,-0.014638,-0.021102,-0.023533,-0.024790,-0.025526,-0.024827,-0.021652,-0.017474,-0.006918,0.005632,0.001859,-0.004239,-0.002045,0.027168,0.035401,0.031930,0.029799,0.025081,0.021891,0.021154,0.021078,0.019926,0.020225,0.019421,0.021865,0.024390,0.026550,0.030348,0.035672,0.036094,0.035272,0.035330,0.036081,0.037281,0.037944,0.037422,0.037432,0.039402,0.035947,0.034566,0.036255,0.032780,0.028134,0.025308,0.028506,0.022445,0.019907,0.015419,0.017741,0.019257,0.017458,0.018180,0.017228,0.016390,0.015967,0.015461,0.015509,0.014396,0.012916,0.015337,0.014890,0.015330,0.014684,0.013303,0.012055,0.011253,0.011298,0.011496,0.010359,0.023609,-0.001140,0.015382,-0.001916,0.028226,-0.001309,0.011888,0.014333,-0.000346,0.014991,0.017956,0.013863,0.010249,0.005989,0.004287,0.022948,-0.003741,-0.002261,0.001368,0.001601,0.020242,-0.006018,-0.007306,0.010745,0.024214,0.020393,0.020786,0.009240,0.023401,0.043771,0.014930,0.002262,-0.003482,-0.022783,-0.006154,-0.001526,-0.003089,0.001609,0.014212,-0.002346,-0.017462,-0.001585,-0.000747,-0.001174,0.000233,-0.002145,-0.002436,0.006015,0.009494,-0.021497,-0.005719,-0.003344,-0.004955,-0.004427,-0.003668,-0.003945,-0.003708,-0.004044,-0.004398,-0.006090,-0.007687,-0.008961,-0.011003,-0.011986,-0.012518,-0.011874,-0.014104,-0.016643,-0.018483,-0.019829,-0.020280,-0.021184,-0.022507,-0.021348,-0.019098,-0.016450,-0.015938,-0.015059,-0.009639,-0.002550,0.004953,0.011404,0.007540,0.008513,0.007588,0.009777,0.012740,0.013195,0.010770,0.009194,0.008309,0.006687,0.002599,0.001840,-0.000981,-0.002900,-0.004247,-0.005851,-0.010794,-0.010389,-0.010673,-0.012268,-0.013718,-0.013462,-0.013462,-0.014249,-0.014520,-0.014353,-0.015303,-0.013963,-0.015284,-0.013264,-0.012199,-0.009851,-0.007895,-0.005689,-0.006167,-0.009313,-0.011512,-0.011731,-0.014018,-0.016061,-0.014528,-0.012890,-0.011168,-0.008992,89.901866,89.885619,89.875923,89.878422,89.883856,89.910902,89.912659,89.923773,89.937615,89.931557,89.927249,89.919793,89.915815,89.914502,89.914260,89.915761,89.919727,89.921180,89.920918,89.927286,89.939156,89.954042,89.936539,89.929777,89.931987,89.936859,89.940648,89.942320,89.950335,89.962136,89.973082,89.974861,89.963575,89.949610,89.958799,89.937006,89.922937,89.905657,89.897365,89.913640,89.959988,90.254614,90.429413,90.515981,90.524744,90.501855,90.467208,90.415099,90.337929,90.289141,90.271549,90.280190,90.327143,90.355037,90.391442,90.420469,90.427074,90.413924,90.401876,90.372751,90.330539,90.279759,90.229627,90.210599,90.269686,90.297314,90.205739,90.007189,89.944543,89.931100,89.913544,89.899728,89.873366,89.844279,89.821245,89.808768,89.807213,89.818471,89.819859,89.829652,89.847623,89.857810,89.860400,89.890859,89.921898,89.931554,89.933522,89.936288,89.941910,89.947596,89.949631,89.956479,89.986612,89.983473,89.954609,89.941046,89.930887,89.919281,89.903522,89.918531,89.905421,89.890559,89.857778,89.849637,89.860460,89.866115,89.871676,89.871639,89.874957,89.883313,89.895624,89.904810,89.910811,89.914438,89.934647,89.937383,89.946018,89.953829,89.953268,89.945529,89.945562,89.959260,89.981013,90.001025,90.124251,90.060101,90.064338,90.017604,90.185654,90.147032,90.164907,90.146917,90.012660,89.972899,89.981194,89.988257,89.993435,89.989363,89.991897,90.152030,90.035373,90.005122,89.998702,89.998496,90.153608,90.114599,90.063810,90.102516,90.168803,90.145825,90.117474,90.001303,89.991616,90.136225,90.129508,90.105994,90.142853,90.016051,89.973375,89.987637,90.002081,89.993615,90.113390,90.126932,90.001616,89.985508,89.980130,89.962970,89.971552,89.978983,89.968803,90.023012,90.130715,90.003700,89.996708,89.997468,89.990152,89.994078,90.000536,90.003442,89.998901,89.990644,89.979873,89.972295,89.965444,89.954202,89.941971,89.935044,89.939962,89.956845,89.974959,89.984607,89.988110,89.990405,89.992064,89.993744,89.994287,89.991891,89.985778,89.982118,89.983174,89.984999,89.968402,89.925259,89.911602,89.935459,89.919781,89.906538,89.890945,89.898559,89.912900,89.918208,89.916999,89.921650,89.930758,89.936245,89.923469,89.920931,89.914313,89.907916,89.908704,89.916945,89.904803,89.903544,89.910882,89.925683,89.935780,89.940369,89.948962,89.955477,89.956363,89.955993,89.956477,89.968292,89.957044,89.950985,89.950056,89.949442,89.948202,89.951904,89.960017,89.951613,89.933567,89.931249,89.926818,89.906414,89.895345,89.895745,89.899966,89.903794,0.000608,0.000798,0.000915,0.000908,0.000868,0.000516,0.000519,0.000484,0.000489,0.000698,0.000729,0.000725,0.000715,0.000717,0.000723,0.000722,0.000703,0.000693,0.000687,0.000663,0.000646,0.000543,0.000761,0.000832,0.000872,0.000904,0.000913,0.000906,0.000872,0.000864,0.000862,0.000834,0.000813,0.000815,0.000697,0.001080,0.001167,0.001191,0.001159,0.001155,0.001202,0.001238,0.001228,0.001183,0.001110,0.001050,0.001008,0.000966,0.000916,0.000875,0.000855,0.000871,0.000907,0.000960,0.001041,0.001115,0.001153,0.001154,0.001152,0.001153,0.001177,0.001202,0.001245,0.001237,0.001166,0.001157,0.001108,0.001008,0.000894,0.000932,0.001113,0.001162,0.001185,0.001150,0.001122,0.001094,0.001040,0.000889,0.000925,0.000904,0.000836,0.000901,0.001100,0.001007,0.000870,0.000890,0.000937,0.000973,0.000951,0.000889,0.000870,0.000871,0.000602,0.000676,0.000927,0.000903,0.000837,0.000830,0.000921,0.000627,0.000628,0.000610,0.000893,0.000968,0.000875,0.000865,0.000784,0.000739,0.000702,0.000692,0.000690,0.000725,0.000714,0.000664,0.000386,0.000391,0.000380,0.000376,0.000392,0.000412,0.000408,0.000403,0.000383,0.000381,0.000426,0.000899,0.000459,0.000490,0.000651,0.000865,0.000817,0.000686,0.000707,0.000616,0.000543,0.000486,0.000494,0.000507,0.000505,0.000721,0.000501,0.000470,0.000564,0.000578,0.000642,0.000762,0.000872,0.000919,0.000823,0.000773,0.000751,0.000556,0.000585,0.000362,0.000340,0.000361,0.000368,0.000387,0.000367,0.000424,0.000396,0.000488,0.000564,0.000429,0.000350,0.000379,0.000407,0.000415,0.000415,0.000418,0.000409,0.000359,0.000273,0.000277,0.000274,0.000279,0.000358,0.000381,0.000395,0.000400,0.000414,0.000442,0.000480,0.000494,0.000483,0.000474,0.000465,0.000455,0.000457,0.000459,0.000456,0.000437,0.000412,0.000400,0.000382,0.000369,0.000376,0.000388,0.000379,0.000370,0.000394,0.000405,0.000442,0.000680,0.000730,0.000332,0.000335,0.000303,0.000423,0.000425,0.000359,0.000336,0.000355,0.000346,0.000326,0.000336,0.000546,0.000592,0.000652,0.000706,0.000665,0.000505,0.000585,0.000590,0.000597,0.000591,0.000631,0.000666,0.000625,0.000633,0.000683,0.000682,0.000663,0.000476,0.000579,0.000638,0.000663,0.000646,0.000611,0.000536,0.000395,0.000403,0.000511,0.000503,0.000561,0.000735,0.000748,0.000677,0.000624,0.000584
-0.007437,-0.005583,-0.001025,0.001179,0.001843,0.005839,0.003948,0.003184,0.000830,-0.003533,-0.002283,-0.003688,-0.006397,-0.010540,-0.014681,-0.016872,-0.018125,-0.020247,-0.024327,-0.028045,-0.029642,-0.030289,-0.034330,-0.035395,-0.035869,-0.035078,-0.034938,-0.035041,-0.036676,-0.038942,-0.040498,-0.043373,-0.046960,-0.050814,-0.052107,-0.062058,-0.059451,-0.058077,-0.059049,-0.059732,-0.051851,0.007729,0.019644,0.023373,0.024013,0.022442,0.020666,0.017105,0.013666,0.014448,0.015888,0.015067,0.011566,0.002905,-0.005300,-0.013259,-0.019347,-0.022691,-0.023279,-0.023050,-0.024210,-0.020801,-0.015992,-0.005907,0.006745,0.002761,-0.003548,-0.000590,0.025589,0.034988,0.032649,0.028713,0.024275,0.022063,0.022122,0.021919,0.019397,0.018841,0.019387,0.023117,0.026137,0.027602,0.029562,0.033460,0.035438,0.035069,0.035595,0.034750,0.035161,0.036874,0.038141,0.038490,0.041095,0.037814,0.035793,0.036677,0.033559,0.028988,0.024856,0.026318,0.021638,0.019398,0.015582,0.017058,0.017099,0.016967,0.018912,0.017620,0.017000,0.017387,0.016147,0.015667,0.015584,0.013640,0.014824,0.014516,0.016033,0.015530,0.012945,0.011690,0.011070,0.009799,0.009609,0.010545,0.023072,-0.001215,0.015141,0.000038,0.028043,-0.002550,0.013026,0.013174,-0.001503,0.015151,0.016752,0.013152,0.009821,0.005239,0.004087,0.024613,-0.003079,-0.003487,-0.000283,0.001202,0.020529,-0.006000,-0.005083,0.012068,0.021999,0.021840,0.021132,0.009694,0.025030,0.046172,0.016175,0.003389,-0.000991,-0.021446,-0.005551,-0.002081,-0.003996,-0.000467,0.016086,-0.002763,-0.018159,-0.001590,0.000762,0.001315,0.001240,-0.000941,-0.001779,0.006378,0.009606,-0.020335,-0.003825,-0.002926,-0.003409,-0.003492,-0.003128,-0.003814,-0.005322,-0.004925,-0.004913,-0.005944,-0.006668,-0.008001,-0.011590,-0.012212,-0.011749,-0.012091,-0.014432,-0.016835,-0.018377,-0.019408,-0.020577,-0.022265,-0.021912,-0.021461,-0.018928,-0.017082,-0.016644,-0.015695,-0.009969,-0.001028,0.005191,0.009743,0.007983,0.008002,0.009029,0.012248,0.014464,0.012479,0.009718,0.009036,0.008254,0.005396,0.000334,0.001203,-0.000792,-0.003115,-0.004117,-0.005372,-0.010417,-0.010889,-0.010863,-0.012502,-0.015125,-0.014914,-0.013660,-0.013651,-0.014040,-0.014038,-0.014765,-0.013336,-0.015665,-0.014190,-0.012480,-0.009189,-0.007131,-0.004966,-0.004731,-0.008124,-0.010822,-0.010481,-0.013981,-0.016589,-0.014459,-0.012945,-0.012481,-0.010687,89.889244,89.873460,89.871902,89.880329,89.885737,89.906189,89.906232,89.916354,89.928796,89.913220,89.907777,89.908842,89.916722,89.923890,89.923764,89.919437,89.918637,89.921581,89.924019,89.927657,89.937528,89.949783,89.938701,89.933333,89.936491,89.945468,89.950049,89.948979,89.952997,89.961203,89.969990,89.966112,89.951288,89.941703,89.958660,89.931958,89.914918,89.902910,89.902512,89.913827,89.959101,90.244182,90.417220,90.506477,90.522572,90.502747,90.469418,90.412586,90.337100,90.293542,90.276009,90.277325,90.321952,90.369938,90.403908,90.425460,90.428429,90.411075,90.390774,90.366375,90.317363,90.269586,90.225044,90.206880,90.255847,90.281899,90.182769,90.015372,89.948140,89.929199,89.916291,89.901088,89.874065,89.839225,89.816168,89.811503,89.815750,89.821673,89.821467,89.836202,89.855781,89.862992,89.864580,89.890665,89.927083,89.933522,89.933782,89.932099,89.933937,89.936679,89.941138,89.949880,89.979087,89.976640,89.948886,89.934719,89.926510,89.919234,89.909839,89.919965,89.907088,89.891416,89.861730,89.855274,89.856735,89.852239,89.859359,89.872803,89.885537,89.894758,89.899065,89.904678,89.914968,89.922241,89.942699,89.942550,89.946989,89.955887,89.960105,89.961710,89.969108,89.978912,89.991332,90.014241,90.130509,90.053559,90.057454,90.016184,90.184322,90.129815,90.170562,90.157559,89.993188,89.976361,89.982066,89.997209,90.008629,90.005263,90.004255,90.151293,90.038371,90.007425,90.014121,90.011941,90.171570,90.127708,90.081341,90.113118,90.154150,90.134121,90.098289,89.994055,89.993522,90.130901,90.117591,90.101679,90.137366,90.012509,89.984647,90.008082,89.987267,90.005957,90.104717,90.136201,90.008199,89.993671,89.978606,89.975197,89.985249,89.984273,89.966691,90.014556,90.138563,90.016015,90.006058,90.000897,89.988108,89.979672,89.980765,89.990986,89.997452,89.990688,89.975601,89.965652,89.961237,89.955849,89.947824,89.940298,89.940919,89.949080,89.960558,89.974590,89.988650,89.995868,89.997185,89.995925,89.996148,89.994809,89.993527,89.981668,89.976779,89.982349,89.975025,89.925348,89.910964,89.935673,89.932592,89.916269,89.901164,89.907151,89.925840,89.933401,89.932147,89.933403,89.935779,89.935520,89.916325,89.911180,89.906589,89.904979,89.910750,89.916381,89.897763,89.891634,89.906269,89.930930,89.941596,89.944930,89.954471,89.958861,89.955208,89.952486,89.954675,89.971632,89.963771,89.958126,89.951576,89.944171,89.941589,89.945794,89.954356,89.945728,89.927478,89.927950,89.924552,89.907011,89.897350,89.897749,89.898882,89.896321,0.000642,0.000848,0.000914,0.000870,0.000826,0.000539,0.000577,0.000560,0.000505,0.000710,0.000710,0.000686,0.000692,0.000728,0.000764,0.000785,0.000798,0.000812,0.000796,0.000748,0.000693,0.000629,0.000793,0.000857,0.000898,0.000927,0.000953,0.000969,0.000958,0.000965,0.000938,0.000911,0.000929,0.000949,0.000775,0.001132,0.001169,0.001186,0.001211,0.001213,0.001243,0.001232,0.001189,0.001160,0.001116,0.001074,0.001039,0.000989,0.000932,0.000894,0.000887,0.000902,0.000926,0.000956,0.000998,0.001055,0.001107,0.001144,0.001184,0.001212,0.001234,0.001232,0.001248,0.001234,0.001184,0.001201,0.001179,0.001089,0.000939,0.001020,0.001106,0.001182,0.001233,0.001261,0.001264,0.001195,0.001069,0.000924,0.000960,0.000952,0.000900,0.000961,0.001122,0.001070,0.000882,0.000928,0.000949,0.000981,0.000988,0.000975,0.000972,0.000977,0.000709,0.000735,0.000969,0.000997,0.000969,0.000974,0.000989,0.000685,0.000643,0.000687,0.001010,0.001036,0.000902,0.000865,0.000811,0.000789,0.000751,0.000677,0.000680,0.000732,0.000720,0.000681,0.000413,0.000412,0.000419,0.000409,0.000418,0.000431,0.000426,0.000435,0.000431,0.000437,0.000494,0.000795,0.000551,0.000582,0.000654,0.000989,0.000893,0.000738,0.000760,0.000625,0.000642,0.000554,0.000520,0.000513,0.000497,0.000619,0.000475,0.000551,0.000594,0.000607,0.000615,0.000707,0.000831,0.000862,0.000795,0.000725,0.000618,0.000642,0.000625,0.000297,0.000327,0.000311,0.000337,0.000563,0.000277,0.000287,0.000492,0.000429,0.000423,0.000478,0.000435,0.000440,0.000422,0.000397,0.000403,0.000430,0.000422,0.000329,0.000261,0.000285,0.000309,0.000326,0.000428,0.000444,0.000455,0.000449,0.000437,0.000450,0.000500,0.000541,0.000545,0.000545,0.000545,0.000528,0.000495,0.000476,0.000484,0.000488,0.000481,0.000483,0.000466,0.000435,0.000424,0.000438,0.000448,0.000434,0.000425,0.000414,0.000354,0.000627,0.000683,0.000359,0.000335,0.000397,0.000497,0.000501,0.000431,0.000409,0.000430,0.000422,0.000394,0.000362,0.000555,0.000593,0.000679,0.000761,0.000712,0.000530,0.000616,0.000672,0.000678,0.000625,0.000643,0.000682,0.000632,0.000633,0.000679,0.000683,0.000678,0.000498,0.000605,0.000642,0.000667,0.000675,0.000640,0.000565,0.000415,0.000422,0.000558,0.000568,0.000622,0.000743,0.000733,0.000667,0.000613,0.000590
-0.006109,-0.006634,-0.003251,0.001607,0.003973,0.006218,0.003642,0.003592,0.000757,-0.005006,-0.003973,-0.003699,-0.006041,-0.010777,-0.014433,-0.015895,-0.018358,-0.021945,-0.024729,-0.026568,-0.029237,-0.031256,-0.034733,-0.034610,-0.034230,-0.034401,-0.035050,-0.035977,-0.036767,-0.038865,-0.042142,-0.044862,-0.046900,-0.050065,-0.053107,-0.062508,-0.060754,-0.058900,-0.057321,-0.058111,-0.050334,0.008059,0.020260,0.024672,0.024340,0.022466,0.021057,0.018126,0.014452,0.014577,0.017081,0.016330,0.012219,0.003446,-0.005290,-0.012756,-0.019367,-0.022468,-0.024081,-0.024252,-0.022506,-0.022987,-0.017610,-0.006177,0.007814,0.002676,-0.004790,-0.000179,0.025580,0.033928,0.030769,0.028894,0.025758,0.021992,0.020457,0.021550,0.020685,0.019463,0.018727,0.023367,0.025544,0.026401,0.029458,0.035365,0.038089,0.035465,0.035020,0.034733,0.035098,0.036101,0.036969,0.037849,0.039684,0.035840,0.034264,0.035457,0.033105,0.028806,0.024058,0.026353,0.020862,0.018719,0.014975,0.017572,0.018452,0.016707,0.016375,0.016083,0.017552,0.018146,0.016801,0.014781,0.014044,0.013603,0.015961,0.014649,0.015253,0.014542,0.012614,0.011797,0.011622,0.011113,0.010899,0.011417,0.022240,-0.002089,0.014948,-0.001976,0.026872,-0.002705,0.012647,0.013769,-0.001329,0.015445,0.017782,0.014209,0.011357,0.005210,0.003626,0.024127,-0.004319,-0.002728,0.000451,0.002241,0.019070,-0.004251,-0.006113,0.012232,0.020935,0.020792,0.020311,0.009771,0.021635,0.044282,0.013776,0.004099,-0.001595,-0.020586,-0.003688,-0.002646,-0.004031,-0.000639,0.013997,-0.001658,-0.015919,-0.002698,0.000078,-0.001420,-0.000509,-0.000764,-0.000446,0.005868,0.009685,-0.019963,-0.005996,-0.004251,-0.003944,-0.002813,-0.004085,-0.005040,-0.006802,-0.005280,-0.004936,-0.005839,-0.007172,-0.008164,-0.010682,-0.011083,-0.011374,-0.013606,-0.015985,-0.017135,-0.017170,-0.018632,-0.021108,-0.022998,-0.021036,-0.020338,-0.019697,-0.017192,-0.015215,-0.016568,-0.008174,-0.002990,0.004066,0.011304,0.008257,0.011156,0.007681,0.009215,0.012593,0.012728,0.010672,0.009919,0.008868,0.005806,0.001433,0.001538,-0.000479,-0.002513,-0.005092,-0.006823,-0.010253,-0.009767,-0.010755,-0.012601,-0.014114,-0.013425,-0.013517,-0.014627,-0.015076,-0.015155,-0.015850,-0.014128,-0.015482,-0.012579,-0.011682,-0.010936,-0.007550,-0.004145,-0.004641,-0.008919,-0.011205,-0.010778,-0.013894,-0.016853,-0.015757,-0.014162,-0.012400,-0.009043,89.890512,89.875649,89.869518,89.875298,89.884656,89.911837,89.917679,89.925547,89.934989,89.921410,89.918529,89.915602,89.916670,89.920094,89.919157,89.914231,89.911622,89.911571,89.913671,89.920862,89.934345,89.946285,89.934872,89.927931,89.935672,89.947019,89.952693,89.951731,89.952677,89.958008,89.964444,89.962663,89.950016,89.937962,89.948872,89.931376,89.921822,89.908113,89.904324,89.920508,89.945278,90.238152,90.419624,90.513824,90.529089,90.503761,90.465887,90.414054,90.346872,90.292241,90.268017,90.276950,90.327224,90.375099,90.410818,90.433300,90.427077,90.413478,90.404291,90.378922,90.339586,90.272523,90.222019,90.205813,90.262788,90.284133,90.186117,90.017378,89.954612,89.939970,89.914723,89.890811,89.864445,89.836724,89.818164,89.813840,89.816502,89.823759,89.815857,89.821816,89.841469,89.855560,89.859817,89.881849,89.917666,89.929338,89.931479,89.924791,89.920340,89.927835,89.945258,89.962567,89.985551,89.970890,89.946470,89.944671,89.934533,89.919443,89.903304,89.918350,89.907327,89.894772,89.866467,89.862130,89.862570,89.855824,89.860894,89.872534,89.884385,89.889442,89.893728,89.899307,89.910692,89.922422,89.947781,89.947598,89.947465,89.951829,89.956125,89.956345,89.957528,89.966327,89.986044,90.003189,90.118451,90.070004,90.077199,90.007535,90.162600,90.144695,90.177249,90.150764,90.001383,89.975384,89.981370,89.992434,90.001770,90.000353,90.007229,90.154218,90.041834,90.010573,90.016383,90.009380,90.161572,90.128593,90.076701,90.121891,90.168507,90.142957,90.111620,89.999760,90.000587,90.147059,90.134985,90.111776,90.144060,90.000351,89.960524,90.014749,90.007293,90.002117,90.113222,90.122134,90.015100,89.990706,89.977979,89.967588,89.966852,89.986491,89.976122,90.012539,90.124241,90.008064,90.002197,90.000711,89.990307,89.987987,89.989331,89.996166,89.999302,89.994720,89.981567,89.969154,89.963332,89.960076,89.955078,89.948411,89.946724,89.951654,89.960694,89.973414,89.989812,90.002213,90.004069,89.996785,89.993325,89.995889,89.997300,89.985997,89.973517,89.972431,89.985377,89.911951,89.898269,89.935956,89.927635,89.918721,89.895594,89.905963,89.917826,89.916310,89.915898,89.927038,89.933515,89.925473,89.901659,89.897964,89.900392,89.903198,89.905473,89.913098,89.904059,89.905326,89.915243,89.929102,89.935815,89.942474,89.955940,89.964841,89.964333,89.960055,89.954625,89.968353,89.964132,89.966944,89.965779,89.955378,89.950613,89.955708,89.958157,89.941206,89.922150,89.927410,89.925852,89.903462,89.888389,89.889530,89.895213,89.895900,0.000624,0.000808,0.000912,0.000894,0.000853,0.000574,0.000566,0.000549,0.000516,0.000726,0.000721,0.000714,0.000734,0.000766,0.000789,0.000798,0.000793,0.000790,0.000779,0.000745,0.000685,0.000603,0.000747,0.000861,0.000909,0.000963,0.000997,0.001006,0.000978,0.000933,0.000883,0.000868,0.000914,0.000951,0.000817,0.001111,0.001157,0.001172,0.001179,0.001177,0.001188,0.001202,0.001206,0.001189,0.001138,0.001079,0.001028,0.000975,0.000929,0.000900,0.000881,0.000885,0.000922,0.000990,0.001073,0.001138,0.001157,0.001171,0.001203,0.001218,0.001211,0.001242,0.001265,0.001241,0.001166,0.001185,0.001212,0.001146,0.000967,0.001001,0.001157,0.001216,0.001224,0.001221,0.001204,0.001143,0.001075,0.000934,0.000961,0.000920,0.000845,0.000911,0.001099,0.001073,0.000882,0.000925,0.000935,0.000945,0.000953,0.000957,0.000948,0.000908,0.000641,0.000747,0.000981,0.000935,0.000961,0.001016,0.001073,0.000703,0.000683,0.000688,0.000968,0.000965,0.000866,0.000860,0.000795,0.000756,0.000742,0.000752,0.000754,0.000784,0.000750,0.000673,0.000389,0.000407,0.000423,0.000419,0.000425,0.000428,0.000428,0.000439,0.000428,0.000431,0.000481,0.000845,0.000563,0.000571,0.000594,0.000970,0.000887,0.000660,0.000748,0.000684,0.000683,0.000601,0.000579,0.000545,0.000527,0.000673,0.000363,0.000553,0.000642,0.000674,0.000706,0.000703,0.000836,0.000851,0.000804,0.000757,0.000631,0.000604,0.000609,0.000305,0.000388,0.000410,0.000354,0.000366,0.000357,0.000397,0.000348,0.000446,0.000436,0.000447,0.000420,0.000461,0.000450,0.000435,0.000438,0.000436,0.000411,0.000331,0.000281,0.000294,0.000297,0.000316,0.000421,0.000458,0.000508,0.000515,0.000508,0.000501,0.000521,0.000554,0.000560,0.000539,0.000513,0.000499,0.000500,0.000506,0.000507,0.000494,0.000472,0.000470,0.000467,0.000457,0.000468,0.000477,0.000461,0.000435,0.000419,0.000403,0.000458,0.000623,0.000710,0.000241,0.000287,0.000293,0.000460,0.000471,0.000416,0.000389,0.000393,0.000373,0.000354,0.000374,0.000584,0.000634,0.000700,0.000735,0.000685,0.000525,0.000599,0.000628,0.000643,0.000637,0.000691,0.000728,0.000682,0.000699,0.000766,0.000771,0.000749,0.000524,0.000623,0.000666,0.000690,0.000725,0.000682,0.000571,0.000445,0.000463,0.000556,0.000509,0.000545,0.000693,0.000736,0.000697,0.000649,0.000609
-0.007398,-0.006639,-0.003302,-0.000329,0.001864,0.006967,0.004278,0.002121,0.000113,-0.002938,-0.001542,-0.004375,-0.007961,-0.011197,-0.014045,-0.015868,-0.017963,-0.021587,-0.025205,-0.028012,-0.029875,-0.029822,-0.035206,-0.035268,-0.035442,-0.034909,-0.034712,-0.034766,-0.036811,-0.039332,-0.041228,-0.043189,-0.045810,-0.049393,-0.052109,-0.061474,-0.059976,-0.057460,-0.058217,-0.058870,-0.050834,0.007561,0.018434,0.023573,0.023529,0.021258,0.020162,0.016714,0.012448,0.013941,0.018063,0.016529,0.012900,0.003942,-0.004667,-0.012360,-0.017999,-0.022538,-0.024983,-0.024457,-0.024604,-0.022860,-0.016714,-0.007300,0.004782,0.001853,-0.004410,-0.000675,0.025599,0.034530,0.031429,0.029119,0.025447,0.023169,0.021582,0.020145,0.020439,0.020684,0.019618,0.021982,0.025050,0.026637,0.028558,0.034360,0.036153,0.035226,0.035440,0.035308,0.036016,0.037333,0.037356,0.037274,0.039358,0.037162,0.036318,0.037492,0.034123,0.029786,0.025842,0.027462,0.022387,0.019342,0.014499,0.017224,0.018049,0.016188,0.017594,0.017352,0.017037,0.016816,0.015935,0.015561,0.014550,0.012485,0.014567,0.014781,0.015756,0.015589,0.014563,0.013388,0.012651,0.011923,0.010142,0.010493,0.022140,-0.002543,0.014621,-0.001997,0.028108,-0.002293,0.013351,0.012690,-0.001847,0.013982,0.017742,0.015425,0.010745,0.006225,0.003729,0.024382,-0.002968,-0.001523,0.000248,0.002331,0.020846,-0.005829,-0.004475,0.011895,0.020682,0.019235,0.020722,0.007877,0.024766,0.045381,0.014685,0.003927,-0.002747,-0.022413,-0.004859,-0.001799,-0.002690,-0.001281,0.015067,-0.003236,-0.017453,-0.000072,-0.001262,-0.000080,0.000183,-0.001668,-0.003184,0.005261,0.009885,-0.020941,-0.004886,-0.003502,-0.002822,-0.004327,-0.005088,-0.002046,-0.006459,-0.001944,-0.004039,-0.005827,-0.007673,-0.010059,-0.011971,-0.011239,-0.011817,-0.013948,-0.016665,-0.017734,-0.018305,-0.019652,-0.020624,-0.021720,-0.022513,-0.021970,-0.019702,-0.017414,-0.016824,-0.015339,-0.009915,-0.002583,0.003625,0.011244,0.007047,0.008983,0.006677,0.010098,0.011802,0.011432,0.010481,0.009102,0.007463,0.005491,0.000931,0.001127,-0.000982,-0.002543,-0.004753,-0.006888,-0.011301,-0.010587,-0.011455,-0.013396,-0.014225,-0.013227,-0.013315,-0.014827,-0.015792,-0.015212,-0.015753,-0.013828,-0.015368,-0.013170,-0.011705,-0.010407,-0.008007,-0.004658,-0.003736,-0.007050,-0.010945,-0.011140,-0.013906,-0.017529,-0.015889,-0.013664,-0.012190,-0.009939,89.893574,89.872537,89.865950,89.878894,89.893308,89.918660,89.913788,89.914705,89.929175,89.925283,89.925769,89.919576,89.917030,89.925144,89.933435,89.931460,89.923703,89.917648,89.919537,89.928097,89.938548,89.953233,89.934914,89.932145,89.938069,89.949397,89.957946,89.959884,89.959927,89.960930,89.966726,89.971269,89.968060,89.962058,89.969542,89.940417,89.919058,89.907393,89.906941,89.907733,89.950979,90.256228,90.429208,90.519170,90.532814,90.503161,90.472398,90.421632,90.342063,90.288802,90.270983,90.280924,90.335701,90.373960,90.399250,90.421588,90.430039,90.415452,90.398156,90.373888,90.318997,90.253088,90.217290,90.209127,90.253643,90.282040,90.195995,90.004101,89.956014,89.931349,89.911672,89.891802,89.868937,89.845494,89.830880,89.823554,89.822566,89.827938,89.824997,89.833302,89.850453,89.857756,89.858112,89.891686,89.929690,89.943330,89.947238,89.943747,89.941162,89.947294,89.955505,89.963428,89.983232,89.975833,89.952074,89.947221,89.933934,89.918368,89.906464,89.918507,89.908641,89.893278,89.856833,89.851632,89.860994,89.861283,89.866427,89.870894,89.877174,89.887320,89.896201,89.903487,89.913967,89.920605,89.942839,89.945895,89.951521,89.961794,89.965328,89.961746,89.965828,89.977273,89.987817,90.010590,90.149498,90.056690,90.060670,90.006128,90.181934,90.138207,90.161520,90.150700,90.014268,89.973331,89.981377,89.993520,89.998458,89.996793,89.999886,90.134691,90.017345,90.006348,90.010914,90.007668,90.172594,90.111924,90.083411,90.111403,90.152947,90.132867,90.106553,89.987599,89.989171,90.126083,90.114380,90.110260,90.143763,90.020067,89.978625,90.007635,90.002707,90.008451,90.112119,90.130494,90.001442,89.998282,89.976006,89.964193,89.969544,89.980622,89.965172,90.008042,90.126982,89.999629,89.996126,89.996307,89.994070,89.993349,89.992641,89.992535,89.994408,89.994901,89.988933,89.982264,89.976296,89.965935,89.951946,89.941168,89.942714,89.954809,89.968335,89.976769,89.984838,89.994124,89.999282,89.996946,89.992368,89.987628,89.988103,89.988632,89.984073,89.981758,89.971581,89.933192,89.909350,89.935541,89.925119,89.925001,89.904776,89.910126,89.919969,89.925119,89.932240,89.940989,89.942532,89.939798,89.921133,89.921646,89.917242,89.906495,89.898148,89.899563,89.885567,89.888930,89.903728,89.923354,89.935602,89.944304,89.952834,89.953337,89.947340,89.945982,89.949781,89.971128,89.964035,89.956705,89.953088,89.950013,89.950955,89.957316,89.964461,89.952396,89.932570,89.932201,89.926597,89.901574,89.890565,89.894858,89.903379,89.903929,0.000668,0.000854,0.000930,0.000873,0.000823,0.000504,0.000497,0.000483,0.000434,0.000650,0.000681,0.000706,0.000728,0.000730,0.000730,0.000725,0.000727,0.000729,0.000710,0.000671,0.000652,0.000538,0.000775,0.000821,0.000865,0.000893,0.000910,0.000911,0.000921,0.000964,0.000957,0.000903,0.000891,0.000903,0.000754,0.001039,0.001136,0.001167,0.001174,0.001217,0.001237,0.001219,0.001174,0.001130,0.001097,0.001077,0.001065,0.001023,0.000961,0.000906,0.000864,0.000865,0.000882,0.000940,0.001014,0.001092,0.001129,0.001134,0.001160,0.001192,0.001208,0.001226,0.001214,0.001172,0.001099,0.001144,0.001180,0.001066,0.000998,0.001043,0.001124,0.001146,0.001133,0.001139,0.001151,0.001127,0.001035,0.000902,0.000940,0.000931,0.000838,0.000907,0.001178,0.001117,0.000946,0.000947,0.000937,0.000972,0.000999,0.000978,0.000958,0.000910,0.000658,0.000741,0.001005,0.000967,0.000948,0.000950,0.000943,0.000659,0.000661,0.000701,0.001031,0.000979,0.000793,0.000780,0.000741,0.000732,0.000738,0.000700,0.000693,0.000743,0.000749,0.000728,0.000436,0.000387,0.000379,0.000362,0.000384,0.000430,0.000426,0.000419,0.000384,0.000354,0.000588,0.000800,0.000430,0.000489,0.000665,0.000925,0.000820,0.000648,0.000639,0.000507,0.000613,0.000550,0.000556,0.000535,0.000509,0.000462,0.000393,0.000449,0.000625,0.000632,0.000623,0.000805,0.000904,0.000925,0.000849,0.000774,0.000635,0.000655,0.000601,0.000324,0.000345,0.000382,0.000353,0.000367,0.000345,0.000478,0.000331,0.000508,0.000470,0.000413,0.000410,0.000431,0.000418,0.000404,0.000394,0.000403,0.000423,0.000383,0.000324,0.000340,0.000338,0.000341,0.000425,0.000440,0.000463,0.000489,0.000505,0.000508,0.000518,0.000517,0.000513,0.000529,0.000535,0.000523,0.000511,0.000515,0.000517,0.000497,0.000471,0.000474,0.000480,0.000481,0.000498,0.000515,0.000493,0.000456,0.000421,0.000390,0.000409,0.000596,0.000692,0.000279,0.000347,0.000262,0.000466,0.000450,0.000370,0.000347,0.000360,0.000357,0.000354,0.000338,0.000555,0.000567,0.000620,0.000697,0.000711,0.000563,0.000661,0.000674,0.000657,0.000604,0.000602,0.000610,0.000584,0.000618,0.000676,0.000682,0.000709,0.000526,0.000653,0.000707,0.000691,0.000670,0.000643,0.000594,0.000462,0.000464,0.000557,0.000495,0.000487,0.000647,0.000674,0.000655,0.000625,0.000613
-0.007499,-0.006314,-0.002377,-0.000350,0.000738,0.004992,0.004623,0.004730,0.002013,-0.002236,-0.001323,-0.003401,-0.007200,-0.011517,-0.013701,-0.015498,-0.019123,-0.022606,-0.025305,-0.028643,-0.031311,-0.030348,-0.033938,-0.032846,-0.033437,-0.035706,-0.036795,-0.037030,-0.037587,-0.039607,-0.041739,-0.044379,-0.047213,-0.050056,-0.052796,-0.062149,-0.059108,-0.057219,-0.058279,-0.059046,-0.050778,0.006419,0.018924,0.024111,0.023960,0.022253,0.020050,0.017248,0.013742,0.013722,0.016407,0.017057,0.013007,0.005584,-0.005012,-0.014115,-0.020198,-0.023746,-0.025226,-0.024791,-0.023861,-0.021818,-0.017245,-0.005504,0.005977,0.002072,-0.002567,-0.002281,0.025724,0.033711,0.030527,0.029646,0.025110,0.021938,0.021071,0.020722,0.018543,0.018598,0.017798,0.022028,0.025652,0.027026,0.028916,0.033636,0.036751,0.036277,0.035323,0.034789,0.034892,0.035489,0.035787,0.037360,0.040583,0.036820,0.034454,0.035253,0.033298,0.029646,0.026106,0.028388,0.022983,0.020214,0.015577,0.017056,0.017886,0.016717,0.017433,0.017428,0.017499,0.015947,0.014086,0.013562,0.013357,0.012973,0.015361,0.014944,0.015056,0.014203,0.012578,0.012039,0.011367,0.009860,0.009665,0.010427,0.024610,0.000357,0.012461,-0.002182,0.028038,-0.003004,0.011937,0.014562,-0.002856,0.015851,0.017958,0.013188,0.010759,0.007033,0.003689,0.023754,-0.004734,-0.003378,0.001856,0.002600,0.021246,-0.007832,-0.007160,0.013345,0.022475,0.020461,0.020996,0.009309,0.023888,0.046447,0.014214,0.004891,-0.002392,-0.022638,-0.005668,-0.001569,-0.001513,-0.000654,0.015202,-0.000938,-0.017954,-0.000468,-0.002155,0.000017,-0.000227,-0.001690,-0.001677,0.005042,0.008048,-0.020871,-0.004376,-0.002472,-0.004755,-0.004217,-0.004896,-0.003028,-0.004626,-0.004922,-0.005287,-0.006951,-0.008453,-0.010600,-0.012163,-0.010759,-0.010935,-0.012961,-0.015569,-0.017167,-0.018205,-0.019689,-0.021841,-0.021763,-0.020177,-0.019484,-0.018880,-0.017074,-0.014992,-0.015422,-0.007959,0.000111,0.006982,0.010666,0.007350,0.007226,0.007518,0.009355,0.011887,0.011913,0.009935,0.007569,0.006137,0.005318,0.002997,0.002485,-0.000814,-0.002701,-0.003634,-0.005330,-0.010246,-0.010385,-0.009928,-0.011337,-0.012758,-0.013485,-0.013681,-0.013365,-0.013750,-0.014534,-0.015345,-0.013167,-0.014852,-0.013637,-0.012643,-0.010315,-0.007025,-0.003705,-0.004298,-0.009048,-0.012382,-0.012147,-0.014136,-0.016339,-0.015143,-0.014542,-0.013848,-0.011222,89.902673,89.886221,89.879032,89.880358,89.884265,89.907318,89.913928,89.930047,89.945331,89.931277,89.921421,89.911698,89.912171,89.915609,89.914481,89.913214,89.916235,89.919449,89.920832,89.921581,89.925124,89.940652,89.932140,89.938514,89.950448,89.957765,89.958769,89.951317,89.947110,89.954234,89.969186,89.972681,89.957695,89.939518,89.947738,89.928357,89.914685,89.903883,89.899150,89.904282,89.950606,90.259816,90.432757,90.515759,90.529688,90.508952,90.465287,90.412753,90.342266,90.289468,90.268954,90.282212,90.324847,90.359928,90.391975,90.422931,90.430155,90.418591,90.398761,90.360485,90.310922,90.272231,90.226457,90.208422,90.250608,90.274155,90.188266,89.999240,89.959655,89.944351,89.907129,89.887166,89.870364,89.847232,89.825636,89.814739,89.816170,89.831738,89.831750,89.837908,89.851075,89.855694,89.858144,89.880933,89.916146,89.937149,89.946399,89.941638,89.932545,89.933359,89.944057,89.956543,89.979713,89.971047,89.947323,89.939163,89.931437,89.922538,89.909547,89.918719,89.901598,89.885065,89.854228,89.846020,89.849979,89.852125,89.861425,89.872170,89.882444,89.888770,89.892757,89.899563,89.912922,89.927908,89.956170,89.956706,89.955185,89.955059,89.955437,89.959575,89.965601,89.972822,89.983518,90.000127,90.116868,90.070412,90.075289,90.011169,90.182094,90.135606,90.170528,90.169222,89.996155,89.968926,89.989654,89.999058,90.007349,90.005045,89.996346,90.151839,90.036969,90.007251,90.004256,90.004043,90.172907,90.139597,90.072869,90.104571,90.155264,90.143215,90.117033,89.985178,89.986759,90.156419,90.132157,90.098985,90.143972,90.002609,89.974851,90.016956,90.016912,90.018523,90.122147,90.127267,90.009457,89.996156,89.975548,89.968175,89.974635,89.989130,89.981528,90.023941,90.141446,90.019723,90.009462,90.006745,89.994450,89.988549,89.987142,89.992507,89.995099,89.988807,89.973952,89.960183,89.952713,89.947761,89.940181,89.936547,89.944605,89.960514,89.976329,89.987543,89.995505,89.998815,89.997416,89.992286,89.990823,89.988614,89.983034,89.973485,89.967160,89.974974,89.976229,89.914938,89.913958,89.939474,89.929246,89.907996,89.900631,89.903665,89.916497,89.925823,89.932358,89.935450,89.933135,89.930055,89.917672,89.914771,89.908009,89.900998,89.898953,89.903624,89.892483,89.893355,89.902726,89.917862,89.929391,89.939245,89.950733,89.956771,89.954434,89.951546,89.952754,89.972368,89.967582,89.962468,89.954914,89.946451,89.946165,89.951579,89.953683,89.937524,89.920008,89.923771,89.921936,89.902037,89.892618,89.898193,89.905929,89.907765,0.000587,0.000806,0.000893,0.000829,0.000727,0.000433,0.000470,0.000470,0.000465,0.000678,0.000684,0.000689,0.000690,0.000700,0.000721,0.000731,0.000727,0.000740,0.000736,0.000688,0.000654,0.000534,0.000771,0.000842,0.000844,0.000861,0.000861,0.000863,0.000857,0.000854,0.000837,0.000832,0.000850,0.000857,0.000712,0.001017,0.001101,0.001140,0.001157,0.001151,0.001147,0.001158,0.001161,0.001151,0.001122,0.001074,0.001014,0.000966,0.000936,0.000923,0.000914,0.000910,0.000912,0.000926,0.000975,0.001043,0.001089,0.001122,0.001156,0.001163,0.001158,0.001162,0.001192,0.001194,0.001177,0.001202,0.001172,0.001121,0.000961,0.000924,0.001175,0.001195,0.001175,0.001183,0.001190,0.001158,0.001090,0.000898,0.000918,0.000907,0.000847,0.000898,0.001033,0.001014,0.000898,0.000913,0.000920,0.000936,0.000932,0.000899,0.000871,0.000857,0.000620,0.000696,0.000932,0.000944,0.000925,0.000923,0.000938,0.000620,0.000632,0.000655,0.000928,0.000937,0.000803,0.000755,0.000710,0.000700,0.000696,0.000689,0.000707,0.000739,0.000728,0.000679,0.000392,0.000378,0.000377,0.000373,0.000407,0.000430,0.000423,0.000417,0.000383,0.000363,0.000385,0.000771,0.000442,0.000476,0.000556,0.000881,0.000851,0.000652,0.000677,0.000635,0.000561,0.000492,0.000478,0.000474,0.000491,0.000619,0.000580,0.000394,0.000568,0.000571,0.000660,0.000746,0.000840,0.000863,0.000788,0.000712,0.000548,0.000610,0.000607,0.000563,0.000553,0.000328,0.000342,0.000385,0.000415,0.000460,0.000429,0.000397,0.000399,0.000389,0.000404,0.000363,0.000345,0.000348,0.000367,0.000393,0.000399,0.000347,0.000278,0.000287,0.000284,0.000285,0.000365,0.000380,0.000384,0.000374,0.000380,0.000407,0.000455,0.000497,0.000494,0.000468,0.000449,0.000424,0.000399,0.000395,0.000413,0.000431,0.000433,0.000427,0.000416,0.000407,0.000416,0.000423,0.000407,0.000384,0.000373,0.000357,0.000359,0.000592,0.000683,0.000250,0.000366,0.000387,0.000414,0.000424,0.000369,0.000348,0.000361,0.000368,0.000369,0.000360,0.000517,0.000533,0.000587,0.000650,0.000638,0.000491,0.000572,0.000599,0.000622,0.000602,0.000605,0.000608,0.000567,0.000582,0.000647,0.000672,0.000679,0.000486,0.000604,0.000663,0.000683,0.000682,0.000628,0.000540,0.000414,0.000435,0.000530,0.000499,0.000529,0.000656,0.000669,0.000622,0.000579,0.000544
-0.007111,-0.006608,-0.002342,0.000500,0.002983,0.006693,0.005114,0.004467,0.001766,-0.001606,-0.001697,-0.003603,-0.007162,-0.009532,-0.012250,-0.015002,-0.018185,-0.020569,-0.024150,-0.028309,-0.031067,-0.031085,-0.034449,-0.034433,-0.034113,-0.034586,-0.035477,-0.035987,-0.037472,-0.039460,-0.042065,-0.044203,-0.046327,-0.049562,-0.052390,-0.062022,-0.058959,-0.057515,-0.058779,-0.059522,-0.050941,0.005968,0.018476,0.022418,0.023784,0.022063,0.018975,0.015456,0.013324,0.012806,0.016946,0.017049,0.011097,0.002964,-0.005065,-0.012146,-0.018924,-0.024214,-0.025824,-0.024929,-0.023868,-0.021406,-0.016474,-0.007007,0.007575,0.001411,-0.004348,-0.002592,0.025615,0.034517,0.031236,0.029674,0.026186,0.022926,0.020911,0.020423,0.020087,0.018877,0.018546,0.021529,0.024643,0.027500,0.030205,0.035588,0.036847,0.035669,0.035510,0.034791,0.035820,0.037061,0.036552,0.036989,0.039842,0.035730,0.034598,0.035907,0.033487,0.030571,0.026553,0.028923,0.023641,0.019036,0.014892,0.017144,0.017954,0.016652,0.017325,0.017099,0.016938,0.016860,0.015582,0.014723,0.015150,0.014177,0.016396,0.015336,0.014958,0.013798,0.012605,0.011431,0.010596,0.009724,0.009592,0.008498,0.023412,-0.001378,0.013966,-0.000862,0.027023,-0.002109,0.012588,0.012644,-0.002355,0.015170,0.017068,0.013708,0.008429,0.005323,0.004458,0.023733,-0.002671,0.000327,-0.000850,0.002249,0.020360,-0.005992,-0.004082,0.013058,0.021721,0.021277,0.020896,0.009879,0.024913,0.045010,0.015944,0.004405,-0.000988,-0.022046,-0.003571,-0.001463,-0.002428,0.000692,0.014209,-0.003450,-0.017426,-0.001568,0.000038,0.000509,-0.000696,-0.000817,-0.003945,0.006875,0.006726,-0.022421,-0.005268,-0.004009,-0.005176,-0.003987,-0.005186,-0.005071,-0.006052,-0.004420,-0.004847,-0.006882,-0.007455,-0.008525,-0.011237,-0.011102,-0.011213,-0.013535,-0.016390,-0.016846,-0.016927,-0.019739,-0.020357,-0.021534,-0.020787,-0.020565,-0.018218,-0.015194,-0.014994,-0.014589,-0.010675,-0.001935,0.004176,0.009182,0.007708,0.008178,0.008869,0.011945,0.014064,0.012909,0.010298,0.008356,0.005973,0.004314,0.000892,0.001745,-0.000550,-0.003227,-0.004309,-0.005127,-0.009235,-0.010166,-0.011641,-0.013660,-0.015451,-0.015158,-0.014676,-0.014675,-0.014673,-0.014049,-0.014238,-0.013097,-0.015827,-0.014523,-0.013121,-0.011329,-0.007622,-0.003759,-0.004487,-0.009534,-0.011258,-0.009748,-0.012564,-0.015863,-0.014676,-0.013166,-0.011572,-0.009111,89.889459,89.873324,89.867777,89.871919,89.879490,89.899503,89.907378,89.927890,89.940839,89.932400,89.929996,89.928245,89.927788,89.928120,89.926629,89.919428,89.913325,89.916958,89.924244,89.925319,89.929052,89.946006,89.942475,89.941927,89.944678,89.947547,89.949195,89.948236,89.951572,89.960993,89.971610,89.973433,89.963017,89.951271,89.960061,89.934941,89.919619,89.910923,89.902368,89.901966,89.962906,90.251199,90.435600,90.517344,90.527266,90.504316,90.467932,90.417156,90.352925,90.293265,90.267683,90.289893,90.338676,90.370943,90.403429,90.431067,90.433980,90.409089,90.386135,90.361276,90.324577,90.275976,90.235548,90.210839,90.261077,90.276801,90.194262,90.026334,89.956298,89.930355,89.902050,89.886327,89.867434,89.836108,89.810207,89.803658,89.812998,89.823087,89.823485,89.830459,89.848122,89.862535,89.866404,89.893161,89.922684,89.933358,89.942162,89.943142,89.944617,89.951709,89.957285,89.962989,89.987242,89.974557,89.948133,89.939388,89.929906,89.917316,89.900086,89.912973,89.909819,89.894144,89.863655,89.855090,89.851850,89.849266,89.856578,89.867527,89.876605,89.886030,89.896118,89.906422,89.920266,89.927328,89.947525,89.946895,89.948475,89.953470,89.955780,89.953719,89.954774,89.962974,89.984156,89.992178,90.127064,90.071269,90.069590,90.015481,90.169841,90.125394,90.162050,90.161286,90.013267,89.978664,89.989725,89.997814,90.000471,90.001813,90.005700,90.160030,90.026166,90.008488,90.005637,90.015170,90.183159,90.113039,90.069502,90.110412,90.161405,90.142104,90.088212,89.987396,89.987931,90.136226,90.111445,90.087281,90.132462,90.011020,89.980208,89.997344,90.000990,90.016840,90.112005,90.127622,90.010950,89.983755,89.969573,89.978108,89.993291,89.998071,89.958605,90.002713,90.129093,90.010684,90.002815,90.001397,89.989367,89.983889,89.982384,89.986221,89.988477,89.985681,89.976603,89.966307,89.958552,89.953197,89.946309,89.940157,89.940242,89.947959,89.960184,89.973996,89.984791,89.986630,89.983474,89.979325,89.981691,89.985723,89.990455,89.991445,89.984635,89.977863,89.951793,89.918000,89.920522,89.947204,89.932941,89.918283,89.899663,89.900557,89.914488,89.928458,89.938468,89.942597,89.935025,89.925942,89.910277,89.914000,89.913157,89.907916,89.907333,89.910496,89.892841,89.892231,89.906896,89.922909,89.925794,89.928159,89.944050,89.958290,89.958446,89.953449,89.953745,89.978352,89.977353,89.969359,89.957019,89.946836,89.947253,89.955715,89.960648,89.943252,89.922276,89.927733,89.929462,89.908383,89.893286,89.893382,89.895816,89.895885,0.000621,0.000799,0.000880,0.000868,0.000766,0.000506,0.000544,0.000517,0.000496,0.000634,0.000643,0.000646,0.000656,0.000678,0.000692,0.000701,0.000713,0.000728,0.000744,0.000757,0.000729,0.000597,0.000732,0.000789,0.000814,0.000854,0.000875,0.000881,0.000890,0.000914,0.000913,0.000871,0.000856,0.000860,0.000709,0.001028,0.001121,0.001167,0.001191,0.001194,0.001197,0.001200,0.001209,0.001194,0.001142,0.001080,0.001018,0.000947,0.000875,0.000845,0.000842,0.000848,0.000866,0.000895,0.000957,0.001034,0.001091,0.001122,0.001152,0.001172,0.001195,0.001246,0.001281,0.001250,0.001141,0.001180,0.001172,0.001089,0.000935,0.000902,0.001062,0.001152,0.001182,0.001187,0.001174,0.001112,0.001000,0.000928,0.000998,0.001011,0.000899,0.000866,0.001033,0.000953,0.000837,0.000915,0.000946,0.000973,0.000953,0.000904,0.000901,0.000913,0.000637,0.000735,0.000933,0.000919,0.000933,0.000953,0.001016,0.000728,0.000671,0.000739,0.001006,0.000976,0.000854,0.000809,0.000761,0.000735,0.000721,0.000678,0.000656,0.000679,0.000631,0.000603,0.000360,0.000371,0.000389,0.000390,0.000403,0.000418,0.000405,0.000403,0.000390,0.000389,0.000434,0.000792,0.000513,0.000564,0.000578,0.000828,0.000766,0.000632,0.000634,0.000478,0.000556,0.000487,0.000499,0.000489,0.000462,0.000546,0.000392,0.000358,0.000535,0.000558,0.000571,0.000684,0.000784,0.000835,0.000813,0.000726,0.000593,0.000604,0.000546,0.000327,0.000344,0.000358,0.000338,0.000397,0.000365,0.000311,0.000310,0.000407,0.000450,0.000487,0.000433,0.000423,0.000415,0.000393,0.000398,0.000416,0.000405,0.000310,0.000252,0.000255,0.000257,0.000274,0.000365,0.000394,0.000418,0.000430,0.000451,0.000481,0.000521,0.000551,0.000546,0.000533,0.000524,0.000511,0.000488,0.000461,0.000446,0.000443,0.000446,0.000457,0.000429,0.000399,0.000401,0.000417,0.000411,0.000393,0.000381,0.000363,0.000453,0.000730,0.000643,0.000316,0.000389,0.000339,0.000366,0.000345,0.000299,0.000307,0.000343,0.000347,0.000345,0.000337,0.000538,0.000571,0.000632,0.000695,0.000641,0.000463,0.000556,0.000600,0.000614,0.000594,0.000626,0.000659,0.000628,0.000644,0.000681,0.000669,0.000671,0.000479,0.000583,0.000634,0.000655,0.000670,0.000645,0.000572,0.000433,0.000429,0.000510,0.000465,0.000511,0.000679,0.000712,0.000653,0.000617,0.000586
-0.009345,-0.008337,-0.003484,0.000777,0.003004,0.006749,0.004979,0.004895,0.001817,-0.001824,-0.001625,-0.003147,-0.006830,-0.010598,-0.013744,-0.016494,-0.019949,-0.022249,-0.024626,-0.027814,-0.029962,-0.029579,-0.035107,-0.034701,-0.034427,-0.035265,-0.035618,-0.035448,-0.036045,-0.038642,-0.042016,-0.043451,-0.045911,-0.050823,-0.053673,-0.061422,-0.059543,-0.058567,-0.058905,-0.058768,-0.051723,0.006568,0.018489,0.022855,0.023850,0.021733,0.019571,0.017612,0.014513,0.013568,0.015906,0.015945,0.011441,0.003604,-0.005301,-0.014380,-0.019592,-0.023112,-0.026125,-0.025555,-0.022875,-0.021784,-0.018377,-0.006202,0.005136,0.002075,-0.004102,-0.000724,0.027179,0.033435,0.030445,0.028021,0.024099,0.021550,0.021073,0.021238,0.020361,0.020953,0.019666,0.023254,0.025735,0.027102,0.029094,0.034384,0.036115,0.035953,0.036455,0.036971,0.037294,0.037749,0.036784,0.037556,0.040055,0.037047,0.034686,0.036162,0.034077,0.030441,0.025889,0.026934,0.021049,0.020043,0.014819,0.016303,0.017181,0.016965,0.018441,0.017396,0.017067,0.016701,0.014987,0.013795,0.013721,0.012875,0.015821,0.014745,0.016146,0.016722,0.015332,0.012980,0.011176,0.009258,0.009827,0.010303,0.021248,-0.001005,0.013139,-0.001116,0.025920,-0.000840,0.011615,0.012594,-0.002757,0.014672,0.019307,0.015106,0.010504,0.006519,0.005282,0.023040,-0.003961,-0.002196,-0.000095,0.003619,0.021211,-0.005870,-0.005272,0.012812,0.021472,0.021298,0.021549,0.009609,0.025998,0.045572,0.015608,0.005231,-0.002608,-0.023876,-0.005336,-0.003081,-0.001569,0.000582,0.015059,-0.002010,-0.017511,-0.002918,-0.000602,0.001173,0.000496,-0.001374,-0.002339,0.005116,0.009683,-0.021215,-0.005349,-0.004688,-0.004396,-0.004507,-0.004028,-0.004702,-0.005374,-0.004627,-0.003918,-0.004619,-0.005673,-0.009190,-0.012292,-0.012080,-0.011364,-0.012506,-0.014754,-0.016281,-0.017555,-0.018969,-0.021289,-0.022325,-0.022499,-0.021609,-0.018788,-0.016150,-0.016480,-0.014980,-0.008501,-0.001108,0.005074,0.010848,0.007623,0.009369,0.008192,0.010701,0.012802,0.012043,0.009510,0.007909,0.007043,0.005068,0.001187,0.001439,-0.000395,-0.002526,-0.004461,-0.005748,-0.010332,-0.009143,-0.009063,-0.011485,-0.013516,-0.013243,-0.013720,-0.014024,-0.013264,-0.013470,-0.015263,-0.013180,-0.014310,-0.013204,-0.013438,-0.011543,-0.007332,-0.003776,-0.004846,-0.009634,-0.012220,-0.011479,-0.014016,-0.015937,-0.014369,-0.013240,-0.013472,-0.011772,89.891926,89.876698,89.873424,89.883267,89.891257,89.911215,89.911575,89.923752,89.933387,89.918488,89.911459,89.910915,89.917073,89.923392,89.924152,89.921769,89.921481,89.923751,89.924782,89.926839,89.931797,89.951100,89.936744,89.939595,89.947063,89.945736,89.941451,89.941787,89.952720,89.965692,89.968139,89.961588,89.950680,89.943884,89.958901,89.942157,89.927697,89.908544,89.896319,89.908533,89.951518,90.250318,90.437673,90.513679,90.519579,90.499848,90.466721,90.420886,90.349351,90.287261,90.259067,90.270979,90.312088,90.362379,90.414997,90.444401,90.440716,90.412295,90.387520,90.365624,90.340807,90.285388,90.214906,90.213274,90.269913,90.277335,90.184852,90.010984,89.946405,89.929282,89.904433,89.882843,89.859868,89.831752,89.810867,89.803656,89.805833,89.816773,89.815327,89.827531,89.849668,89.860383,89.859169,89.882677,89.916063,89.931302,89.939044,89.936908,89.934851,89.941422,89.953038,89.966351,89.991699,89.982155,89.951599,89.945951,89.936803,89.924613,89.907742,89.920784,89.909838,89.900091,89.862707,89.851988,89.856119,89.853380,89.858578,89.863615,89.873087,89.882508,89.890277,89.899380,89.912423,89.919058,89.945742,89.949859,89.951822,89.954992,89.956137,89.954675,89.960245,89.973431,89.998990,90.020346,90.116715,90.055004,90.065401,90.009954,90.181863,90.141396,90.162699,90.155523,90.007644,89.964561,89.987373,90.002732,90.008452,89.999472,89.994553,90.145086,90.052385,90.009635,89.996357,90.012073,90.200524,90.122924,90.073741,90.121685,90.158037,90.141942,90.115655,89.985016,89.982369,90.118202,90.118326,90.100135,90.143933,90.011889,89.979952,90.008926,90.003818,90.017590,90.098569,90.135378,90.005485,89.989489,89.995700,89.990066,89.973343,89.975253,89.958257,89.998018,90.124005,90.009562,90.008031,90.006131,89.997217,89.989825,89.988031,89.991977,89.995679,89.994844,89.985113,89.969419,89.955674,89.947076,89.943451,89.940281,89.941909,89.951407,89.964413,89.976151,89.986419,89.991839,89.991893,89.989594,89.991655,89.991457,89.988060,89.987321,89.987926,89.982285,89.960685,89.911752,89.902067,89.930543,89.926968,89.928029,89.916791,89.920313,89.923319,89.919081,89.915472,89.921392,89.929263,89.933845,89.921030,89.917099,89.909487,89.903737,89.908743,89.922602,89.909637,89.905937,89.909829,89.920575,89.928672,89.937608,89.951275,89.958361,89.958637,89.955294,89.952152,89.969152,89.966799,89.963503,89.955962,89.947046,89.944148,89.950137,89.959393,89.949372,89.930346,89.929318,89.922191,89.903947,89.897069,89.899083,89.897732,89.895724,0.000681,0.000874,0.000935,0.000854,0.000790,0.000541,0.000602,0.000571,0.000526,0.000672,0.000672,0.000678,0.000710,0.000735,0.000770,0.000815,0.000844,0.000834,0.000793,0.000740,0.000715,0.000549,0.000832,0.000896,0.000898,0.000937,0.000947,0.000928,0.000896,0.000889,0.000925,0.000925,0.000904,0.000889,0.000759,0.001069,0.001169,0.001234,0.001278,0.001279,0.001251,0.001227,0.001212,0.001173,0.001113,0.001052,0.000989,0.000920,0.000858,0.000842,0.000849,0.000852,0.000867,0.000918,0.001002,0.001085,0.001139,0.001175,0.001217,0.001237,0.001234,0.001238,0.001295,0.001306,0.001263,0.001219,0.001148,0.000982,0.000977,0.000985,0.001128,0.001208,0.001235,0.001261,0.001264,0.001230,0.001155,0.000965,0.000994,0.000986,0.000911,0.000934,0.001114,0.001056,0.000941,0.001003,0.001023,0.001023,0.000990,0.000955,0.000959,0.000976,0.000745,0.000815,0.001040,0.000955,0.000956,0.000994,0.001056,0.000733,0.000775,0.000796,0.001140,0.001108,0.000897,0.000845,0.000783,0.000788,0.000746,0.000676,0.000674,0.000738,0.000743,0.000757,0.000469,0.000461,0.000463,0.000453,0.000457,0.000466,0.000444,0.000446,0.000435,0.000439,0.000480,0.000850,0.000500,0.000537,0.000630,0.000843,0.000822,0.000681,0.000773,0.000645,0.000618,0.000533,0.000533,0.000522,0.000514,0.000620,0.000507,0.000423,0.000694,0.000677,0.000725,0.000722,0.000871,0.000893,0.000829,0.000735,0.000605,0.000675,0.000661,0.000307,0.000386,0.000381,0.000341,0.000296,0.000302,0.000422,0.000307,0.000414,0.000473,0.000493,0.000439,0.000452,0.000450,0.000433,0.000423,0.000444,0.000457,0.000384,0.000316,0.000322,0.000318,0.000325,0.000415,0.000451,0.000498,0.000520,0.000535,0.000541,0.000561,0.000578,0.000590,0.000598,0.000578,0.000547,0.000540,0.000546,0.000544,0.000514,0.000465,0.000428,0.000423,0.000431,0.000456,0.000487,0.000490,0.000471,0.000468,0.000446,0.000374,0.000699,0.000768,0.000424,0.000414,0.000389,0.000495,0.000459,0.000398,0.000385,0.000409,0.000405,0.000396,0.000399,0.000613,0.000642,0.000698,0.000786,0.000775,0.000569,0.000659,0.000682,0.000717,0.000705,0.000732,0.000722,0.000645,0.000685,0.000756,0.000764,0.000756,0.000543,0.000626,0.000679,0.000735,0.000780,0.000755,0.000627,0.000421,0.000420,0.000566,0.000556,0.000622,0.000767,0.000771,0.000715,0.000698,0.000664
-0.007071,-0.006246,-0.002893,-0.000868,0.001208,0.006505,0.004821,0.003946,0.001057,-0.001469,-0.002340,-0.004389,-0.007576,-0.011141,-0.014886,-0.017131,-0.018339,-0.021438,-0.025035,-0.027867,-0.029990,-0.030174,-0.034527,-0.034494,-0.034959,-0.035289,-0.035288,-0.035400,-0.036107,-0.038350,-0.042238,-0.045451,-0.047954,-0.051624,-0.052911,-0.061263,-0.059256,-0.058034,-0.058879,-0.058682,-0.050219,0.006038,0.017175,0.022244,0.023160,0.022116,0.020009,0.017472,0.015663,0.015069,0.015734,0.015908,0.011483,0.004215,-0.004744,-0.012968,-0.019976,-0.023189,-0.024220,-0.023923,-0.024849,-0.022407,-0.016576,-0.005735,0.006721,0.001257,-0.004794,-0.000515,0.026735,0.034724,0.031622,0.029100,0.025736,0.022434,0.020448,0.019756,0.018720,0.019568,0.019898,0.024116,0.026156,0.027993,0.030185,0.034564,0.036444,0.035553,0.035750,0.035544,0.035684,0.035818,0.036384,0.037527,0.041030,0.037084,0.036366,0.037662,0.034655,0.030659,0.025865,0.027636,0.021809,0.018256,0.013605,0.016748,0.018004,0.016829,0.018128,0.017742,0.016822,0.016129,0.015298,0.014645,0.014510,0.014138,0.016379,0.015902,0.015803,0.014586,0.013457,0.012451,0.011503,0.010768,0.010791,0.010449,0.023682,-0.002568,0.013403,-0.002070,0.025809,-0.002266,0.012499,0.014484,-0.000971,0.016137,0.014994,0.012855,0.009756,0.005568,0.004574,0.023239,-0.002409,-0.001221,0.000661,0.001565,0.021123,-0.005774,-0.005863,0.012885,0.023260,0.020322,0.019078,0.010888,0.023484,0.045369,0.013944,0.003016,-0.005130,-0.022088,-0.004432,-0.002887,-0.002771,0.001671,0.016199,-0.001788,-0.019221,-0.000788,0.000049,-0.000145,0.000170,-0.000424,-0.001593,0.004988,0.009888,-0.023004,-0.006967,-0.005284,-0.004660,-0.004264,-0.005190,-0.004552,-0.003988,-0.002878,-0.004310,-0.007527,-0.009301,-0.009314,-0.009333,-0.008773,-0.009569,-0.012765,-0.015984,-0.017789,-0.017829,-0.019281,-0.021598,-0.022075,-0.021116,-0.019888,-0.017913,-0.017045,-0.015723,-0.014797,-0.009181,-0.001488,0.005397,0.010819,0.008985,0.008722,0.008622,0.010402,0.012787,0.012837,0.011124,0.008773,0.006783,0.004933,0.000154,0.001229,-0.000262,-0.002632,-0.003780,-0.005156,-0.010089,-0.010561,-0.011481,-0.013577,-0.015439,-0.014827,-0.013463,-0.012937,-0.013851,-0.014885,-0.016618,-0.014533,-0.014404,-0.012802,-0.012082,-0.010397,-0.007054,-0.003762,-0.003522,-0.008718,-0.012560,-0.013350,-0.015556,-0.016909,-0.013956,-0.011688,-0.011956,-0.010368,89.885156,89.875681,89.873401,89.875345,89.875729,89.900071,89.910232,89.929494,89.938194,89.926226,89.915885,89.906207,89.906384,89.915016,89.917999,89.912370,89.913988,89.922576,89.929467,89.932103,89.938486,89.952236,89.939553,89.940611,89.948964,89.955383,89.954747,89.950975,89.952343,89.958185,89.961593,89.957442,89.947148,89.940065,89.953260,89.935323,89.923945,89.910922,89.902647,89.905962,89.952744,90.256974,90.427140,90.500932,90.511050,90.499931,90.470270,90.409121,90.340223,90.294604,90.274316,90.279559,90.326181,90.372873,90.406737,90.428943,90.433893,90.415407,90.397911,90.378060,90.328617,90.274507,90.228326,90.216525,90.266775,90.278577,90.182042,90.019367,89.946431,89.930025,89.912490,89.896963,89.877667,89.849276,89.821568,89.806528,89.808120,89.822680,89.821494,89.831669,89.851046,89.860358,89.859467,89.881884,89.920068,89.935024,89.939886,89.938192,89.938291,89.942720,89.950570,89.961767,89.991913,89.984761,89.958087,89.942823,89.922192,89.907324,89.894187,89.908357,89.901456,89.891588,89.861277,89.857910,89.860870,89.850862,89.852991,89.866923,89.884186,89.893041,89.897967,89.904682,89.917717,89.932696,89.957429,89.953453,89.949925,89.952320,89.953687,89.952549,89.959369,89.974040,89.986227,89.991163,90.113064,90.051442,90.077212,90.025584,90.179735,90.138080,90.164922,90.167330,90.014829,89.976925,89.975850,89.986825,89.992989,89.990984,90.008243,90.144196,90.035832,90.000496,89.994945,89.995965,90.175671,90.110070,90.068675,90.108726,90.161402,90.154146,90.102725,89.990983,89.993931,90.138547,90.119149,90.112082,90.136506,90.002925,89.977590,90.004165,90.010596,90.031573,90.105309,90.118114,89.998484,89.985510,89.983304,89.981596,89.970135,89.982274,89.972410,90.009957,90.141187,90.010802,90.002959,89.998672,89.988949,89.986674,89.988823,89.989813,89.988689,89.991355,89.991476,89.983050,89.967768,89.953324,89.943946,89.938325,89.939079,89.948374,89.964183,89.981934,89.995963,90.002072,89.998338,89.989913,89.988316,89.988408,89.991496,89.988572,89.986015,89.981778,89.960018,89.923934,89.909212,89.939266,89.931278,89.913135,89.897733,89.903081,89.917046,89.926335,89.932684,89.938018,89.936367,89.931430,89.911069,89.912934,89.913643,89.911549,89.912733,89.915728,89.898745,89.898826,89.914235,89.931662,89.936946,89.937546,89.943127,89.951145,89.957902,89.964161,89.964051,89.973897,89.963863,89.950672,89.941284,89.937722,89.945649,89.957274,89.963895,89.948122,89.926252,89.924639,89.916749,89.893169,89.884646,89.890594,89.889591,89.885784,0.000638,0.000859,0.000954,0.000905,0.000832,0.000509,0.000513,0.000469,0.000499,0.000647,0.000647,0.000648,0.000698,0.000759,0.000803,0.000804,0.000757,0.000709,0.000668,0.000641,0.000629,0.000556,0.000795,0.000863,0.000887,0.000902,0.000906,0.000904,0.000906,0.000905,0.000911,0.000891,0.000887,0.000889,0.000749,0.001088,0.001209,0.001281,0.001273,0.001230,0.001176,0.001179,0.001181,0.001147,0.001083,0.001028,0.000980,0.000931,0.000903,0.000909,0.000918,0.000903,0.000914,0.000981,0.001078,0.001161,0.001191,0.001177,0.001175,0.001177,0.001188,0.001228,0.001289,0.001303,0.001244,0.001262,0.001217,0.001060,0.001005,0.001008,0.001132,0.001214,0.001241,0.001248,0.001260,0.001252,0.001180,0.000967,0.000957,0.000909,0.000813,0.000840,0.001032,0.001048,0.000900,0.000945,0.000958,0.000955,0.000924,0.000905,0.000929,0.000957,0.000686,0.000749,0.000945,0.000913,0.000917,0.000911,0.000946,0.000655,0.000657,0.000691,0.001024,0.001006,0.000837,0.000827,0.000786,0.000756,0.000724,0.000691,0.000680,0.000722,0.000731,0.000677,0.000405,0.000389,0.000383,0.000379,0.000404,0.000441,0.000446,0.000436,0.000414,0.000425,0.000482,0.000973,0.000503,0.000513,0.000586,0.000896,0.000777,0.000589,0.000710,0.000606,0.000654,0.000570,0.000553,0.000531,0.000551,0.000594,0.000437,0.000475,0.000663,0.000659,0.000680,0.000641,0.000803,0.000813,0.000753,0.000731,0.000574,0.000631,0.000651,0.000364,0.000340,0.000343,0.000404,0.000407,0.000317,0.000429,0.000398,0.000450,0.000418,0.000494,0.000504,0.000457,0.000421,0.000406,0.000415,0.000446,0.000454,0.000367,0.000297,0.000300,0.000297,0.000309,0.000401,0.000432,0.000449,0.000470,0.000502,0.000514,0.000527,0.000551,0.000577,0.000586,0.000563,0.000526,0.000499,0.000487,0.000485,0.000488,0.000490,0.000475,0.000426,0.000398,0.000404,0.000421,0.000435,0.000439,0.000441,0.000428,0.000443,0.000582,0.000675,0.000350,0.000325,0.000336,0.000409,0.000410,0.000385,0.000395,0.000411,0.000397,0.000395,0.000393,0.000642,0.000670,0.000718,0.000779,0.000744,0.000582,0.000669,0.000684,0.000662,0.000635,0.000667,0.000680,0.000636,0.000640,0.000690,0.000693,0.000717,0.000556,0.000622,0.000696,0.000716,0.000713,0.000653,0.000574,0.000450,0.000491,0.000615,0.000549,0.000564,0.000741,0.000791,0.000706,0.000651,0.000611
