-0.008741,-0.005652,-0.002014,0.000573,0.003141,0.005665,0.002879,0.003254,0.001734,-0.000466,-0.000231,-0.002179,-0.004669,-0.007937,-0.011298,-0.014890,-0.017344,-0.019260,-0.021013,-0.022536,-0.022621,-0.022715,-0.028034,-0.029247,-0.028357,-0.030325,-0.032970,-0.034846,-0.036586,-0.038541,-0.040993,-0.042488,-0.042434,-0.043500,-0.045574,-0.052271,-0.052918,-0.052789,-0.054931,-0.057823,-0.045706,0.004419,0.036300,0.038011,0.036823,0.034178,0.028766,0.022076,0.015156,0.010574,0.006957,0.003134,0.000095,-0.004592,-0.012459,-0.020147,-0.024470,-0.028295,-0.029902,-0.031902,-0.033731,-0.031255,-0.022980,-0.010729,0.001241,-0.003417,-0.014027,-0.010041,0.015287,0.032495,0.031504,0.029849,0.026871,0.024446,0.022712,0.021408,0.020784,0.020698,0.020020,0.022503,0.023503,0.020181,0.023457,0.028265,0.029384,0.026097,0.028230,0.031532,0.033754,0.035708,0.037149,0.037813,0.039397,0.035449,0.033285,0.034137,0.030493,0.027562,0.025868,0.027568,0.022678,0.020690,0.016900,0.020603,0.022924,0.021726,0.022135,0.021989,0.021662,0.020907,0.020608,0.018814,0.017489,0.018306,0.019859,0.015798,0.013971,0.014734,0.014857,0.013489,0.011895,0.011778,0.012675,0.012469,0.013299,0.039580,-0.014723,0.014135,0.014675,0.048374,0.019423,0.004112,-0.000863,0.013721,0.015578,0.012270,0.008519,0.007678,0.008290,0.032787,0.029102,0.006581,-0.037047,-0.007434,-0.007205,-0.000096,-0.003862,0.006999,0.022658,0.011819,0.011678,0.023500,0.025216,0.053604,0.016717,-0.001842,-0.029912,0.015640,-0.023902,0.008939,-0.018984,-0.007704,-0.007628,-0.006208,-0.008351,-0.006920,-0.006067,-0.007823,-0.008068,-0.001474,-0.000532,-0.001503,-0.002396,-0.004424,-0.001752,-0.003089,-0.005229,-0.005323,-0.007369,-0.009530,-0.010593,-0.009358,-0.009536,-0.011197,-0.011624,-0.010358,-0.008882,-0.008599,-0.010463,-0.012242,-0.012984,-0.013603,-0.014816,-0.016990,-0.018871,-0.018944,-0.017359,-0.016063,-0.014726,-0.013402,-0.010287,-0.005886,-0.001377,-0.003309,0.003486,0.007699,0.009427,0.010841,0.009876,0.012021,0.014919,0.013855,0.010271,0.005484,0.003807,0.003022,-0.001304,-0.002526,-0.003983,-0.005397,-0.006255,-0.005512,-0.008551,-0.010744,-0.012512,-0.011039,-0.010652,-0.010350,-0.008806,-0.007679,-0.008281,-0.008436,-0.006758,-0.003622,-0.007117,-0.010080,-0.012465,-0.012408,-0.013730,-0.016066,-0.017895,-0.022746,-0.024204,-0.023671,-0.023271,-0.022844,-0.019915,-0.017613,-0.015458,-0.012371,89.903173,89.882165,89.865661,89.860862,89.863551,89.880761,89.879552,89.889910,89.895504,89.881236,89.877894,89.878450,89.883201,89.891144,89.900442,89.910279,89.923837,89.941450,89.955729,89.957400,89.953020,89.956660,89.945686,89.942233,89.947945,89.948777,89.946135,89.945399,89.950276,89.952846,89.950943,89.948795,89.948275,89.949303,89.949239,89.915051,89.893158,89.876554,89.875682,89.884773,89.901197,90.200906,90.453200,90.552747,90.576560,90.560272,90.528875,90.492797,90.434547,90.370223,90.328027,90.328976,90.356078,90.388845,90.408265,90.425221,90.423209,90.401340,90.371037,90.329522,90.262760,90.199459,90.166623,90.198560,90.290177,90.362108,90.288831,90.067421,89.948078,89.915469,89.887183,89.866260,89.851015,89.834708,89.814591,89.801971,89.809104,89.825845,89.834704,89.855604,89.889511,89.906220,89.909153,89.919266,89.940419,89.943954,89.948595,89.954451,89.952271,89.949764,89.949590,89.952809,89.968858,89.956836,89.933728,89.927552,89.912543,89.894530,89.879709,89.892783,89.883621,89.872352,89.841943,89.834746,89.840865,89.839901,89.844476,89.856646,89.875217,89.894762,89.911629,89.921221,89.930752,89.940985,89.967539,89.978694,89.978937,89.973801,89.963527,89.956122,89.952815,89.956495,89.968680,89.983644,90.001524,90.213460,90.025407,90.005444,90.026535,90.239182,90.253213,90.151876,89.995030,89.960340,89.986296,89.995619,89.999523,89.999225,89.994620,90.198232,90.309046,90.274524,89.995738,89.991470,90.007123,90.066119,90.059780,90.081349,90.153898,90.081179,89.996944,89.988787,89.993656,90.214409,90.260031,90.221442,90.004176,90.168334,90.032061,90.124580,90.019366,89.995786,89.991966,89.987828,89.997922,89.991535,89.977796,89.982002,89.969359,89.979735,89.973752,89.976670,90.023592,90.012893,90.016525,90.010988,89.995293,89.988771,89.990154,89.992588,89.989402,89.983609,89.978987,89.977535,89.976690,89.972982,89.969263,89.970522,89.974691,89.977367,89.976214,89.978614,89.984819,89.989741,89.989409,89.982170,89.975950,89.974355,89.970107,89.958975,89.948729,89.947633,89.951049,89.922534,89.918033,89.922956,89.933183,89.951168,89.955301,89.954984,89.954105,89.953470,89.956394,89.961060,89.962506,89.957069,89.935063,89.932862,89.933439,89.922337,89.907797,89.911589,89.906841,89.904388,89.902342,89.911916,89.923326,89.926987,89.929092,89.930685,89.931671,89.937258,89.941670,89.958080,89.954738,89.955559,89.958011,89.958719,89.961317,89.960867,89.968969,89.960896,89.952813,89.944818,89.933496,89.911741,89.899046,89.899200,89.909254,89.915428,0.000672,0.000763,0.000850,0.000843,0.000759,0.000505,0.000533,0.000461,0.000450,0.000628,0.000668,0.000677,0.000667,0.000666,0.000679,0.000705,0.000719,0.000701,0.000665,0.000630,0.000604,0.000517,0.000684,0.000797,0.000819,0.000840,0.000830,0.000814,0.000814,0.000817,0.000831,0.000840,0.000850,0.000811,0.000687,0.000948,0.001035,0.001081,0.001110,0.001118,0.001112,0.001114,0.001126,0.001139,0.001130,0.001089,0.001017,0.000943,0.000877,0.000833,0.000816,0.000825,0.000840,0.000875,0.000935,0.001010,0.001056,0.001081,0.001100,0.001115,0.001132,0.001129,0.001114,0.001103,0.001075,0.001161,0.001218,0.001056,0.000924,0.000921,0.001025,0.001081,0.001100,0.001109,0.001131,0.001121,0.001010,0.000872,0.000890,0.000876,0.000814,0.000917,0.001032,0.000969,0.000777,0.000833,0.000877,0.000876,0.000879,0.000866,0.000854,0.000811,0.000557,0.000652,0.000888,0.000850,0.000878,0.000901,0.000928,0.000645,0.000656,0.000675,0.000954,0.000955,0.000790,0.000724,0.000661,0.000645,0.000640,0.000644,0.000640,0.000655,0.000615,0.000586,0.000386,0.000340,0.000343,0.000339,0.000366,0.000383,0.000400,0.000389,0.000345,0.000327,0.000338,0.000324,0.000408,0.000471,0.000552,0.000678,0.000559,0.000530,0.000632,0.000666,0.000446,0.000429,0.000487,0.000487,0.000435,0.000803,0.000756,0.000498,0.000546,0.000522,0.000478,0.000651,0.000719,0.000780,0.000658,0.000687,0.000663,0.000544,0.000517,0.000408,0.000407,0.000320,0.000381,0.000404,0.000315,0.000295,0.000323,0.000393,0.000398,0.000415,0.000368,0.000386,0.000374,0.000358,0.000368,0.000391,0.000381,0.000274,0.000244,0.000239,0.000249,0.000261,0.000363,0.000419,0.000448,0.000446,0.000438,0.000429,0.000433,0.000443,0.000463,0.000488,0.000497,0.000494,0.000491,0.000474,0.000452,0.000437,0.000421,0.000406,0.000390,0.000405,0.000421,0.000414,0.000387,0.000364,0.000354,0.000317,0.000292,0.000630,0.000513,0.000341,0.000307,0.000266,0.000356,0.000376,0.000337,0.000337,0.000344,0.000322,0.000295,0.000284,0.000483,0.000528,0.000600,0.000662,0.000637,0.000485,0.000556,0.000592,0.000621,0.000595,0.000581,0.000606,0.000601,0.000615,0.000675,0.000664,0.000655,0.000457,0.000532,0.000578,0.000618,0.000649,0.000612,0.000560,0.000361,0.000379,0.000433,0.000505,0.000543,0.000660,0.000656,0.000623,0.000607,0.000605
-0.009061,-0.006692,-0.003899,-0.000606,0.002606,0.005617,0.002819,0.002930,0.000949,-0.001643,-0.001187,-0.002616,-0.004521,-0.008030,-0.011270,-0.014067,-0.017190,-0.019773,-0.021402,-0.022302,-0.022692,-0.021989,-0.025797,-0.026908,-0.028274,-0.031337,-0.033633,-0.035559,-0.037847,-0.039364,-0.040567,-0.041223,-0.041211,-0.042934,-0.044975,-0.051893,-0.051037,-0.052503,-0.056268,-0.057897,-0.046180,0.004865,0.034928,0.038263,0.037805,0.034678,0.029961,0.023460,0.016663,0.011498,0.008163,0.003327,0.000254,-0.003510,-0.012011,-0.019717,-0.023170,-0.026979,-0.029308,-0.032818,-0.033574,-0.031384,-0.023594,-0.010776,-0.000741,-0.003952,-0.011518,-0.009607,0.016819,0.032854,0.030355,0.028343,0.026259,0.025505,0.023305,0.020912,0.020193,0.022010,0.020681,0.021911,0.023309,0.020510,0.023787,0.028844,0.029215,0.026721,0.028746,0.032430,0.033303,0.033996,0.035447,0.038025,0.041466,0.036977,0.033004,0.034721,0.032298,0.027760,0.025576,0.028797,0.024766,0.021799,0.016594,0.021489,0.023966,0.021104,0.020741,0.020745,0.020677,0.019486,0.019276,0.018266,0.017968,0.018629,0.019842,0.015646,0.013819,0.014200,0.014365,0.014099,0.012598,0.011470,0.010980,0.010782,0.010355,0.038333,-0.012879,0.014539,0.014799,0.048190,0.018830,0.003608,-0.000745,0.013073,0.014986,0.011251,0.007767,0.008027,0.007248,0.033727,0.026433,0.007794,-0.036108,-0.007060,-0.006149,-0.000559,-0.002893,0.008567,0.022625,0.009801,0.011057,0.021530,0.022677,0.052078,0.019667,-0.002804,-0.031679,0.015948,-0.023613,0.011292,-0.021038,-0.008422,-0.008179,-0.005487,-0.008715,-0.008987,-0.005531,-0.005949,-0.003666,0.000072,-0.000394,0.000616,-0.002872,-0.002626,-0.002396,-0.004514,-0.006887,-0.005522,-0.005385,-0.007233,-0.008724,-0.008253,-0.008592,-0.009929,-0.009312,-0.008891,-0.009629,-0.009959,-0.010885,-0.012513,-0.013985,-0.014508,-0.015038,-0.014827,-0.016335,-0.018586,-0.018369,-0.015432,-0.013312,-0.012303,-0.010950,-0.007658,-0.003459,-0.000874,0.003168,0.007707,0.007852,0.010539,0.008968,0.012366,0.014800,0.013386,0.009504,0.005528,0.004811,0.003907,-0.001428,-0.002657,-0.003668,-0.003669,-0.004265,-0.005353,-0.009991,-0.011228,-0.012162,-0.012127,-0.012610,-0.011605,-0.008610,-0.007934,-0.008633,-0.007994,-0.006487,-0.003476,-0.006619,-0.008901,-0.010421,-0.011337,-0.011995,-0.014632,-0.017353,-0.022375,-0.022956,-0.023478,-0.023129,-0.023017,-0.019728,-0.017091,-0.014802,-0.012510,89.902979,89.882275,89.865146,89.862708,89.874515,89.899527,89.893443,89.894635,89.898566,89.886340,89.882608,89.878654,89.880461,89.891098,89.906318,89.916249,89.920280,89.929355,89.942548,89.950591,89.952028,89.962611,89.952260,89.943332,89.942980,89.940124,89.940670,89.946537,89.954505,89.956277,89.950632,89.942942,89.940721,89.943285,89.945472,89.905015,89.877294,89.871990,89.884883,89.902154,89.901709,90.213835,90.446486,90.549215,90.581065,90.564579,90.524312,90.481656,90.427138,90.368680,90.335472,90.341053,90.366017,90.394153,90.402073,90.402063,90.403829,90.395479,90.368162,90.317006,90.254520,90.204572,90.182291,90.205331,90.287294,90.349194,90.287895,90.077017,89.938796,89.915010,89.883758,89.859434,89.840908,89.828690,89.817883,89.809119,89.808651,89.827718,89.841450,89.866528,89.898799,89.908630,89.911201,89.926041,89.950135,89.959299,89.958654,89.958287,89.957118,89.955982,89.952637,89.953225,89.974670,89.968028,89.937961,89.924441,89.909361,89.891505,89.873771,89.886216,89.878908,89.869600,89.837095,89.829957,89.837255,89.839353,89.851552,89.869435,89.889939,89.903914,89.914721,89.918198,89.926667,89.941992,89.972121,89.979927,89.977907,89.976805,89.970344,89.960224,89.950560,89.950523,89.964264,89.987954,89.999184,90.223273,90.030480,90.010162,90.002948,90.221617,90.261543,90.147504,89.975246,89.967927,89.978239,89.980373,89.986948,89.995564,89.986808,90.186913,90.302479,90.270953,90.005755,89.979358,90.001018,90.047123,90.056114,90.076499,90.142137,90.056194,89.993446,89.977348,89.981782,90.202758,90.283210,90.209180,90.006641,90.145342,90.038898,90.141157,90.004616,90.004970,89.976861,89.986617,89.979553,89.976341,89.974948,89.957846,89.950205,89.968462,89.967325,89.982375,90.018668,90.006082,90.005443,90.000075,89.989800,89.989790,89.989482,89.981005,89.970898,89.969362,89.970868,89.971525,89.977404,89.984035,89.983002,89.980414,89.988216,89.995345,89.986469,89.972867,89.971936,89.979328,89.982775,89.977545,89.971731,89.969432,89.964953,89.957175,89.953909,89.948113,89.943474,89.928831,89.920924,89.925127,89.928826,89.952512,89.956162,89.955835,89.954382,89.950733,89.946117,89.946694,89.955972,89.964232,89.944238,89.932541,89.924108,89.915725,89.906484,89.906782,89.900256,89.903665,89.905146,89.910081,89.916263,89.919974,89.927239,89.933331,89.936077,89.942700,89.946880,89.961446,89.953778,89.951581,89.951215,89.949780,89.951409,89.954898,89.968507,89.964454,89.956255,89.939156,89.924155,89.905633,89.902591,89.907359,89.914709,89.915770,0.000708,0.000796,0.000868,0.000860,0.000782,0.000527,0.000560,0.000474,0.000471,0.000677,0.000707,0.000700,0.000708,0.000756,0.000800,0.000801,0.000767,0.000730,0.000713,0.000725,0.000716,0.000582,0.000719,0.000814,0.000813,0.000846,0.000856,0.000858,0.000879,0.000884,0.000869,0.000851,0.000849,0.000844,0.000741,0.001033,0.001130,0.001162,0.001168,0.001175,0.001188,0.001220,0.001246,0.001246,0.001214,0.001143,0.001059,0.000977,0.000913,0.000890,0.000888,0.000912,0.000942,0.000973,0.000995,0.001031,0.001070,0.001106,0.001136,0.001158,0.001172,0.001190,0.001186,0.001140,0.001086,0.001133,0.001191,0.001118,0.000976,0.000938,0.001101,0.001152,0.001150,0.001139,0.001142,0.001142,0.001102,0.000941,0.000970,0.000944,0.000833,0.000955,0.001076,0.000999,0.000834,0.000846,0.000911,0.000931,0.000942,0.000921,0.000909,0.000877,0.000617,0.000685,0.000948,0.000920,0.000933,0.000968,0.000988,0.000662,0.000653,0.000684,0.001009,0.000987,0.000799,0.000760,0.000721,0.000730,0.000721,0.000707,0.000659,0.000685,0.000670,0.000641,0.000408,0.000356,0.000371,0.000380,0.000428,0.000460,0.000482,0.000471,0.000417,0.000398,0.000405,0.000456,0.000460,0.000507,0.000526,0.000670,0.000584,0.000600,0.000641,0.000635,0.000492,0.000475,0.000531,0.000533,0.000467,0.000704,0.000676,0.000456,0.000592,0.000595,0.000470,0.000708,0.000751,0.000786,0.000631,0.000630,0.000572,0.000566,0.000574,0.000451,0.000471,0.000379,0.000434,0.000435,0.000327,0.000486,0.000434,0.000486,0.000394,0.000390,0.000379,0.000410,0.000405,0.000378,0.000387,0.000421,0.000423,0.000310,0.000296,0.000310,0.000321,0.000323,0.000423,0.000460,0.000484,0.000497,0.000505,0.000510,0.000524,0.000530,0.000512,0.000488,0.000486,0.000498,0.000495,0.000471,0.000446,0.000436,0.000435,0.000431,0.000422,0.000422,0.000412,0.000393,0.000379,0.000372,0.000369,0.000350,0.000391,0.000533,0.000540,0.000320,0.000384,0.000293,0.000413,0.000413,0.000355,0.000348,0.000365,0.000359,0.000331,0.000299,0.000512,0.000575,0.000655,0.000701,0.000634,0.000475,0.000564,0.000615,0.000655,0.000640,0.000633,0.000666,0.000661,0.000669,0.000708,0.000670,0.000650,0.000458,0.000566,0.000651,0.000687,0.000680,0.000616,0.000559,0.000367,0.000391,0.000423,0.000516,0.000559,0.000699,0.000683,0.000629,0.000615,0.000639
-0.007754,-0.005074,-0.002710,0.000099,0.002857,0.005554,0.001981,0.003011,0.001664,-0.001465,-0.002359,-0.003956,-0.004531,-0.007177,-0.010839,-0.014854,-0.018540,-0.020423,-0.021541,-0.022475,-0.022970,-0.022347,-0.025473,-0.026260,-0.028279,-0.031110,-0.033361,-0.035415,-0.038357,-0.040139,-0.040999,-0.041855,-0.042750,-0.044030,-0.046190,-0.053765,-0.053309,-0.052492,-0.055632,-0.058636,-0.047501,0.005408,0.035209,0.038146,0.037066,0.033671,0.028920,0.023425,0.017661,0.011199,0.007023,0.002685,0.000103,-0.004861,-0.013626,-0.021252,-0.023627,-0.026766,-0.030246,-0.031956,-0.032332,-0.030846,-0.022014,-0.009115,-0.000891,-0.005028,-0.012042,-0.009250,0.015862,0.031800,0.030321,0.029860,0.028759,0.027168,0.023548,0.021016,0.021095,0.021675,0.018281,0.019410,0.022893,0.020767,0.023059,0.027448,0.029983,0.026078,0.027952,0.031358,0.034570,0.036421,0.036383,0.037151,0.040774,0.036240,0.033246,0.034906,0.031449,0.027681,0.025256,0.028050,0.024164,0.022227,0.017059,0.021058,0.023514,0.020894,0.019627,0.019971,0.022242,0.022118,0.020201,0.018198,0.018194,0.018380,0.019586,0.015824,0.013993,0.013445,0.012974,0.013792,0.013878,0.014014,0.014296,0.011272,0.010936,0.037843,-0.014389,0.013357,0.016015,0.046225,0.019433,0.003103,-0.001805,0.014309,0.015819,0.012413,0.008780,0.008458,0.009892,0.031629,0.025094,0.008264,-0.036593,-0.010449,-0.007225,0.000756,-0.003568,0.007504,0.023355,0.008969,0.013056,0.022969,0.025161,0.052479,0.018966,0.000234,-0.030252,0.015803,-0.024801,0.009655,-0.020278,-0.009231,-0.008210,-0.007283,-0.005654,-0.008416,-0.006354,-0.008617,-0.002581,-0.002279,-0.001098,0.000510,-0.002880,-0.004724,-0.002746,-0.003627,-0.006438,-0.006933,-0.007087,-0.007862,-0.008476,-0.008474,-0.008935,-0.011078,-0.011023,-0.009530,-0.008658,-0.009198,-0.010410,-0.011768,-0.012594,-0.013876,-0.014811,-0.016403,-0.018299,-0.018318,-0.018347,-0.016749,-0.014194,-0.012861,-0.010932,-0.007035,-0.001902,-0.001293,0.003044,0.008399,0.008001,0.009873,0.009492,0.012668,0.015474,0.013799,0.009609,0.005350,0.003466,0.001899,-0.002394,-0.002869,-0.003893,-0.004527,-0.005576,-0.006297,-0.010079,-0.010987,-0.012523,-0.012046,-0.010455,-0.009677,-0.008669,-0.007835,-0.007663,-0.007449,-0.006356,-0.003236,-0.006927,-0.009048,-0.010431,-0.010393,-0.011757,-0.015728,-0.018882,-0.022673,-0.023274,-0.024147,-0.024816,-0.023691,-0.019504,-0.017221,-0.015033,-0.011165,89.902078,89.877165,89.861950,89.865658,89.878943,89.898529,89.888722,89.894864,89.904639,89.893934,89.889073,89.881482,89.881802,89.891867,89.907115,89.921247,89.931812,89.943460,89.950296,89.952227,89.952021,89.960613,89.955190,89.953831,89.952774,89.943785,89.936913,89.942074,89.952031,89.954688,89.954131,89.953327,89.947203,89.941120,89.937289,89.901938,89.880901,89.875474,89.886033,89.891941,89.906085,90.197634,90.426015,90.537561,90.580608,90.573528,90.534888,90.482860,90.420432,90.360034,90.326062,90.321363,90.343021,90.386979,90.414750,90.412223,90.411412,90.409308,90.383179,90.330525,90.261753,90.201712,90.176676,90.204589,90.284742,90.345400,90.284577,90.071760,89.947013,89.922744,89.890301,89.863103,89.838395,89.821613,89.811763,89.809498,89.812265,89.822223,89.827510,89.852904,89.897238,89.914272,89.911496,89.916157,89.939695,89.949567,89.963959,89.965897,89.959515,89.958739,89.960253,89.963720,89.984257,89.968645,89.934163,89.919997,89.904670,89.892931,89.880857,89.893616,89.880872,89.870879,89.833954,89.819729,89.823217,89.828593,89.845392,89.865360,89.885365,89.901255,89.912615,89.920288,89.932150,89.945178,89.970345,89.974268,89.971684,89.969854,89.964539,89.957969,89.952465,89.954198,89.966766,89.979139,90.003151,90.215698,90.013825,90.014069,90.030165,90.240439,90.261714,90.144468,89.987921,89.959346,89.984738,89.989736,89.991415,89.995335,89.995028,90.185014,90.309275,90.277494,90.009107,89.977934,89.996305,90.054998,90.057969,90.083617,90.169422,90.085070,90.005010,89.986152,89.999560,90.220149,90.269886,90.212300,90.000866,90.146303,90.025643,90.132884,90.016885,89.972444,89.975013,89.980218,89.991706,89.979128,89.979882,89.972691,89.977891,89.975557,89.975928,89.999960,90.022319,90.012623,90.013656,90.008358,89.995547,89.988921,89.984656,89.980607,89.979725,89.980824,89.976046,89.966316,89.961994,89.966986,89.975036,89.977767,89.979403,89.983584,89.980368,89.973403,89.974447,89.981712,89.988634,89.987679,89.977321,89.966370,89.961548,89.966637,89.973258,89.967698,89.945528,89.923170,89.914731,89.927474,89.935955,89.950828,89.955236,89.955082,89.949097,89.946006,89.947659,89.947304,89.945005,89.947197,89.935755,89.933605,89.921505,89.905831,89.900253,89.911238,89.908963,89.908938,89.904681,89.904804,89.909721,89.916118,89.925699,89.931155,89.930868,89.934459,89.939092,89.957297,89.950173,89.946834,89.951922,89.959717,89.965523,89.965094,89.973088,89.964944,89.955062,89.940602,89.920908,89.896085,89.889074,89.896727,89.912167,89.919538,0.000721,0.000835,0.000945,0.000938,0.000814,0.000521,0.000553,0.000446,0.000433,0.000644,0.000683,0.000682,0.000687,0.000703,0.000713,0.000727,0.000745,0.000746,0.000746,0.000737,0.000707,0.000585,0.000686,0.000801,0.000869,0.000907,0.000894,0.000867,0.000886,0.000912,0.000902,0.000861,0.000877,0.000862,0.000770,0.001075,0.001192,0.001244,0.001245,0.001242,0.001231,0.001223,0.001219,0.001216,0.001190,0.001132,0.001069,0.001007,0.000930,0.000894,0.000863,0.000857,0.000877,0.000930,0.000993,0.001045,0.001103,0.001165,0.001191,0.001169,0.001140,0.001163,0.001199,0.001189,0.001159,0.001202,0.001239,0.001168,0.000980,0.000941,0.001099,0.001149,0.001153,0.001106,0.001085,0.001052,0.000990,0.000861,0.000911,0.000899,0.000753,0.000871,0.001049,0.001032,0.000835,0.000968,0.001031,0.001052,0.001007,0.000921,0.000891,0.000880,0.000608,0.000718,0.000948,0.000868,0.000898,0.000920,0.000946,0.000640,0.000680,0.000667,0.000970,0.000958,0.000797,0.000754,0.000716,0.000747,0.000758,0.000735,0.000715,0.000722,0.000691,0.000661,0.000433,0.000378,0.000372,0.000376,0.000422,0.000452,0.000477,0.000474,0.000435,0.000431,0.000441,0.000399,0.000499,0.000552,0.000605,0.000720,0.000623,0.000587,0.000613,0.000671,0.000488,0.000469,0.000544,0.000554,0.000503,0.000803,0.000852,0.000524,0.000603,0.000593,0.000543,0.000717,0.000776,0.000828,0.000682,0.000700,0.000616,0.000616,0.000537,0.000425,0.000430,0.000361,0.000440,0.000441,0.000356,0.000404,0.000417,0.000322,0.000415,0.000414,0.000446,0.000463,0.000454,0.000411,0.000397,0.000409,0.000393,0.000280,0.000259,0.000274,0.000295,0.000303,0.000392,0.000416,0.000428,0.000441,0.000444,0.000442,0.000473,0.000522,0.000553,0.000543,0.000514,0.000513,0.000539,0.000539,0.000499,0.000450,0.000422,0.000450,0.000478,0.000476,0.000473,0.000444,0.000424,0.000422,0.000417,0.000389,0.000395,0.000426,0.000498,0.000312,0.000321,0.000300,0.000397,0.000415,0.000383,0.000383,0.000390,0.000384,0.000365,0.000341,0.000539,0.000565,0.000634,0.000705,0.000676,0.000532,0.000637,0.000671,0.000694,0.000669,0.000654,0.000674,0.000664,0.000676,0.000728,0.000699,0.000674,0.000466,0.000576,0.000669,0.000711,0.000698,0.000628,0.000581,0.000396,0.000439,0.000496,0.000547,0.000570,0.000695,0.000699,0.000666,0.000641,0.000632
-0.009446,-0.006550,-0.001997,0.000567,0.003024,0.004957,0.001546,0.001620,0.000712,-0.001066,-0.000549,-0.001211,-0.002954,-0.006897,-0.010676,-0.014590,-0.018647,-0.020440,-0.021568,-0.022764,-0.023096,-0.022548,-0.027030,-0.027059,-0.027348,-0.030563,-0.033831,-0.035762,-0.037414,-0.038067,-0.039280,-0.040409,-0.040922,-0.041979,-0.044426,-0.051713,-0.052957,-0.053425,-0.056179,-0.058365,-0.048244,0.004964,0.034662,0.038595,0.038214,0.035105,0.030347,0.023626,0.016367,0.010312,0.007496,0.003075,-0.000163,-0.003731,-0.011809,-0.020087,-0.024754,-0.028793,-0.030845,-0.032965,-0.032440,-0.030888,-0.022365,-0.010153,-0.000466,-0.003639,-0.011945,-0.011224,0.014045,0.031573,0.030629,0.030030,0.026811,0.025047,0.022839,0.021161,0.021645,0.021966,0.020684,0.022199,0.024149,0.021433,0.023564,0.027794,0.027943,0.025789,0.029297,0.033191,0.034037,0.034734,0.034685,0.035675,0.039529,0.035792,0.032523,0.033341,0.031191,0.028671,0.026148,0.027711,0.022823,0.021270,0.016681,0.020283,0.023658,0.022258,0.021578,0.022197,0.022402,0.020863,0.019137,0.017567,0.017563,0.017896,0.019667,0.015212,0.012293,0.013655,0.014009,0.013617,0.011852,0.011428,0.012732,0.011446,0.011534,0.037742,-0.013667,0.014888,0.017410,0.048317,0.020323,0.003572,-0.002054,0.013165,0.015866,0.011965,0.007937,0.008145,0.010858,0.032200,0.027133,0.007170,-0.037716,-0.008875,-0.005792,0.001317,-0.002253,0.010021,0.023688,0.008180,0.013607,0.022660,0.023098,0.052640,0.016700,-0.002234,-0.031002,0.013968,-0.026663,0.009313,-0.019108,-0.008352,-0.009254,-0.005969,-0.007114,-0.007866,-0.007244,-0.008231,-0.006983,-0.003563,-0.000462,-0.001406,-0.000724,-0.003768,-0.001514,-0.002302,-0.004712,-0.005487,-0.007147,-0.008505,-0.008789,-0.008403,-0.009430,-0.011250,-0.011302,-0.010433,-0.009495,-0.009184,-0.010585,-0.012701,-0.014224,-0.015610,-0.016421,-0.016400,-0.016911,-0.018281,-0.019209,-0.017732,-0.014678,-0.012342,-0.010238,-0.006103,-0.002361,-0.002659,0.003269,0.007110,0.010426,0.011649,0.011022,0.013030,0.015514,0.013295,0.008787,0.005393,0.004894,0.003290,-0.002574,-0.002774,-0.002895,-0.003477,-0.005282,-0.006343,-0.010283,-0.012015,-0.012875,-0.011796,-0.011819,-0.011452,-0.009645,-0.008548,-0.008275,-0.007628,-0.005892,-0.002672,-0.006652,-0.009734,-0.012142,-0.012068,-0.013211,-0.016247,-0.019070,-0.023700,-0.023279,-0.022973,-0.022187,-0.022681,-0.020432,-0.016761,-0.013444,-0.011477,89.914552,89.890010,89.863607,89.856409,89.869399,89.894589,89.890070,89.889851,89.887783,89.874824,89.878919,89.887250,89.892989,89.894068,89.900234,89.912655,89.925503,89.939146,89.946713,89.943850,89.943085,89.957902,89.953123,89.948987,89.950095,89.946820,89.942337,89.941946,89.949146,89.957901,89.960334,89.961286,89.957024,89.951027,89.942872,89.905159,89.881878,89.872719,89.879607,89.878138,89.885772,90.194898,90.445104,90.555308,90.591567,90.575279,90.528780,90.483126,90.427505,90.361888,90.326688,90.335171,90.361498,90.399391,90.427920,90.429340,90.417443,90.395628,90.364139,90.318607,90.264209,90.208187,90.179386,90.204556,90.281233,90.344065,90.288221,90.064860,89.943899,89.921337,89.889698,89.864252,89.842500,89.828075,89.818164,89.813351,89.819200,89.831349,89.836385,89.853663,89.889115,89.902141,89.903820,89.919316,89.950522,89.962754,89.960936,89.952775,89.948251,89.953563,89.958042,89.960993,89.975537,89.958253,89.931308,89.924242,89.909696,89.892750,89.878129,89.895883,89.885150,89.875152,89.840243,89.825648,89.829207,89.836272,89.848316,89.865282,89.884670,89.902452,89.915279,89.922733,89.934194,89.944332,89.967215,89.972241,89.971280,89.968163,89.963162,89.964287,89.966729,89.967679,89.975900,89.986136,90.004736,90.224718,90.021509,89.998681,90.028694,90.228207,90.251511,90.121967,89.973299,89.976825,89.985145,89.990007,89.987798,89.988442,90.002190,90.206898,90.305047,90.292680,90.007731,89.974549,90.017202,90.063544,90.042105,90.075475,90.161948,90.063355,89.991574,89.979726,89.985836,90.206307,90.262619,90.236848,90.003006,90.149717,90.030632,90.121008,90.012141,89.979732,89.970862,89.987139,89.993142,89.995050,89.971571,89.974938,89.967474,89.983693,89.976367,89.970423,90.020493,90.012020,90.009683,89.999480,89.982053,89.975656,89.980316,89.986545,89.988556,89.988736,89.984923,89.979104,89.974147,89.970560,89.969646,89.974567,89.983939,89.991442,89.988911,89.979833,89.974130,89.975132,89.981205,89.983700,89.978656,89.969918,89.959813,89.952098,89.948545,89.946471,89.943427,89.925056,89.924014,89.924651,89.939065,89.957911,89.963172,89.956513,89.947755,89.944365,89.951487,89.958505,89.955731,89.946860,89.925410,89.927767,89.925652,89.911874,89.902801,89.912915,89.914720,89.914738,89.907536,89.906275,89.910853,89.914789,89.920325,89.924355,89.927919,89.934430,89.935295,89.946194,89.940009,89.942347,89.951333,89.960430,89.966094,89.962199,89.965058,89.957619,89.955831,89.950391,89.938624,89.911266,89.895735,89.897374,89.910726,89.922145,0.000675,0.000775,0.000894,0.000900,0.000768,0.000487,0.000515,0.000452,0.000446,0.000642,0.000695,0.000692,0.000675,0.000694,0.000713,0.000716,0.000711,0.000692,0.000691,0.000713,0.000688,0.000542,0.000673,0.000798,0.000841,0.000868,0.000860,0.000851,0.000874,0.000885,0.000884,0.000857,0.000860,0.000854,0.000800,0.001079,0.001174,0.001197,0.001181,0.001168,0.001156,0.001181,0.001228,0.001250,0.001233,0.001172,0.001077,0.000984,0.000901,0.000853,0.000824,0.000816,0.000827,0.000873,0.000946,0.001023,0.001091,0.001141,0.001169,0.001185,0.001204,0.001238,0.001235,0.001185,0.001114,0.001150,0.001177,0.001108,0.000956,0.000949,0.001142,0.001184,0.001197,0.001193,0.001173,0.001114,0.000982,0.000834,0.000871,0.000880,0.000757,0.000897,0.001039,0.000980,0.000830,0.000915,0.000973,0.000979,0.000960,0.000903,0.000854,0.000785,0.000547,0.000688,0.000906,0.000800,0.000800,0.000839,0.000895,0.000571,0.000629,0.000647,0.000950,0.000957,0.000797,0.000733,0.000714,0.000712,0.000711,0.000693,0.000659,0.000663,0.000642,0.000645,0.000430,0.000379,0.000369,0.000354,0.000382,0.000408,0.000446,0.000467,0.000431,0.000402,0.000403,0.000420,0.000441,0.000492,0.000508,0.000737,0.000625,0.000495,0.000639,0.000624,0.000447,0.000431,0.000507,0.000506,0.000443,0.000731,0.000721,0.000573,0.000560,0.000549,0.000541,0.000704,0.000770,0.000828,0.000689,0.000715,0.000652,0.000613,0.000563,0.000439,0.000412,0.000317,0.000392,0.000442,0.000354,0.000433,0.000415,0.000339,0.000410,0.000373,0.000386,0.000421,0.000404,0.000373,0.000376,0.000394,0.000372,0.000254,0.000225,0.000226,0.000239,0.000249,0.000342,0.000393,0.000422,0.000434,0.000446,0.000463,0.000514,0.000557,0.000552,0.000517,0.000480,0.000457,0.000460,0.000469,0.000471,0.000465,0.000457,0.000449,0.000426,0.000404,0.000404,0.000401,0.000392,0.000384,0.000383,0.000362,0.000368,0.000609,0.000493,0.000334,0.000222,0.000255,0.000388,0.000440,0.000390,0.000370,0.000356,0.000337,0.000325,0.000317,0.000535,0.000571,0.000631,0.000680,0.000623,0.000470,0.000543,0.000598,0.000648,0.000635,0.000615,0.000621,0.000601,0.000614,0.000647,0.000613,0.000617,0.000474,0.000585,0.000662,0.000696,0.000674,0.000586,0.000527,0.000360,0.000402,0.000442,0.000495,0.000509,0.000645,0.000681,0.000650,0.000627,0.000620
-0.007971,-0.006401,-0.002776,0.001181,0.004808,0.006781,0.002404,0.002492,0.001418,-0.001143,-0.002036,-0.003311,-0.004345,-0.007741,-0.011885,-0.015634,-0.017836,-0.019909,-0.022127,-0.023364,-0.023408,-0.022965,-0.026447,-0.026110,-0.026204,-0.030011,-0.033566,-0.034947,-0.036900,-0.039428,-0.040975,-0.041361,-0.041770,-0.043425,-0.046125,-0.051678,-0.050580,-0.051277,-0.057078,-0.060166,-0.047447,0.005242,0.034850,0.039190,0.037896,0.034215,0.029200,0.023122,0.016686,0.011265,0.008191,0.003304,0.000031,-0.004214,-0.011478,-0.019445,-0.024881,-0.028173,-0.029564,-0.031227,-0.033324,-0.031840,-0.023794,-0.010944,0.000465,-0.004193,-0.011278,-0.010174,0.015813,0.031764,0.030807,0.029559,0.027009,0.025500,0.022957,0.020713,0.020390,0.021351,0.020545,0.022329,0.024138,0.021212,0.023491,0.028033,0.028666,0.025703,0.028255,0.032001,0.033380,0.034478,0.036114,0.037532,0.041198,0.036411,0.033345,0.035601,0.032359,0.028250,0.025665,0.028150,0.023897,0.021868,0.017125,0.021478,0.023794,0.022462,0.022182,0.022652,0.022832,0.021009,0.019174,0.017548,0.017226,0.018462,0.020839,0.016275,0.013585,0.014325,0.013979,0.012468,0.011255,0.012528,0.013236,0.010049,0.010900,0.038191,-0.014201,0.013863,0.016726,0.047673,0.020477,0.004408,-0.000397,0.014004,0.017503,0.012693,0.009364,0.008216,0.009452,0.032258,0.027457,0.008138,-0.036479,-0.009794,-0.006211,0.000758,-0.003990,0.007865,0.023814,0.011600,0.009854,0.023650,0.024045,0.053186,0.020463,-0.000453,-0.030434,0.016938,-0.023221,0.009352,-0.021857,-0.008478,-0.007411,-0.006948,-0.006740,-0.006224,-0.005913,-0.006224,-0.005052,-0.001021,-0.000881,-0.000940,-0.001019,-0.003053,-0.002647,-0.004551,-0.006794,-0.005656,-0.006355,-0.007597,-0.008909,-0.008758,-0.008962,-0.009011,-0.009375,-0.009767,-0.008753,-0.008197,-0.010714,-0.013714,-0.014095,-0.013993,-0.013801,-0.014310,-0.016105,-0.017927,-0.018900,-0.017849,-0.015936,-0.012773,-0.009833,-0.006330,-0.003534,-0.003516,0.004220,0.007705,0.010308,0.010286,0.009493,0.012050,0.014642,0.013110,0.008864,0.005626,0.004390,0.002653,-0.001982,-0.002056,-0.003187,-0.004943,-0.006035,-0.005876,-0.009385,-0.010713,-0.010730,-0.009705,-0.010373,-0.010916,-0.009305,-0.008040,-0.008489,-0.008458,-0.006766,-0.002680,-0.007104,-0.010431,-0.011713,-0.012356,-0.012764,-0.014991,-0.018744,-0.023845,-0.023585,-0.023565,-0.023453,-0.022878,-0.020188,-0.017001,-0.013914,-0.010935,89.913407,89.888742,89.863438,89.854360,89.863097,89.887380,89.882055,89.884310,89.887899,89.882916,89.887370,89.887956,89.887838,89.892446,89.905034,89.919054,89.931548,89.944812,89.953900,89.955408,89.955079,89.963684,89.956814,89.955445,89.959845,89.956015,89.947971,89.945993,89.951449,89.951161,89.947107,89.950057,89.953615,89.953702,89.947988,89.908570,89.886608,89.886138,89.903197,89.905324,89.913543,90.210893,90.446912,90.549864,90.579136,90.564423,90.528006,90.485740,90.431073,90.365191,90.330159,90.330687,90.367260,90.407095,90.418897,90.412499,90.402382,90.389812,90.366880,90.326083,90.266623,90.211671,90.185118,90.205498,90.298975,90.356915,90.288807,90.070674,89.944957,89.926806,89.890748,89.858362,89.836152,89.823290,89.810894,89.803751,89.810199,89.827499,89.834059,89.852455,89.883835,89.897534,89.898478,89.912898,89.940797,89.946308,89.946860,89.945660,89.942150,89.942350,89.946507,89.951877,89.970556,89.953964,89.925985,89.920314,89.910476,89.897129,89.882247,89.892791,89.878479,89.862955,89.825497,89.817546,89.824574,89.830352,89.845217,89.864527,89.884003,89.900265,89.915021,89.925414,89.938277,89.950375,89.975063,89.976910,89.972159,89.969472,89.966061,89.961379,89.955857,89.957392,89.970054,89.975654,90.001304,90.215216,90.020505,90.009672,90.046163,90.234654,90.251582,90.133893,89.994150,89.959604,89.982053,89.987975,89.986286,89.987852,90.005041,90.203311,90.292896,90.278072,90.007090,89.958705,90.011739,90.054140,90.045983,90.072757,90.152387,90.071869,89.985581,89.984886,89.990783,90.207835,90.260030,90.234823,89.990806,90.148480,90.058038,90.142251,90.009152,89.998895,89.991074,89.973468,89.979973,89.976677,89.977987,89.985072,89.978179,89.984072,89.985638,89.990687,90.027493,90.018672,90.015510,90.008497,89.996079,89.992654,89.992616,89.989264,89.983953,89.978349,89.970701,89.962601,89.957951,89.960229,89.969463,89.979409,89.985048,89.988948,89.989643,89.987192,89.984671,89.985546,89.988214,89.987163,89.980695,89.974221,89.971891,89.970557,89.960125,89.944556,89.936241,89.909595,89.908253,89.923781,89.940131,89.953172,89.953751,89.952960,89.954032,89.955452,89.956994,89.955901,89.955692,89.958516,89.945466,89.939208,89.925331,89.909977,89.904283,89.914537,89.913709,89.911845,89.904726,89.904905,89.910337,89.914756,89.921111,89.927280,89.933482,89.944071,89.951947,89.968735,89.963062,89.959769,89.961925,89.965045,89.968577,89.969159,89.977822,89.965310,89.948209,89.929576,89.917492,89.903166,89.898889,89.901029,89.909941,89.920441,0.000647,0.000744,0.000816,0.000805,0.000728,0.000493,0.000529,0.000422,0.000411,0.000593,0.000628,0.000606,0.000588,0.000617,0.000668,0.000711,0.000719,0.000678,0.000634,0.000610,0.000586,0.000478,0.000606,0.000709,0.000761,0.000810,0.000827,0.000812,0.000817,0.000824,0.000811,0.000774,0.000785,0.000767,0.000676,0.000950,0.001058,0.001091,0.001060,0.001035,0.001063,0.001125,0.001179,0.001183,0.001135,0.001062,0.000996,0.000951,0.000915,0.000863,0.000812,0.000792,0.000816,0.000869,0.000914,0.000958,0.001014,0.001088,0.001149,0.001171,0.001172,0.001192,0.001196,0.001161,0.001089,0.001108,0.001091,0.001005,0.000922,0.000867,0.001015,0.001060,0.001075,0.001075,0.001082,0.001068,0.000985,0.000843,0.000877,0.000833,0.000680,0.000763,0.000958,0.000952,0.000786,0.000853,0.000894,0.000884,0.000878,0.000869,0.000871,0.000842,0.000566,0.000672,0.000904,0.000826,0.000827,0.000850,0.000891,0.000608,0.000634,0.000638,0.000945,0.000911,0.000746,0.000695,0.000657,0.000655,0.000650,0.000630,0.000603,0.000630,0.000621,0.000614,0.000375,0.000320,0.000312,0.000310,0.000345,0.000374,0.000398,0.000396,0.000355,0.000334,0.000345,0.000417,0.000453,0.000528,0.000575,0.000722,0.000600,0.000547,0.000649,0.000670,0.000431,0.000405,0.000466,0.000455,0.000401,0.000632,0.000625,0.000604,0.000491,0.000509,0.000429,0.000664,0.000737,0.000805,0.000669,0.000644,0.000552,0.000524,0.000518,0.000396,0.000389,0.000312,0.000349,0.000554,0.000510,0.000415,0.000423,0.000363,0.000348,0.000324,0.000338,0.000358,0.000360,0.000341,0.000342,0.000365,0.000357,0.000249,0.000221,0.000221,0.000231,0.000237,0.000319,0.000355,0.000378,0.000390,0.000387,0.000384,0.000408,0.000440,0.000453,0.000443,0.000423,0.000414,0.000428,0.000430,0.000410,0.000389,0.000378,0.000366,0.000357,0.000358,0.000364,0.000362,0.000353,0.000339,0.000332,0.000305,0.000291,0.000624,0.000543,0.000323,0.000262,0.000270,0.000361,0.000358,0.000309,0.000298,0.000300,0.000301,0.000290,0.000274,0.000467,0.000525,0.000613,0.000671,0.000623,0.000474,0.000550,0.000581,0.000588,0.000561,0.000569,0.000615,0.000605,0.000599,0.000626,0.000611,0.000619,0.000459,0.000537,0.000591,0.000610,0.000604,0.000544,0.000517,0.000353,0.000392,0.000430,0.000470,0.000479,0.000595,0.000609,0.000588,0.000585,0.000590
-0.008642,-0.006135,-0.003288,0.000604,0.003541,0.005073,0.000764,0.001624,0.001210,-0.000091,0.000000,-0.002475,-0.004737,-0.008026,-0.011056,-0.013751,-0.017617,-0.020944,-0.022656,-0.022852,-0.022973,-0.022889,-0.026793,-0.027290,-0.028746,-0.031574,-0.033662,-0.035196,-0.037145,-0.038581,-0.039662,-0.041150,-0.042853,-0.043618,-0.044987,-0.052135,-0.052249,-0.051795,-0.055558,-0.059258,-0.049554,0.005462,0.034459,0.037999,0.037578,0.033665,0.028778,0.022930,0.016437,0.010770,0.008338,0.003538,-0.000310,-0.003636,-0.012573,-0.019411,-0.023106,-0.028138,-0.030823,-0.032039,-0.032334,-0.030679,-0.023470,-0.010903,-0.001230,-0.005057,-0.013686,-0.009818,0.016676,0.031981,0.030105,0.029743,0.028382,0.026542,0.023851,0.021707,0.020987,0.021192,0.020371,0.021168,0.023035,0.022261,0.024839,0.028178,0.028285,0.025393,0.029031,0.032575,0.034491,0.036264,0.036734,0.037736,0.040237,0.035064,0.033546,0.035227,0.031628,0.028396,0.027075,0.028879,0.023865,0.021527,0.018254,0.021486,0.022840,0.020975,0.021557,0.021464,0.021823,0.021691,0.020187,0.017564,0.016643,0.017691,0.019867,0.016020,0.013381,0.013426,0.013935,0.013725,0.012509,0.011808,0.012217,0.012005,0.011899,0.038985,-0.014730,0.016966,0.018411,0.049055,0.019582,0.004592,-0.002044,0.012720,0.015288,0.011106,0.009694,0.009605,0.008601,0.032696,0.026935,0.008556,-0.037057,-0.009658,-0.006519,-0.000095,-0.003792,0.008669,0.023522,0.009717,0.011908,0.024455,0.025187,0.052586,0.017824,-0.002224,-0.031368,0.016998,-0.025362,0.007452,-0.021281,-0.008042,-0.008500,-0.005500,-0.008476,-0.008470,-0.007165,-0.005804,-0.005620,-0.002327,-0.000956,0.001159,-0.001495,-0.003833,-0.002835,-0.003630,-0.005320,-0.005796,-0.008146,-0.009638,-0.009113,-0.008334,-0.009406,-0.010898,-0.010136,-0.009207,-0.008970,-0.008544,-0.009615,-0.012779,-0.014660,-0.015170,-0.016299,-0.016711,-0.017605,-0.018780,-0.018396,-0.016583,-0.014715,-0.012743,-0.010249,-0.006943,-0.003666,-0.001162,0.003454,0.006500,0.008138,0.009994,0.009876,0.013463,0.016367,0.013228,0.008737,0.005326,0.004587,0.002450,-0.002642,-0.003321,-0.004058,-0.004991,-0.005361,-0.004627,-0.008477,-0.011738,-0.013095,-0.011678,-0.010984,-0.011009,-0.009860,-0.009003,-0.008954,-0.008700,-0.007231,-0.003862,-0.007860,-0.009452,-0.010480,-0.010716,-0.011514,-0.014205,-0.016807,-0.021964,-0.022625,-0.022964,-0.023455,-0.023142,-0.019248,-0.016462,-0.014704,-0.012112,89.898155,89.874427,89.857633,89.860388,89.873738,89.893587,89.883838,89.888765,89.888866,89.877017,89.880606,89.887315,89.894673,89.904011,89.912952,89.917152,89.917261,89.925787,89.938952,89.944914,89.945805,89.957215,89.955883,89.955921,89.955815,89.950600,89.949723,89.955989,89.959757,89.955520,89.949467,89.945814,89.939381,89.932963,89.933355,89.905622,89.888534,89.880477,89.889193,89.894522,89.896806,90.204859,90.436310,90.533721,90.563106,90.546994,90.517482,90.488909,90.438894,90.369513,90.332309,90.329200,90.351927,90.396928,90.417862,90.412707,90.414955,90.406037,90.371266,90.324122,90.264911,90.204056,90.165959,90.195077,90.281781,90.340942,90.290113,90.089432,89.952402,89.925064,89.889421,89.866285,89.848077,89.829589,89.812593,89.807655,89.817627,89.835115,89.845964,89.865764,89.897192,89.912132,89.905436,89.910063,89.938376,89.947225,89.951799,89.948134,89.946096,89.955530,89.961633,89.959845,89.973280,89.959928,89.940773,89.934645,89.913289,89.886051,89.868536,89.887383,89.884234,89.871565,89.838638,89.830325,89.837654,89.840029,89.851562,89.868133,89.887694,89.905383,89.916382,89.921600,89.931039,89.941717,89.968244,89.978010,89.978876,89.973539,89.962881,89.957843,89.957187,89.959299,89.968798,89.988180,90.004077,90.217032,90.016061,90.014416,90.047272,90.230591,90.258019,90.145958,89.984754,89.973288,89.977344,89.979849,89.979998,89.984310,89.988483,90.190415,90.310538,90.270886,90.002912,89.969424,90.011446,90.063244,90.059295,90.085341,90.159722,90.077698,89.988561,89.982772,89.980868,90.196587,90.264325,90.214626,90.005164,90.156755,90.039766,90.127288,90.024027,89.993599,89.996579,89.992117,89.979456,89.978654,89.968488,89.966011,89.969845,89.976833,89.978410,90.007397,90.024961,90.011237,90.011436,90.008546,90.001645,90.001048,89.999950,89.995653,89.992112,89.989301,89.982265,89.975791,89.974406,89.975656,89.978520,89.982726,89.986477,89.986379,89.981904,89.978448,89.980676,89.984838,89.986895,89.982415,89.974226,89.966283,89.956401,89.947401,89.945616,89.946843,89.938341,89.921202,89.914635,89.924666,89.936924,89.948800,89.948323,89.948518,89.952303,89.955038,89.956497,89.953514,89.947649,89.940915,89.922689,89.920730,89.920570,89.917757,89.918044,89.926531,89.918426,89.910543,89.902127,89.904503,89.913702,89.920026,89.925111,89.927888,89.932088,89.940618,89.945471,89.961741,89.954462,89.953649,89.956056,89.959126,89.964587,89.967426,89.976136,89.963668,89.949687,89.935162,89.924061,89.905948,89.901801,89.907860,89.916016,89.915479,0.000623,0.000715,0.000840,0.000855,0.000739,0.000469,0.000517,0.000410,0.000414,0.000613,0.000649,0.000644,0.000645,0.000682,0.000713,0.000723,0.000715,0.000678,0.000650,0.000655,0.000650,0.000537,0.000644,0.000745,0.000785,0.000809,0.000794,0.000789,0.000821,0.000843,0.000829,0.000784,0.000792,0.000801,0.000720,0.000994,0.001063,0.001102,0.001128,0.001136,0.001135,0.001137,0.001136,0.001123,0.001091,0.001022,0.000958,0.000912,0.000864,0.000846,0.000832,0.000834,0.000871,0.000945,0.001001,0.001031,0.001068,0.001111,0.001133,0.001141,0.001152,0.001155,0.001152,0.001112,0.001062,0.001134,0.001202,0.001097,0.000881,0.000862,0.001069,0.001135,0.001153,0.001156,0.001156,0.001091,0.000947,0.000781,0.000811,0.000826,0.000755,0.000836,0.001014,0.000986,0.000765,0.000851,0.000871,0.000863,0.000855,0.000834,0.000847,0.000832,0.000573,0.000697,0.000890,0.000817,0.000850,0.000895,0.000926,0.000626,0.000634,0.000675,0.000943,0.000936,0.000785,0.000753,0.000707,0.000711,0.000691,0.000627,0.000573,0.000574,0.000563,0.000584,0.000390,0.000341,0.000328,0.000313,0.000337,0.000357,0.000381,0.000394,0.000370,0.000354,0.000348,0.000370,0.000401,0.000448,0.000462,0.000655,0.000568,0.000496,0.000566,0.000547,0.000411,0.000388,0.000437,0.000435,0.000397,0.000691,0.000639,0.000466,0.000556,0.000557,0.000388,0.000611,0.000694,0.000753,0.000635,0.000669,0.000596,0.000573,0.000586,0.000315,0.000393,0.000256,0.000349,0.000436,0.000379,0.000373,0.000355,0.000330,0.000360,0.000345,0.000343,0.000365,0.000364,0.000338,0.000339,0.000361,0.000346,0.000239,0.000214,0.000219,0.000230,0.000238,0.000316,0.000350,0.000380,0.000402,0.000412,0.000419,0.000460,0.000498,0.000510,0.000504,0.000492,0.000475,0.000460,0.000441,0.000425,0.000409,0.000389,0.000371,0.000353,0.000355,0.000361,0.000352,0.000338,0.000331,0.000327,0.000303,0.000356,0.000450,0.000393,0.000201,0.000235,0.000261,0.000330,0.000339,0.000296,0.000294,0.000300,0.000295,0.000278,0.000260,0.000432,0.000467,0.000535,0.000608,0.000595,0.000458,0.000513,0.000530,0.000567,0.000568,0.000560,0.000573,0.000563,0.000579,0.000627,0.000618,0.000619,0.000425,0.000534,0.000610,0.000663,0.000682,0.000622,0.000561,0.000360,0.000381,0.000404,0.000460,0.000480,0.000621,0.000633,0.000585,0.000563,0.000568
-0.008754,-0.006472,-0.003847,-0.000869,0.002754,0.004777,0.001113,0.002848,0.002367,-0.001439,-0.001852,-0.002526,-0.003184,-0.006961,-0.011509,-0.014265,-0.017628,-0.020241,-0.021928,-0.022103,-0.022437,-0.023503,-0.028311,-0.030058,-0.029547,-0.031120,-0.033084,-0.035688,-0.037929,-0.039329,-0.040817,-0.042265,-0.042479,-0.042542,-0.045441,-0.053246,-0.052142,-0.051878,-0.056023,-0.058486,-0.047615,0.004038,0.036156,0.038921,0.037318,0.033892,0.029961,0.024478,0.017786,0.010526,0.006919,0.002193,-0.000273,-0.004629,-0.012289,-0.019767,-0.024561,-0.027495,-0.029891,-0.031446,-0.032722,-0.029159,-0.022227,-0.010450,0.000121,-0.005535,-0.013686,-0.012317,0.014072,0.031525,0.029367,0.028695,0.027682,0.025984,0.022617,0.020655,0.020188,0.021033,0.020786,0.023463,0.024199,0.021174,0.023262,0.027982,0.027475,0.024237,0.027817,0.032153,0.034658,0.035539,0.035075,0.035962,0.040755,0.036453,0.032682,0.033143,0.031331,0.028339,0.027076,0.029895,0.024196,0.021659,0.017542,0.021537,0.023004,0.021323,0.020954,0.021009,0.021468,0.020665,0.019510,0.017552,0.017249,0.017859,0.019527,0.015198,0.014478,0.013968,0.013599,0.013952,0.013964,0.013101,0.011789,0.010234,0.010683,0.038140,-0.013440,0.015351,0.016318,0.048463,0.019388,0.004131,-0.002141,0.014744,0.013702,0.012684,0.009146,0.008109,0.009104,0.032535,0.026720,0.006336,-0.035407,-0.008911,-0.007568,0.001835,-0.003944,0.007133,0.021611,0.010595,0.012336,0.022988,0.023009,0.053746,0.016752,-0.001697,-0.030249,0.016861,-0.023555,0.008773,-0.021133,-0.007500,-0.007557,-0.007474,-0.007014,-0.007778,-0.005982,-0.005642,-0.005897,-0.001853,-0.002547,-0.001081,-0.003419,-0.005224,-0.002519,-0.003354,-0.005799,-0.006685,-0.008490,-0.009425,-0.009282,-0.007865,-0.007850,-0.009411,-0.009900,-0.009639,-0.009383,-0.009718,-0.010439,-0.011973,-0.012639,-0.013569,-0.014781,-0.016224,-0.018287,-0.019616,-0.019642,-0.016298,-0.013175,-0.013353,-0.011998,-0.005548,-0.001629,-0.003254,0.003493,0.007808,0.008031,0.011667,0.010902,0.013412,0.015861,0.014646,0.010382,0.005029,0.003309,0.002162,-0.002437,-0.002180,-0.002887,-0.004320,-0.005939,-0.006477,-0.010143,-0.010833,-0.011249,-0.011610,-0.012485,-0.012086,-0.010164,-0.009031,-0.008786,-0.007381,-0.005292,-0.003099,-0.007499,-0.010091,-0.011248,-0.011208,-0.012188,-0.014981,-0.016816,-0.022560,-0.024451,-0.025033,-0.023430,-0.023161,-0.020833,-0.017912,-0.015308,-0.011944,89.911396,89.886937,89.866103,89.863761,89.874246,89.896597,89.891892,89.895940,89.900388,89.886927,89.879518,89.877665,89.885495,89.892820,89.900086,89.913550,89.929374,89.945296,89.952920,89.953078,89.953366,89.965396,89.962905,89.955010,89.954995,89.946974,89.937592,89.936093,89.940431,89.942244,89.942644,89.944039,89.942797,89.942469,89.940745,89.905309,89.882405,89.875442,89.886707,89.887456,89.895820,90.199681,90.429255,90.533952,90.573106,90.561765,90.527320,90.490134,90.433163,90.366071,90.330233,90.324668,90.352049,90.402868,90.425373,90.417644,90.402341,90.386795,90.361607,90.324333,90.263571,90.204103,90.165468,90.192870,90.290760,90.349846,90.270467,90.073461,89.944967,89.923037,89.887804,89.858199,89.838626,89.822910,89.808524,89.804902,89.815453,89.830876,89.836603,89.855929,89.888626,89.906065,89.900852,89.912787,89.943511,89.953662,89.960453,89.966382,89.963606,89.953920,89.940871,89.938209,89.968004,89.964773,89.937785,89.920196,89.901341,89.883009,89.870570,89.887368,89.877024,89.861563,89.828298,89.825179,89.833802,89.836136,89.844070,89.859646,89.880301,89.898449,89.912286,89.921344,89.934614,89.943885,89.967791,89.975029,89.978211,89.975823,89.963461,89.954434,89.951002,89.950812,89.959753,89.975296,90.002238,90.221646,90.013156,90.000117,90.024776,90.227323,90.252913,90.145375,89.981180,89.983570,89.979286,89.988500,89.992904,89.996458,90.005255,90.220869,90.299105,90.257483,90.006006,89.981110,89.996695,90.056287,90.044991,90.077516,90.154610,90.070663,89.987308,89.980306,89.982365,90.192887,90.266595,90.225606,90.003516,90.167849,90.033885,90.142512,90.004952,89.978181,89.990494,89.988106,89.984877,89.971221,89.977837,89.974685,89.964943,89.980998,89.977712,89.988159,90.028503,90.008624,90.007418,90.003742,89.995893,89.992516,89.989111,89.985301,89.982906,89.979560,89.972860,89.967864,89.968756,89.972196,89.973639,89.971955,89.974494,89.982356,89.986683,89.983519,89.978234,89.976012,89.977393,89.977599,89.971790,89.965836,89.963455,89.964235,89.963318,89.957432,89.946368,89.921310,89.916771,89.925513,89.936913,89.958530,89.956005,89.949871,89.951584,89.955531,89.958704,89.956709,89.953344,89.952104,89.934756,89.932649,89.926047,89.914555,89.909583,89.919360,89.912056,89.908460,89.905856,89.909783,89.914073,89.912553,89.913573,89.920827,89.930955,89.943161,89.948132,89.961735,89.953866,89.952061,89.954936,89.959275,89.963881,89.965194,89.973367,89.962950,89.952482,89.935990,89.922006,89.902876,89.899644,89.908349,89.921370,89.926445,0.000648,0.000732,0.000861,0.000875,0.000791,0.000528,0.000548,0.000461,0.000454,0.000648,0.000674,0.000673,0.000679,0.000718,0.000740,0.000732,0.000716,0.000705,0.000722,0.000748,0.000736,0.000585,0.000649,0.000805,0.000827,0.000825,0.000784,0.000758,0.000778,0.000807,0.000815,0.000795,0.000808,0.000803,0.000742,0.001041,0.001149,0.001195,0.001176,0.001154,0.001141,0.001145,0.001164,0.001185,0.001172,0.001109,0.001033,0.000976,0.000932,0.000919,0.000884,0.000848,0.000836,0.000882,0.000936,0.000982,0.001021,0.001054,0.001075,0.001084,0.001114,0.001122,0.001137,0.001140,0.001140,0.001212,0.001204,0.001031,0.000934,0.000910,0.001121,0.001173,0.001099,0.001028,0.001020,0.001018,0.000952,0.000860,0.000917,0.000914,0.000836,0.000891,0.001064,0.001005,0.000806,0.000880,0.000930,0.000933,0.000927,0.000906,0.000917,0.000921,0.000624,0.000710,0.000954,0.000935,0.000925,0.000946,0.000947,0.000604,0.000616,0.000659,0.000966,0.000938,0.000792,0.000745,0.000728,0.000743,0.000718,0.000662,0.000604,0.000620,0.000613,0.000637,0.000412,0.000374,0.000375,0.000367,0.000399,0.000425,0.000444,0.000434,0.000389,0.000369,0.000370,0.000410,0.000458,0.000521,0.000500,0.000704,0.000580,0.000534,0.000672,0.000671,0.000494,0.000461,0.000509,0.000498,0.000446,0.000644,0.000702,0.000517,0.000532,0.000541,0.000500,0.000694,0.000736,0.000796,0.000679,0.000650,0.000603,0.000612,0.000579,0.000371,0.000403,0.000345,0.000419,0.000466,0.000350,0.000404,0.000398,0.000382,0.000383,0.000391,0.000357,0.000415,0.000391,0.000362,0.000365,0.000395,0.000401,0.000293,0.000260,0.000251,0.000256,0.000264,0.000356,0.000403,0.000433,0.000453,0.000467,0.000470,0.000481,0.000488,0.000494,0.000502,0.000497,0.000487,0.000479,0.000466,0.000455,0.000447,0.000441,0.000449,0.000453,0.000433,0.000422,0.000399,0.000371,0.000367,0.000379,0.000354,0.000386,0.000545,0.000536,0.000338,0.000372,0.000290,0.000362,0.000379,0.000341,0.000331,0.000330,0.000327,0.000315,0.000298,0.000515,0.000561,0.000637,0.000698,0.000661,0.000510,0.000597,0.000621,0.000613,0.000570,0.000549,0.000584,0.000593,0.000592,0.000619,0.000608,0.000628,0.000464,0.000569,0.000640,0.000681,0.000675,0.000602,0.000542,0.000370,0.000417,0.000446,0.000512,0.000532,0.000673,0.000679,0.000645,0.000621,0.000605
-0.007460,-0.005872,-0.003943,0.000059,0.003714,0.005777,0.002884,0.004125,0.002607,-0.000962,-0.001878,-0.003081,-0.003793,-0.006460,-0.010492,-0.014825,-0.018707,-0.020416,-0.020946,-0.021187,-0.021373,-0.021970,-0.026510,-0.027722,-0.028645,-0.031710,-0.034227,-0.035692,-0.037618,-0.039061,-0.040479,-0.041245,-0.041529,-0.042977,-0.045092,-0.051860,-0.051364,-0.051723,-0.055565,-0.057860,-0.047626,0.004135,0.035102,0.039275,0.037719,0.033965,0.028923,0.023103,0.016328,0.009635,0.006480,0.003128,0.000336,-0.004191,-0.012837,-0.020735,-0.025305,-0.029356,-0.031214,-0.032853,-0.034375,-0.030666,-0.023741,-0.010579,0.000784,-0.004887,-0.012924,-0.009502,0.016044,0.032030,0.031881,0.029503,0.026793,0.025535,0.023671,0.021090,0.019791,0.020294,0.020234,0.022555,0.024550,0.021290,0.022414,0.026873,0.029254,0.026810,0.029809,0.032368,0.033250,0.034445,0.035132,0.037086,0.040926,0.036043,0.032707,0.033251,0.030209,0.027930,0.025918,0.028643,0.023156,0.020976,0.016418,0.020282,0.024143,0.021788,0.020742,0.021032,0.022617,0.021489,0.018278,0.016282,0.017262,0.019110,0.020523,0.015459,0.012923,0.014002,0.013847,0.013077,0.012523,0.012684,0.013075,0.011424,0.011372,0.038820,-0.013766,0.014687,0.015254,0.048278,0.020702,0.005399,-0.000205,0.012528,0.016592,0.012638,0.009591,0.009780,0.009443,0.034847,0.027466,0.007185,-0.035525,-0.008816,-0.005783,0.000038,-0.003497,0.008678,0.022443,0.011061,0.012519,0.024595,0.025703,0.053874,0.017620,-0.002440,-0.031402,0.014803,-0.025511,0.009307,-0.019406,-0.008910,-0.008992,-0.006051,-0.007101,-0.008479,-0.007131,-0.005511,-0.004836,-0.001279,-0.002428,-0.002322,-0.002801,-0.003456,-0.003258,-0.003248,-0.005660,-0.006625,-0.009009,-0.009862,-0.009418,-0.008405,-0.009116,-0.011242,-0.011003,-0.009568,-0.008869,-0.008945,-0.010421,-0.011495,-0.012935,-0.014106,-0.014235,-0.014603,-0.017359,-0.019572,-0.019072,-0.016054,-0.013442,-0.013560,-0.011951,-0.006616,-0.001460,-0.002527,0.004543,0.005653,0.008188,0.010761,0.011257,0.013856,0.015517,0.014440,0.010178,0.005138,0.003695,0.003258,-0.000176,-0.000948,-0.003813,-0.005833,-0.005220,-0.004573,-0.009841,-0.012453,-0.012271,-0.011979,-0.012969,-0.012697,-0.009799,-0.008420,-0.008768,-0.007750,-0.006396,-0.002535,-0.006185,-0.008966,-0.011116,-0.010531,-0.011715,-0.015986,-0.018787,-0.022288,-0.023272,-0.024720,-0.024209,-0.023241,-0.020066,-0.018269,-0.015373,-0.010671,89.904468,89.877977,89.855606,89.854401,89.874641,89.903349,89.896459,89.894523,89.893478,89.881584,89.879096,89.876763,89.878290,89.887095,89.901891,89.912977,89.917603,89.926252,89.938966,89.946305,89.947637,89.955301,89.949303,89.948974,89.953970,89.952955,89.947319,89.947058,89.952612,89.954948,89.952130,89.949755,89.946779,89.949391,89.948132,89.908060,89.881100,89.872702,89.884507,89.893634,89.905227,90.192397,90.445601,90.556086,90.586306,90.565495,90.522320,90.485111,90.437782,90.371633,90.323145,90.326474,90.366662,90.409017,90.423459,90.420595,90.408398,90.391975,90.368644,90.328416,90.257511,90.202466,90.170670,90.196458,90.296140,90.349525,90.277237,90.068717,89.939847,89.908773,89.876923,89.849271,89.831177,89.817132,89.800510,89.792595,89.803696,89.822805,89.826887,89.844551,89.884343,89.908311,89.912157,89.923762,89.951429,89.950272,89.949854,89.948194,89.944554,89.940509,89.939305,89.949451,89.977073,89.964692,89.936545,89.927375,89.913872,89.905845,89.896639,89.913851,89.895629,89.876668,89.840841,89.828668,89.836262,89.835689,89.846823,89.865778,89.888899,89.905654,89.913621,89.918899,89.932909,89.949762,89.973835,89.976037,89.972197,89.972511,89.970738,89.967396,89.964185,89.967036,89.974476,89.982211,90.005472,90.214525,90.012766,90.002230,90.028625,90.235920,90.253274,90.140943,89.997650,89.967607,89.984102,89.993322,89.995375,89.993485,89.987230,90.199497,90.296340,90.269513,90.001884,89.978699,90.007320,90.054948,90.057210,90.083691,90.145595,90.069641,90.007231,89.981278,89.987694,90.211439,90.268968,90.223091,90.013158,90.168245,90.050394,90.146787,90.011484,89.982245,89.983860,89.989448,89.990769,89.972040,89.967570,89.961469,89.962030,89.981982,89.983836,89.992732,89.999367,90.008981,90.007835,90.002144,89.990262,89.985378,89.985987,89.989805,89.992720,89.991184,89.982976,89.973382,89.970180,89.973339,89.976586,89.980276,89.987080,89.990961,89.985373,89.978432,89.978390,89.982238,89.983833,89.977786,89.967893,89.959014,89.957108,89.962324,89.966875,89.963819,89.952596,89.923344,89.921377,89.925330,89.935318,89.953452,89.961381,89.962189,89.955765,89.947302,89.946277,89.949968,89.952647,89.951713,89.934387,89.931890,89.925970,89.912696,89.904645,89.910017,89.904333,89.904535,89.906075,89.911192,89.915340,89.915242,89.918769,89.924068,89.930789,89.942619,89.947619,89.960398,89.950447,89.948616,89.953419,89.958987,89.964949,89.969580,89.981490,89.973015,89.960718,89.941893,89.923689,89.903744,89.903593,89.911483,89.919614,89.920848,0.000624,0.000711,0.000833,0.000852,0.000733,0.000482,0.000523,0.000445,0.000444,0.000625,0.000663,0.000671,0.000680,0.000718,0.000764,0.000796,0.000806,0.000792,0.000766,0.000735,0.000695,0.000565,0.000663,0.000768,0.000844,0.000895,0.000894,0.000857,0.000846,0.000843,0.000855,0.000848,0.000889,0.000855,0.000754,0.001036,0.001114,0.001132,0.001147,0.001139,0.001093,0.001078,0.001110,0.001150,0.001160,0.001121,0.001050,0.000979,0.000909,0.000848,0.000805,0.000803,0.000841,0.000894,0.000955,0.001014,0.001052,0.001077,0.001085,0.001077,0.001086,0.001117,0.001159,0.001151,0.001086,0.001104,0.001124,0.001049,0.000931,0.000942,0.001042,0.001095,0.001097,0.001088,0.001115,0.001131,0.001055,0.000907,0.000919,0.000909,0.000807,0.000897,0.001081,0.001048,0.000825,0.000912,0.000910,0.000912,0.000930,0.000928,0.000910,0.000841,0.000544,0.000639,0.000858,0.000831,0.000900,0.000914,0.000924,0.000563,0.000639,0.000691,0.000978,0.000973,0.000753,0.000732,0.000705,0.000712,0.000680,0.000635,0.000614,0.000642,0.000633,0.000614,0.000407,0.000351,0.000342,0.000326,0.000358,0.000387,0.000407,0.000403,0.000374,0.000376,0.000391,0.000440,0.000501,0.000554,0.000576,0.000736,0.000591,0.000550,0.000612,0.000557,0.000472,0.000437,0.000491,0.000495,0.000452,0.000731,0.000737,0.000524,0.000554,0.000541,0.000383,0.000664,0.000734,0.000804,0.000673,0.000678,0.000605,0.000544,0.000498,0.000458,0.000453,0.000342,0.000371,0.000413,0.000338,0.000257,0.000363,0.000292,0.000374,0.000369,0.000368,0.000404,0.000411,0.000387,0.000393,0.000416,0.000403,0.000289,0.000264,0.000259,0.000262,0.000267,0.000356,0.000391,0.000418,0.000438,0.000455,0.000468,0.000487,0.000497,0.000499,0.000497,0.000487,0.000471,0.000465,0.000459,0.000436,0.000414,0.000401,0.000396,0.000390,0.000414,0.000426,0.000424,0.000414,0.000410,0.000406,0.000369,0.000377,0.000643,0.000501,0.000357,0.000287,0.000258,0.000366,0.000392,0.000351,0.000356,0.000368,0.000352,0.000323,0.000305,0.000497,0.000524,0.000587,0.000666,0.000653,0.000510,0.000554,0.000573,0.000600,0.000605,0.000613,0.000645,0.000635,0.000648,0.000701,0.000689,0.000682,0.000473,0.000556,0.000629,0.000670,0.000669,0.000621,0.000564,0.000366,0.000407,0.000445,0.000514,0.000554,0.000697,0.000692,0.000642,0.000607,0.000582
-0.009532,-0.006042,-0.002119,0.001510,0.004827,0.005940,0.002061,0.001450,0.000821,-0.000433,-0.000007,-0.002308,-0.004889,-0.008167,-0.010553,-0.013705,-0.016724,-0.019389,-0.020838,-0.022230,-0.022772,-0.022313,-0.025684,-0.027207,-0.029691,-0.032475,-0.033359,-0.034417,-0.037220,-0.038932,-0.039962,-0.041000,-0.041650,-0.042591,-0.045081,-0.052706,-0.053083,-0.052491,-0.055717,-0.058006,-0.044063,0.005472,0.033521,0.038018,0.037352,0.033508,0.029630,0.024453,0.016604,0.010867,0.007902,0.002274,-0.000911,-0.004308,-0.012136,-0.018852,-0.023737,-0.028628,-0.031019,-0.032072,-0.031177,-0.029927,-0.023946,-0.011595,-0.000577,-0.004689,-0.012618,-0.010511,0.016437,0.034208,0.031454,0.029647,0.027937,0.025477,0.023128,0.021991,0.021815,0.021367,0.020637,0.022640,0.022827,0.019621,0.021998,0.027036,0.027740,0.026129,0.029956,0.033373,0.033124,0.034061,0.035488,0.037336,0.040796,0.033805,0.031620,0.033287,0.032335,0.029322,0.026454,0.027718,0.023127,0.021548,0.017425,0.020293,0.021608,0.020555,0.020737,0.021461,0.023142,0.022630,0.019977,0.017314,0.016480,0.017643,0.018720,0.014265,0.012653,0.013264,0.013174,0.012416,0.011984,0.012038,0.012017,0.010025,0.012382,0.039126,-0.012706,0.015011,0.017022,0.048175,0.020010,0.005681,-0.001041,0.013748,0.016038,0.012273,0.009378,0.008486,0.008163,0.032519,0.027419,0.007270,-0.038102,-0.008952,-0.006136,0.001420,-0.002999,0.008557,0.024519,0.009972,0.012481,0.023449,0.025014,0.054096,0.019110,-0.001890,-0.029465,0.015302,-0.023552,0.008828,-0.021325,-0.007159,-0.007364,-0.008320,-0.005824,-0.006435,-0.006535,-0.007815,-0.005707,-0.002916,-0.000873,-0.000319,-0.002405,-0.004871,-0.002897,-0.003541,-0.005535,-0.006149,-0.007394,-0.008556,-0.009086,-0.008234,-0.008604,-0.010399,-0.010944,-0.009694,-0.008240,-0.008313,-0.009921,-0.011565,-0.012931,-0.014273,-0.015429,-0.016802,-0.018589,-0.019248,-0.018199,-0.016119,-0.014844,-0.012693,-0.009433,-0.006674,-0.003512,-0.001842,0.005391,0.007462,0.009631,0.010957,0.010301,0.013143,0.015663,0.013060,0.008355,0.006090,0.005057,0.002724,-0.001715,-0.001502,-0.002854,-0.004882,-0.006061,-0.005626,-0.010201,-0.011725,-0.012293,-0.011066,-0.011609,-0.011758,-0.009107,-0.007737,-0.007850,-0.008134,-0.007458,-0.004081,-0.007554,-0.009473,-0.011461,-0.011227,-0.012815,-0.016605,-0.018901,-0.022139,-0.022789,-0.023717,-0.022959,-0.022972,-0.020300,-0.017474,-0.015272,-0.012593,89.904410,89.885537,89.867479,89.862298,89.874398,89.897168,89.893972,89.893974,89.890043,89.874599,89.877917,89.881504,89.881175,89.884145,89.896908,89.912921,89.927047,89.940093,89.946761,89.944068,89.943421,89.958314,89.959141,89.958840,89.953096,89.940516,89.936370,89.944384,89.954102,89.957383,89.956133,89.953568,89.945091,89.939344,89.941371,89.914130,89.890200,89.879534,89.892322,89.891584,89.902580,90.201133,90.435803,90.537200,90.573644,90.556812,90.523728,90.502609,90.447463,90.367395,90.331316,90.338482,90.362488,90.390254,90.403128,90.406312,90.411856,90.405548,90.379856,90.336748,90.276588,90.210276,90.164993,90.191325,90.292298,90.350728,90.272399,90.079016,89.932737,89.908161,89.884471,89.859974,89.843486,89.834438,89.826942,89.821454,89.827793,89.841143,89.845122,89.860194,89.888983,89.905531,89.905106,89.913618,89.939183,89.949669,89.956929,89.958255,89.952661,89.945787,89.939705,89.942546,89.972504,89.963145,89.941257,89.926568,89.912883,89.900235,89.887893,89.901085,89.890304,89.876563,89.845911,89.837770,89.836869,89.835253,89.844988,89.861410,89.882806,89.899107,89.908291,89.916188,89.926477,89.937911,89.962103,89.969744,89.969638,89.967642,89.961564,89.955302,89.952889,89.957488,89.972437,89.979275,90.000958,90.222229,90.023843,90.003582,90.022647,90.253185,90.258957,90.144609,89.987634,89.963404,89.981049,89.997427,90.006843,90.006979,89.998813,90.185677,90.287967,90.259098,90.007049,89.966690,90.006618,90.043978,90.051615,90.082169,90.156693,90.069059,90.000067,89.979822,89.986161,90.200983,90.261923,90.211720,89.997770,90.147980,90.033851,90.145739,90.011036,89.988427,89.994881,89.998324,89.987686,89.976730,89.971865,89.968345,89.973773,89.982460,89.979068,89.991172,90.021319,90.012945,90.018684,90.017493,90.005593,89.998580,89.992011,89.982782,89.974812,89.972416,89.971492,89.970691,89.971087,89.970626,89.972242,89.980691,89.994238,90.002980,89.999125,89.987891,89.981652,89.982190,89.985039,89.982813,89.975110,89.966754,89.962816,89.961662,89.957610,89.949473,89.942459,89.915858,89.912357,89.923494,89.946225,89.964779,89.959576,89.950020,89.947295,89.950934,89.956636,89.957461,89.952275,89.946891,89.934160,89.939913,89.935864,89.918536,89.906098,89.910193,89.899970,89.894731,89.895370,89.908723,89.920503,89.922022,89.924025,89.930214,89.938095,89.946795,89.947942,89.960494,89.952340,89.951738,89.955143,89.958305,89.963944,89.965032,89.971634,89.960959,89.951703,89.940997,89.932192,89.909482,89.895300,89.894662,89.905265,89.913175,0.000609,0.000702,0.000829,0.000876,0.000761,0.000494,0.000502,0.000430,0.000411,0.000605,0.000650,0.000662,0.000660,0.000677,0.000709,0.000755,0.000778,0.000747,0.000705,0.000677,0.000644,0.000533,0.000693,0.000827,0.000863,0.000862,0.000834,0.000822,0.000859,0.000874,0.000860,0.000820,0.000823,0.000800,0.000685,0.000920,0.001041,0.001111,0.001120,0.001113,0.001094,0.001093,0.001130,0.001161,0.001153,0.001092,0.001031,0.000995,0.000943,0.000882,0.000834,0.000827,0.000865,0.000928,0.000990,0.001046,0.001102,0.001147,0.001171,0.001179,0.001171,0.001182,0.001185,0.001154,0.001114,0.001138,0.001101,0.000890,0.000900,0.000910,0.001015,0.001102,0.001132,0.001142,0.001161,0.001151,0.001036,0.000882,0.000881,0.000834,0.000744,0.000828,0.000970,0.000928,0.000763,0.000853,0.000913,0.000924,0.000919,0.000896,0.000895,0.000886,0.000605,0.000731,0.000894,0.000873,0.000871,0.000886,0.000905,0.000603,0.000615,0.000642,0.000903,0.000881,0.000788,0.000766,0.000715,0.000701,0.000659,0.000630,0.000625,0.000613,0.000608,0.000606,0.000403,0.000336,0.000325,0.000324,0.000361,0.000402,0.000437,0.000452,0.000420,0.000406,0.000415,0.000462,0.000477,0.000531,0.000572,0.000712,0.000577,0.000443,0.000551,0.000603,0.000503,0.000479,0.000523,0.000482,0.000421,0.000827,0.000626,0.000535,0.000578,0.000592,0.000533,0.000689,0.000746,0.000773,0.000605,0.000606,0.000518,0.000553,0.000518,0.000412,0.000423,0.000344,0.000402,0.000421,0.000329,0.000390,0.000338,0.000399,0.000358,0.000371,0.000393,0.000401,0.000378,0.000349,0.000351,0.000380,0.000392,0.000296,0.000275,0.000273,0.000279,0.000284,0.000380,0.000414,0.000426,0.000429,0.000445,0.000471,0.000517,0.000538,0.000516,0.000482,0.000454,0.000442,0.000452,0.000453,0.000440,0.000438,0.000438,0.000421,0.000398,0.000403,0.000408,0.000399,0.000377,0.000362,0.000363,0.000351,0.000313,0.000552,0.000502,0.000335,0.000267,0.000261,0.000378,0.000388,0.000341,0.000338,0.000348,0.000352,0.000337,0.000303,0.000488,0.000509,0.000580,0.000666,0.000659,0.000520,0.000601,0.000620,0.000631,0.000606,0.000599,0.000627,0.000622,0.000635,0.000690,0.000681,0.000680,0.000483,0.000582,0.000639,0.000662,0.000665,0.000608,0.000566,0.000400,0.000446,0.000471,0.000519,0.000516,0.000635,0.000649,0.000627,0.000603,0.000574
-0.007709,-0.005920,-0.004016,-0.000421,0.004032,0.006559,0.002210,0.002148,0.001039,-0.000748,-0.000949,-0.002495,-0.004038,-0.007730,-0.011200,-0.014925,-0.018004,-0.019982,-0.021692,-0.023635,-0.024074,-0.022683,-0.025739,-0.026854,-0.028876,-0.031263,-0.032891,-0.035097,-0.038368,-0.039653,-0.039811,-0.040411,-0.041839,-0.043605,-0.045468,-0.053239,-0.052048,-0.051484,-0.054924,-0.058386,-0.046514,0.004966,0.034622,0.039032,0.036720,0.032166,0.027838,0.023080,0.016381,0.010795,0.007981,0.003580,0.000376,-0.003697,-0.012449,-0.020005,-0.024818,-0.028378,-0.030101,-0.031936,-0.032701,-0.031120,-0.024444,-0.010507,0.000935,-0.003882,-0.012092,-0.011141,0.016749,0.032595,0.030679,0.030478,0.029611,0.027682,0.024308,0.022460,0.021262,0.020938,0.018293,0.020811,0.024407,0.022297,0.023782,0.027452,0.028307,0.026446,0.029143,0.032037,0.033611,0.034257,0.036296,0.037862,0.041083,0.036788,0.032742,0.033050,0.030483,0.027862,0.026318,0.029712,0.023481,0.021200,0.017742,0.020924,0.022460,0.021424,0.022037,0.021715,0.022464,0.021419,0.019519,0.017741,0.018297,0.020425,0.021230,0.016263,0.015014,0.015512,0.014462,0.012423,0.011704,0.012091,0.012404,0.012549,0.011638,0.039165,-0.014072,0.015284,0.015713,0.046873,0.020671,0.004309,-0.002140,0.014513,0.015691,0.012737,0.008842,0.007134,0.008928,0.033862,0.026136,0.008355,-0.036010,-0.007809,-0.006679,-0.001099,-0.004068,0.009438,0.021693,0.010586,0.009603,0.022024,0.023909,0.052555,0.018286,-0.002369,-0.030745,0.014957,-0.024401,0.009103,-0.019277,-0.009821,-0.008169,-0.006315,-0.007657,-0.006412,-0.007672,-0.006896,-0.004782,-0.003306,-0.001715,0.000358,-0.002703,-0.001509,-0.001076,-0.003560,-0.006316,-0.006465,-0.007669,-0.008237,-0.007935,-0.007799,-0.008429,-0.010007,-0.010300,-0.009682,-0.009001,-0.008656,-0.010361,-0.012549,-0.013115,-0.013132,-0.014409,-0.016564,-0.017659,-0.018180,-0.018186,-0.016017,-0.013029,-0.012459,-0.009938,-0.007695,-0.004404,-0.002484,0.003206,0.007139,0.008320,0.010207,0.010452,0.013321,0.016640,0.014870,0.009311,0.005805,0.004795,0.003418,-0.001300,-0.001463,-0.003589,-0.006045,-0.006936,-0.005968,-0.010196,-0.012050,-0.011869,-0.010858,-0.011641,-0.011192,-0.008711,-0.007825,-0.008294,-0.007286,-0.005841,-0.003304,-0.007160,-0.008922,-0.011222,-0.011938,-0.012789,-0.015358,-0.018104,-0.022162,-0.023059,-0.023566,-0.023131,-0.021960,-0.018616,-0.016891,-0.015480,-0.011842,89.911703,89.890463,89.870377,89.865525,89.876576,89.901073,89.894056,89.893545,89.894997,89.885793,89.885507,89.880241,89.876070,89.877457,89.888593,89.903185,89.913711,89.922504,89.931281,89.941205,89.954060,89.970027,89.958980,89.948302,89.944581,89.939023,89.939173,89.947474,89.955968,89.954401,89.951218,89.953721,89.951001,89.943373,89.936347,89.896523,89.881401,89.877946,89.888196,89.888990,89.896772,90.208027,90.440604,90.536994,90.573260,90.564436,90.528700,90.491981,90.437375,90.367796,90.327092,90.328819,90.359814,90.403145,90.420425,90.418920,90.408622,90.391879,90.360955,90.317983,90.262631,90.206376,90.164684,90.196541,90.295515,90.346306,90.280493,90.069671,89.941083,89.916103,89.882462,89.857238,89.843119,89.834854,89.825278,89.815362,89.813752,89.832240,89.845709,89.865340,89.896902,89.913870,89.914521,89.917376,89.934637,89.944875,89.954046,89.955968,89.954072,89.955257,89.958659,89.963511,89.977530,89.959998,89.931696,89.925425,89.910280,89.891012,89.875456,89.895009,89.885144,89.873793,89.844677,89.837547,89.841382,89.841649,89.848620,89.859104,89.876705,89.893853,89.905211,89.911407,89.922911,89.940947,89.969510,89.974300,89.970357,89.967906,89.961560,89.955023,89.952159,89.956467,89.966448,89.982859,89.995271,90.198678,90.019770,90.009951,90.041083,90.229587,90.245683,90.134369,89.989665,89.956100,89.975834,89.982447,89.990514,89.998026,90.006731,90.200690,90.297262,90.272626,90.007279,89.968396,89.999452,90.059674,90.047264,90.085627,90.147573,90.062891,89.985551,89.993545,89.991753,90.200498,90.264436,90.213848,90.012958,90.155437,90.052415,90.116345,90.018084,89.985437,89.989914,89.994310,89.973073,89.964069,89.965550,89.977550,89.973349,89.974903,89.973142,89.988996,90.013205,90.009724,90.013643,90.008812,89.993789,89.986632,89.985579,89.983818,89.977772,89.971931,89.968043,89.968437,89.973255,89.979363,89.983562,89.986681,89.990264,89.990521,89.983996,89.976489,89.975269,89.980378,89.988450,89.990326,89.978735,89.966375,89.966533,89.971042,89.966536,89.956399,89.948364,89.926977,89.913939,89.927200,89.939444,89.954929,89.956769,89.952369,89.950363,89.948694,89.953469,89.958663,89.956149,89.949517,89.930431,89.929736,89.924005,89.911432,89.905733,89.917846,89.915364,89.912034,89.906608,89.909177,89.915510,89.918516,89.923178,89.928998,89.935324,89.943563,89.946158,89.958907,89.954297,89.955221,89.960416,89.963521,89.963218,89.959807,89.967916,89.966704,89.963778,89.947099,89.920305,89.893202,89.892430,89.905195,89.917042,89.922790,0.000629,0.000708,0.000807,0.000823,0.000728,0.000464,0.000505,0.000419,0.000406,0.000584,0.000633,0.000660,0.000669,0.000682,0.000676,0.000675,0.000697,0.000707,0.000705,0.000687,0.000634,0.000492,0.000612,0.000717,0.000742,0.000762,0.000751,0.000734,0.000756,0.000793,0.000815,0.000801,0.000833,0.000832,0.000714,0.001042,0.001123,0.001136,0.001118,0.001131,0.001127,0.001129,0.001134,0.001127,0.001099,0.001048,0.000992,0.000944,0.000898,0.000874,0.000860,0.000849,0.000849,0.000875,0.000919,0.000970,0.001016,0.001066,0.001108,0.001128,0.001124,0.001124,0.001131,0.001127,0.001126,0.001191,0.001190,0.001065,0.000892,0.000821,0.000975,0.001046,0.001065,0.001073,0.001083,0.001054,0.000975,0.000803,0.000814,0.000814,0.000748,0.000845,0.000951,0.000892,0.000742,0.000820,0.000866,0.000865,0.000853,0.000820,0.000804,0.000770,0.000555,0.000666,0.000885,0.000786,0.000778,0.000826,0.000904,0.000580,0.000626,0.000647,0.000906,0.000896,0.000759,0.000702,0.000654,0.000686,0.000691,0.000671,0.000637,0.000628,0.000601,0.000573,0.000367,0.000311,0.000304,0.000297,0.000333,0.000375,0.000412,0.000421,0.000391,0.000382,0.000393,0.000379,0.000442,0.000512,0.000524,0.000681,0.000548,0.000513,0.000606,0.000568,0.000451,0.000444,0.000500,0.000488,0.000418,0.000776,0.000715,0.000448,0.000485,0.000503,0.000494,0.000747,0.000801,0.000826,0.000652,0.000657,0.000605,0.000553,0.000520,0.000393,0.000364,0.000294,0.000330,0.000398,0.000360,0.000305,0.000307,0.000273,0.000326,0.000339,0.000347,0.000365,0.000368,0.000350,0.000345,0.000355,0.000339,0.000239,0.000217,0.000225,0.000249,0.000266,0.000356,0.000383,0.000391,0.000394,0.000403,0.000412,0.000419,0.000419,0.000419,0.000420,0.000418,0.000407,0.000392,0.000388,0.000389,0.000387,0.000385,0.000383,0.000375,0.000348,0.000348,0.000355,0.000363,0.000369,0.000362,0.000327,0.000326,0.000488,0.000470,0.000239,0.000257,0.000280,0.000395,0.000415,0.000347,0.000324,0.000320,0.000312,0.000298,0.000278,0.000470,0.000511,0.000585,0.000656,0.000630,0.000488,0.000575,0.000595,0.000585,0.000554,0.000569,0.000619,0.000612,0.000609,0.000644,0.000626,0.000608,0.000422,0.000505,0.000584,0.000630,0.000626,0.000569,0.000521,0.000352,0.000380,0.000402,0.000451,0.000494,0.000649,0.000663,0.000625,0.000601,0.000588
-0.008590,-0.005943,-0.003389,-0.000717,0.003294,0.006507,0.002989,0.003381,0.002337,-0.000006,-0.000960,-0.003260,-0.004810,-0.007593,-0.011473,-0.014912,-0.017769,-0.020289,-0.022256,-0.023206,-0.023311,-0.022907,-0.027033,-0.027820,-0.028495,-0.031142,-0.033131,-0.035292,-0.038042,-0.039059,-0.039942,-0.041152,-0.041569,-0.042858,-0.044731,-0.052407,-0.051400,-0.052509,-0.055868,-0.058695,-0.048644,0.004028,0.034469,0.039252,0.038154,0.033954,0.028956,0.023098,0.016761,0.011061,0.007998,0.002300,-0.000899,-0.004822,-0.012331,-0.019703,-0.024286,-0.027430,-0.029814,-0.032021,-0.032979,-0.031176,-0.024109,-0.011404,0.000496,-0.003369,-0.010166,-0.010570,0.014455,0.032898,0.030667,0.029952,0.027899,0.026223,0.023958,0.023080,0.022562,0.021798,0.019336,0.022089,0.024541,0.021237,0.024251,0.028461,0.028910,0.025675,0.029153,0.032430,0.033134,0.035003,0.035841,0.036303,0.040478,0.036325,0.031942,0.033676,0.031940,0.029220,0.025084,0.027668,0.023441,0.020644,0.015913,0.021011,0.024493,0.022225,0.021473,0.021749,0.021881,0.020642,0.020027,0.018694,0.018030,0.017874,0.018952,0.015958,0.013915,0.013397,0.013234,0.013091,0.012495,0.012532,0.013392,0.011062,0.012886,0.037868,-0.015252,0.016107,0.015740,0.048009,0.019319,0.003825,-0.000835,0.012665,0.015216,0.013285,0.009406,0.008507,0.010266,0.033998,0.026842,0.009059,-0.034763,-0.009410,-0.008283,-0.001014,-0.003977,0.008873,0.021843,0.011206,0.013528,0.023000,0.023920,0.052870,0.018686,-0.001730,-0.030106,0.015878,-0.024605,0.007763,-0.021604,-0.008632,-0.007914,-0.007638,-0.008190,-0.009089,-0.006131,-0.008297,-0.004306,-0.001485,-0.002004,-0.002872,-0.002630,-0.003355,-0.002462,-0.003634,-0.006892,-0.007602,-0.007842,-0.008319,-0.008547,-0.007537,-0.007997,-0.009833,-0.010564,-0.010476,-0.009855,-0.009178,-0.010376,-0.012676,-0.014186,-0.013981,-0.013909,-0.015455,-0.017059,-0.018252,-0.017532,-0.015987,-0.013680,-0.012650,-0.011053,-0.006563,-0.002213,-0.002890,0.002150,0.004240,0.010112,0.011929,0.010792,0.012274,0.014999,0.013231,0.009596,0.005363,0.003814,0.002706,-0.001171,-0.001553,-0.002711,-0.004313,-0.005535,-0.005939,-0.009618,-0.011586,-0.012624,-0.012011,-0.012300,-0.011734,-0.009051,-0.007468,-0.007388,-0.007180,-0.005743,-0.003057,-0.006650,-0.009467,-0.011022,-0.011547,-0.012796,-0.015771,-0.017685,-0.021954,-0.023612,-0.024513,-0.023996,-0.023767,-0.021228,-0.017671,-0.014891,-0.011544,89.909853,89.889439,89.869270,89.862068,89.869181,89.888443,89.879009,89.884097,89.890938,89.882238,89.881069,89.883627,89.892036,89.902559,89.911688,89.919186,89.924906,89.932665,89.940835,89.948639,89.956291,89.970729,89.961771,89.949825,89.949164,89.948079,89.950141,89.957802,89.966037,89.965414,89.958074,89.955319,89.954618,89.952257,89.948175,89.901200,89.881941,89.880528,89.890115,89.886220,89.903441,90.208967,90.444893,90.544583,90.571870,90.554379,90.525500,90.494264,90.433633,90.349893,90.313575,90.317201,90.345653,90.382421,90.408308,90.420479,90.420601,90.402181,90.366754,90.321431,90.264243,90.208360,90.172309,90.193804,90.290847,90.338445,90.278395,90.063213,89.944175,89.921291,89.889594,89.865265,89.842383,89.824064,89.812776,89.812077,89.823929,89.845235,89.845461,89.850205,89.877269,89.898888,89.905331,89.914815,89.939370,89.947732,89.955170,89.956685,89.949805,89.948826,89.952528,89.957184,89.976984,89.961495,89.928853,89.926365,89.917195,89.901908,89.881085,89.889560,89.877379,89.867240,89.838562,89.832423,89.838246,89.838705,89.846393,89.856953,89.871561,89.886435,89.903059,89.912400,89.921389,89.929839,89.957842,89.968907,89.968737,89.964336,89.958920,89.957674,89.955961,89.958890,89.973627,89.981490,90.010079,90.226085,90.022223,89.997226,90.036595,90.249651,90.257024,90.137914,89.987695,89.968455,89.977877,89.981570,89.984564,89.991971,90.006708,90.200178,90.301053,90.280402,90.003163,89.964433,89.991029,90.050961,90.047822,90.079985,90.144217,90.056164,89.978985,89.977500,89.976153,90.191326,90.262054,90.205356,90.006600,90.147447,90.040580,90.139253,90.009620,89.979357,89.989104,89.976806,89.973133,89.981853,89.978428,89.963981,89.981023,89.984320,89.981883,89.988154,90.021461,90.002905,90.005888,90.003537,89.995517,89.995484,89.995794,89.988402,89.977301,89.971480,89.965886,89.959276,89.960275,89.969709,89.977888,89.979871,89.982426,89.987698,89.986931,89.981204,89.978763,89.979918,89.986689,89.986972,89.979695,89.971849,89.964846,89.959813,89.958509,89.954633,89.945989,89.923940,89.919668,89.922277,89.943688,89.961541,89.964001,89.965274,89.965118,89.958571,89.951777,89.950219,89.951459,89.949667,89.930839,89.928561,89.925174,89.914765,89.906860,89.911830,89.905656,89.902493,89.899298,89.903566,89.909255,89.909848,89.910697,89.914879,89.925640,89.942991,89.954398,89.968502,89.957321,89.948534,89.947464,89.952555,89.960239,89.964031,89.976303,89.968642,89.955731,89.937735,89.926026,89.912832,89.907830,89.909019,89.914233,89.919371,0.000653,0.000754,0.000881,0.000908,0.000787,0.000480,0.000510,0.000413,0.000424,0.000636,0.000711,0.000721,0.000720,0.000753,0.000776,0.000766,0.000749,0.000734,0.000723,0.000701,0.000675,0.000536,0.000657,0.000821,0.000863,0.000893,0.000875,0.000854,0.000872,0.000892,0.000888,0.000847,0.000831,0.000818,0.000694,0.001032,0.001087,0.001093,0.001105,0.001131,0.001142,0.001168,0.001196,0.001190,0.001141,0.001062,0.000995,0.000954,0.000915,0.000882,0.000861,0.000862,0.000887,0.000934,0.000989,0.001040,0.001076,0.001099,0.001120,0.001141,0.001168,0.001213,0.001243,0.001220,0.001138,0.001140,0.001143,0.001120,0.001009,0.000984,0.001143,0.001176,0.001189,0.001181,0.001174,0.001145,0.001055,0.000879,0.000925,0.000930,0.000837,0.000934,0.001084,0.001047,0.000824,0.000916,0.000999,0.001049,0.001078,0.001027,0.000964,0.000882,0.000567,0.000688,0.001028,0.000919,0.000869,0.000866,0.000940,0.000646,0.000666,0.000696,0.000988,0.000965,0.000794,0.000755,0.000717,0.000734,0.000734,0.000713,0.000652,0.000662,0.000645,0.000655,0.000430,0.000368,0.000353,0.000346,0.000389,0.000436,0.000492,0.000501,0.000438,0.000396,0.000386,0.000380,0.000451,0.000535,0.000617,0.000759,0.000665,0.000605,0.000656,0.000683,0.000501,0.000475,0.000526,0.000499,0.000429,0.000717,0.000621,0.000550,0.000572,0.000584,0.000517,0.000706,0.000769,0.000806,0.000667,0.000650,0.000636,0.000636,0.000613,0.000373,0.000413,0.000357,0.000426,0.000406,0.000316,0.000372,0.000389,0.000322,0.000385,0.000381,0.000382,0.000394,0.000388,0.000359,0.000336,0.000353,0.000361,0.000275,0.000267,0.000266,0.000262,0.000262,0.000358,0.000413,0.000450,0.000464,0.000469,0.000472,0.000493,0.000506,0.000498,0.000489,0.000492,0.000509,0.000512,0.000481,0.000444,0.000424,0.000421,0.000453,0.000427,0.000416,0.000429,0.000418,0.000394,0.000379,0.000367,0.000332,0.000318,0.000608,0.000435,0.000357,0.000311,0.000306,0.000388,0.000405,0.000358,0.000349,0.000355,0.000344,0.000323,0.000305,0.000504,0.000543,0.000621,0.000679,0.000631,0.000477,0.000548,0.000575,0.000586,0.000556,0.000543,0.000563,0.000559,0.000581,0.000625,0.000613,0.000620,0.000462,0.000555,0.000629,0.000663,0.000658,0.000597,0.000558,0.000385,0.000440,0.000462,0.000501,0.000500,0.000611,0.000626,0.000589,0.000584,0.000594
-0.009476,-0.007512,-0.003788,0.000192,0.003452,0.004919,0.001089,0.002551,0.001605,-0.001422,-0.001862,-0.003299,-0.004117,-0.007239,-0.012030,-0.015915,-0.018468,-0.019938,-0.021745,-0.023240,-0.023503,-0.022877,-0.026812,-0.026572,-0.027596,-0.031066,-0.033341,-0.034199,-0.036437,-0.038806,-0.040554,-0.041903,-0.043034,-0.044098,-0.046031,-0.052546,-0.051463,-0.053132,-0.056464,-0.058239,-0.046563,0.003635,0.034435,0.039079,0.038160,0.034764,0.030135,0.023288,0.016283,0.010296,0.006986,0.002466,-0.000512,-0.005140,-0.013795,-0.020492,-0.023577,-0.026983,-0.028503,-0.030606,-0.032348,-0.030263,-0.024050,-0.010494,-0.000004,-0.003966,-0.011941,-0.011480,0.013530,0.032139,0.030496,0.031203,0.028843,0.024958,0.021593,0.020290,0.020275,0.020312,0.019509,0.021842,0.022785,0.020706,0.022829,0.026979,0.027783,0.025894,0.029020,0.031772,0.033596,0.035414,0.036219,0.036863,0.040881,0.035805,0.032248,0.034173,0.032739,0.029257,0.025822,0.028651,0.023805,0.021164,0.016761,0.021544,0.023881,0.021502,0.020284,0.020076,0.021208,0.021490,0.020138,0.018465,0.018485,0.018669,0.020447,0.015838,0.013484,0.013672,0.014448,0.013790,0.012805,0.012504,0.012699,0.011333,0.012580,0.038544,-0.015289,0.015900,0.016708,0.049033,0.019140,0.004706,-0.000376,0.012381,0.016477,0.013103,0.009022,0.008559,0.009430,0.034916,0.025239,0.007112,-0.035065,-0.009488,-0.008784,-0.000320,-0.003410,0.007203,0.024646,0.009607,0.011678,0.025046,0.023936,0.051533,0.017274,-0.002659,-0.030251,0.014855,-0.025851,0.014001,-0.020309,-0.008586,-0.008422,-0.008435,-0.005880,-0.008221,-0.007178,-0.006794,-0.005802,-0.000813,0.000373,-0.000551,-0.003191,-0.003798,-0.001773,-0.002463,-0.004777,-0.006000,-0.007773,-0.008433,-0.008957,-0.009090,-0.009327,-0.010017,-0.009219,-0.008635,-0.009748,-0.010340,-0.010191,-0.011738,-0.014044,-0.014478,-0.014615,-0.015360,-0.017690,-0.018760,-0.018897,-0.016903,-0.014883,-0.013182,-0.009495,-0.006160,-0.003508,-0.001917,0.001985,0.008465,0.009903,0.011530,0.009867,0.013201,0.016654,0.014807,0.011053,0.007017,0.004115,0.002437,-0.002061,-0.001517,-0.001896,-0.003605,-0.005513,-0.006929,-0.011250,-0.011490,-0.012228,-0.011578,-0.010817,-0.010426,-0.009363,-0.007741,-0.007103,-0.007943,-0.007719,-0.003870,-0.006795,-0.009246,-0.012198,-0.012436,-0.012337,-0.013678,-0.016264,-0.022075,-0.023482,-0.023512,-0.022715,-0.022955,-0.020325,-0.016769,-0.013612,-0.011067,89.902511,89.881550,89.862285,89.855638,89.864576,89.888211,89.885480,89.896023,89.899282,89.882496,89.879822,89.888043,89.895894,89.896856,89.899540,89.913594,89.930044,89.942040,89.950235,89.955751,89.958967,89.966748,89.956234,89.954765,89.955880,89.949344,89.942317,89.944708,89.953158,89.955807,89.950816,89.946577,89.941551,89.944005,89.951740,89.914988,89.890771,89.878960,89.886894,89.902253,89.907519,90.209300,90.441516,90.544644,90.576443,90.560660,90.526381,90.491055,90.443248,90.372617,90.326428,90.321962,90.356675,90.397958,90.411101,90.403099,90.403443,90.390394,90.362376,90.325723,90.270690,90.211636,90.163779,90.194276,90.298884,90.361898,90.286569,90.079806,89.949929,89.925679,89.893131,89.862940,89.835676,89.817703,89.807388,89.803842,89.814405,89.833128,89.837925,89.852525,89.883948,89.903503,89.900845,89.906607,89.926263,89.937207,89.951349,89.955928,89.952164,89.947583,89.946005,89.951409,89.980420,89.966203,89.929986,89.915510,89.906295,89.899441,89.884421,89.893909,89.877792,89.864738,89.829454,89.821277,89.827574,89.832842,89.851054,89.874111,89.892026,89.903001,89.909476,89.911144,89.917384,89.928096,89.958039,89.970335,89.969295,89.961538,89.951580,89.947925,89.949788,89.957031,89.972766,89.986721,90.008577,90.213374,90.016200,90.017524,90.027529,90.238096,90.249686,90.155036,90.004088,89.971917,89.982787,89.991882,89.996783,89.998707,89.995824,90.194251,90.305899,90.274694,90.005323,89.975461,89.997395,90.040982,90.052620,90.065346,90.151636,90.059925,89.979435,89.987995,89.990965,90.211326,90.263985,90.225185,90.009925,90.147043,90.029078,90.135430,89.997404,89.996570,89.986009,89.980983,89.996148,89.987593,89.959918,89.972623,89.996116,89.976125,89.970192,89.982419,90.010939,90.018185,90.014877,90.004395,89.988773,89.983352,89.984220,89.987037,89.988657,89.987891,89.982066,89.974852,89.971680,89.974170,89.978007,89.982360,89.987068,89.991929,89.988236,89.979260,89.973507,89.975460,89.980301,89.981291,89.975088,89.969357,89.968732,89.965991,89.960522,89.956120,89.941267,89.922555,89.903102,89.920293,89.935781,89.959054,89.960768,89.958660,89.955606,89.950396,89.952284,89.957082,89.954735,89.946611,89.924099,89.926644,89.928436,89.918059,89.911310,89.921172,89.916484,89.912644,89.906812,89.908179,89.914729,89.918402,89.920903,89.922505,89.928560,89.941358,89.947375,89.959685,89.949201,89.947225,89.953928,89.957813,89.956936,89.952658,89.962709,89.961018,89.956662,89.943207,89.923002,89.895996,89.889429,89.899729,89.912284,89.915486,0.000710,0.000810,0.000905,0.000918,0.000805,0.000514,0.000562,0.000470,0.000459,0.000642,0.000673,0.000677,0.000690,0.000742,0.000792,0.000806,0.000794,0.000768,0.000722,0.000674,0.000635,0.000536,0.000709,0.000831,0.000870,0.000879,0.000867,0.000859,0.000886,0.000909,0.000892,0.000828,0.000850,0.000855,0.000746,0.001058,0.001146,0.001190,0.001206,0.001196,0.001154,0.001167,0.001199,0.001213,0.001197,0.001143,0.001076,0.001014,0.000952,0.000905,0.000871,0.000865,0.000892,0.000941,0.000990,0.001042,0.001104,0.001139,0.001145,0.001151,0.001182,0.001211,0.001236,0.001186,0.001120,0.001195,0.001247,0.001130,0.000947,0.000880,0.001027,0.001103,0.001138,0.001165,0.001193,0.001182,0.001060,0.000892,0.000919,0.000917,0.000850,0.000901,0.001042,0.000984,0.000833,0.000936,0.000981,0.000981,0.000955,0.000920,0.000909,0.000895,0.000600,0.000704,0.000916,0.000860,0.000886,0.000906,0.000950,0.000625,0.000667,0.000698,0.001033,0.001016,0.000849,0.000807,0.000761,0.000752,0.000755,0.000739,0.000711,0.000733,0.000707,0.000685,0.000456,0.000401,0.000400,0.000392,0.000417,0.000436,0.000457,0.000463,0.000423,0.000401,0.000396,0.000362,0.000466,0.000524,0.000636,0.000719,0.000612,0.000530,0.000586,0.000591,0.000517,0.000485,0.000554,0.000549,0.000490,0.000615,0.000725,0.000498,0.000575,0.000594,0.000516,0.000749,0.000778,0.000845,0.000689,0.000725,0.000595,0.000593,0.000558,0.000423,0.000458,0.000366,0.000415,0.000450,0.000376,0.000399,0.000410,0.000461,0.000407,0.000398,0.000405,0.000430,0.000416,0.000365,0.000376,0.000404,0.000408,0.000291,0.000244,0.000235,0.000259,0.000290,0.000411,0.000462,0.000468,0.000457,0.000455,0.000467,0.000493,0.000503,0.000501,0.000501,0.000514,0.000523,0.000512,0.000480,0.000461,0.000457,0.000448,0.000414,0.000404,0.000409,0.000416,0.000413,0.000403,0.000396,0.000394,0.000370,0.000391,0.000420,0.000503,0.000318,0.000353,0.000342,0.000437,0.000441,0.000380,0.000377,0.000384,0.000377,0.000362,0.000340,0.000572,0.000609,0.000667,0.000736,0.000708,0.000545,0.000617,0.000638,0.000647,0.000633,0.000638,0.000664,0.000636,0.000631,0.000682,0.000684,0.000700,0.000514,0.000611,0.000680,0.000695,0.000676,0.000617,0.000583,0.000406,0.000424,0.000449,0.000505,0.000554,0.000729,0.000749,0.000688,0.000643,0.000637
-0.007832,-0.005625,-0.002462,0.001206,0.003201,0.004922,0.001207,0.003381,0.002373,-0.000237,-0.001496,-0.003492,-0.004507,-0.006817,-0.010483,-0.014260,-0.017803,-0.019876,-0.021145,-0.021945,-0.022682,-0.022492,-0.026604,-0.028767,-0.030849,-0.033674,-0.034173,-0.034492,-0.037431,-0.040099,-0.040982,-0.040591,-0.041297,-0.043020,-0.045217,-0.052782,-0.052822,-0.052451,-0.055408,-0.058308,-0.047603,0.005958,0.035330,0.037632,0.037434,0.034646,0.029970,0.024385,0.016478,0.010272,0.006990,0.002488,-0.000256,-0.003594,-0.012029,-0.020243,-0.024770,-0.027572,-0.029194,-0.031314,-0.032173,-0.029290,-0.023859,-0.010875,0.001275,-0.003641,-0.012336,-0.008628,0.015324,0.031780,0.031758,0.029756,0.026470,0.024908,0.023816,0.022628,0.022086,0.021406,0.019981,0.022709,0.024573,0.021343,0.022776,0.028641,0.028895,0.025058,0.028761,0.032059,0.032373,0.033748,0.035589,0.037660,0.041282,0.036089,0.033063,0.034333,0.033256,0.029650,0.026146,0.027813,0.023716,0.021788,0.017052,0.021170,0.024230,0.022218,0.021985,0.021751,0.022630,0.022316,0.020146,0.017544,0.016688,0.017820,0.020227,0.015734,0.014165,0.014278,0.013505,0.012876,0.011343,0.011207,0.012557,0.013497,0.012646,0.039159,-0.012468,0.014715,0.015914,0.048684,0.021162,0.003736,-0.000279,0.010845,0.016280,0.013580,0.008812,0.008122,0.008679,0.033600,0.025668,0.007611,-0.036967,-0.008245,-0.007729,0.000654,-0.003721,0.008274,0.023075,0.008164,0.012547,0.023297,0.024551,0.053118,0.016799,-0.002476,-0.030733,0.013507,-0.024544,0.009909,-0.019814,-0.009708,-0.008296,-0.007939,-0.006462,-0.006571,-0.006348,-0.008667,-0.006428,-0.000177,-0.002049,-0.001749,-0.001668,-0.002816,-0.002138,-0.003091,-0.006243,-0.007175,-0.008316,-0.009109,-0.009093,-0.007681,-0.007987,-0.009766,-0.009763,-0.009637,-0.010248,-0.009670,-0.009446,-0.010640,-0.012762,-0.013701,-0.014616,-0.016514,-0.017782,-0.017714,-0.017702,-0.015828,-0.013974,-0.012220,-0.009665,-0.005958,-0.001401,-0.002363,0.003126,0.007697,0.009488,0.011617,0.011161,0.013349,0.015477,0.013852,0.009984,0.006726,0.005544,0.004081,-0.001501,-0.001859,-0.002760,-0.004882,-0.005818,-0.005397,-0.009410,-0.010330,-0.011028,-0.011202,-0.012725,-0.012886,-0.010509,-0.009241,-0.008727,-0.007516,-0.006523,-0.004443,-0.007737,-0.009449,-0.011373,-0.011081,-0.011383,-0.014560,-0.017636,-0.023403,-0.023876,-0.023464,-0.022946,-0.023756,-0.020928,-0.017474,-0.014273,-0.011148,89.909479,89.885953,89.865935,89.861604,89.866054,89.884437,89.880585,89.894335,89.901729,89.887500,89.885508,89.887193,89.888062,89.889792,89.900132,89.913699,89.921511,89.929744,89.939131,89.945518,89.948966,89.962345,89.960597,89.960705,89.960759,89.951690,89.942777,89.944465,89.952288,89.956309,89.953944,89.949150,89.940264,89.933732,89.933078,89.899221,89.879223,89.874883,89.885335,89.891096,89.890298,90.200929,90.427884,90.535896,90.576218,90.563356,90.521867,90.483405,90.428953,90.366527,90.329436,90.331025,90.359840,90.398187,90.417056,90.418272,90.411078,90.394714,90.365989,90.322261,90.268362,90.221100,90.171428,90.195043,90.298369,90.345863,90.271082,90.076960,89.946301,89.923634,89.893229,89.866187,89.844292,89.826214,89.811595,89.805412,89.815122,89.832126,89.841856,89.860413,89.890598,89.907577,89.902672,89.916458,89.942349,89.943052,89.947247,89.952089,89.950890,89.951219,89.954357,89.961511,89.983994,89.968729,89.938920,89.921319,89.910410,89.899973,89.887724,89.899838,89.884004,89.867849,89.833200,89.827481,89.835576,89.832135,89.837052,89.849897,89.869983,89.892390,89.912761,89.927211,89.938657,89.945258,89.969794,89.978223,89.978972,89.973944,89.962280,89.952229,89.949077,89.957042,89.976149,89.999525,90.013095,90.220921,90.018775,90.013389,90.030849,90.214295,90.249629,90.141679,89.965275,89.967969,89.987271,89.993442,89.993621,89.996903,89.999648,90.205457,90.296232,90.284384,90.012211,89.977077,89.994557,90.060262,90.057535,90.086209,90.153143,90.052251,89.987630,89.984545,89.986586,90.188517,90.239465,90.208029,89.998446,90.161180,90.040126,90.122054,90.026958,89.977477,89.980743,89.982994,89.977072,89.998456,89.989616,89.980252,89.977118,89.970244,89.964602,89.967971,90.018824,90.010820,90.012992,90.008833,89.995098,89.987682,89.989102,89.997028,89.999609,89.992111,89.977998,89.967911,89.963346,89.962297,89.965834,89.976990,89.991576,89.996146,89.985622,89.973830,89.974116,89.980597,89.986739,89.985054,89.976493,89.966527,89.959853,89.957146,89.959380,89.955679,89.938795,89.920767,89.909974,89.910084,89.921925,89.947219,89.959588,89.961142,89.954683,89.947543,89.948121,89.953795,89.959404,89.960462,89.935298,89.923521,89.915896,89.908405,89.905956,89.913146,89.906044,89.909488,89.911920,89.915638,89.918184,89.919789,89.927441,89.933379,89.935122,89.941139,89.945239,89.958453,89.948438,89.945585,89.952763,89.960901,89.967350,89.968163,89.977877,89.966572,89.956116,89.944422,89.930458,89.905553,89.896262,89.903328,89.917770,89.923533,0.000683,0.000791,0.000901,0.000879,0.000766,0.000505,0.000594,0.000479,0.000462,0.000655,0.000706,0.000724,0.000722,0.000739,0.000733,0.000723,0.000717,0.000704,0.000697,0.000703,0.000699,0.000588,0.000705,0.000812,0.000856,0.000885,0.000867,0.000844,0.000867,0.000879,0.000860,0.000816,0.000848,0.000854,0.000763,0.001075,0.001159,0.001157,0.001133,0.001132,0.001138,0.001149,0.001173,0.001202,0.001199,0.001138,0.001054,0.000992,0.000944,0.000903,0.000863,0.000856,0.000876,0.000925,0.000987,0.001046,0.001091,0.001129,0.001164,0.001191,0.001223,0.001242,0.001263,0.001233,0.001136,0.001162,0.001195,0.001107,0.001001,0.000967,0.001103,0.001147,0.001144,0.001152,0.001164,0.001141,0.001030,0.000919,0.000952,0.000941,0.000835,0.000879,0.001114,0.001061,0.000856,0.000969,0.001000,0.000976,0.000948,0.000894,0.000877,0.000867,0.000623,0.000769,0.000988,0.000963,0.000902,0.000918,0.000974,0.000649,0.000665,0.000702,0.001032,0.001011,0.000809,0.000790,0.000767,0.000774,0.000750,0.000704,0.000658,0.000654,0.000642,0.000655,0.000420,0.000372,0.000388,0.000398,0.000433,0.000465,0.000500,0.000501,0.000444,0.000414,0.000417,0.000352,0.000488,0.000546,0.000570,0.000671,0.000559,0.000546,0.000644,0.000630,0.000518,0.000464,0.000497,0.000480,0.000421,0.000779,0.000838,0.000729,0.000573,0.000574,0.000551,0.000753,0.000783,0.000801,0.000646,0.000682,0.000615,0.000567,0.000547,0.000412,0.000401,0.000339,0.000388,0.000420,0.000336,0.000395,0.000401,0.000353,0.000415,0.000417,0.000416,0.000432,0.000422,0.000390,0.000382,0.000410,0.000418,0.000310,0.000277,0.000272,0.000281,0.000298,0.000410,0.000452,0.000464,0.000465,0.000473,0.000478,0.000498,0.000520,0.000528,0.000524,0.000522,0.000515,0.000500,0.000478,0.000461,0.000462,0.000455,0.000436,0.000392,0.000380,0.000399,0.000421,0.000428,0.000427,0.000400,0.000346,0.000360,0.000461,0.000469,0.000333,0.000329,0.000353,0.000447,0.000442,0.000378,0.000360,0.000355,0.000338,0.000326,0.000334,0.000565,0.000608,0.000682,0.000754,0.000715,0.000538,0.000637,0.000665,0.000683,0.000647,0.000623,0.000623,0.000582,0.000592,0.000683,0.000698,0.000693,0.000497,0.000604,0.000689,0.000716,0.000710,0.000667,0.000631,0.000410,0.000444,0.000474,0.000523,0.000550,0.000692,0.000695,0.000655,0.000629,0.000625
-0.008572,-0.006184,-0.003223,0.000634,0.004309,0.005806,0.001859,0.002199,0.000610,-0.001049,-0.001605,-0.003051,-0.004241,-0.007895,-0.012689,-0.016242,-0.018202,-0.019406,-0.021012,-0.022679,-0.022496,-0.021828,-0.026155,-0.027088,-0.028263,-0.030524,-0.032745,-0.034196,-0.036767,-0.038834,-0.039801,-0.040427,-0.041328,-0.042633,-0.044587,-0.052509,-0.052828,-0.053227,-0.057057,-0.058865,-0.047588,0.005132,0.035574,0.038648,0.038003,0.034249,0.029409,0.022855,0.016546,0.010388,0.006971,0.002346,-0.000288,-0.004429,-0.011912,-0.019426,-0.023486,-0.027656,-0.029866,-0.030295,-0.031761,-0.031331,-0.024218,-0.012161,-0.002921,-0.004742,-0.011588,-0.009079,0.015062,0.030882,0.030619,0.030137,0.027508,0.025485,0.023889,0.022589,0.020711,0.020791,0.020578,0.021902,0.022394,0.021590,0.024325,0.029215,0.028998,0.025998,0.028328,0.032520,0.033861,0.035419,0.036588,0.037207,0.040102,0.036340,0.033498,0.033398,0.032746,0.029545,0.026318,0.026669,0.023251,0.021519,0.017400,0.021147,0.023024,0.022072,0.021901,0.020884,0.020214,0.019576,0.018866,0.017622,0.017445,0.018330,0.019593,0.015330,0.014708,0.014689,0.013248,0.012416,0.011396,0.011752,0.012744,0.012059,0.012507,0.037381,-0.013246,0.015178,0.017654,0.047215,0.018343,0.002842,-0.001546,0.013367,0.015056,0.012496,0.009663,0.008248,0.009459,0.032240,0.026589,0.009011,-0.036600,-0.007037,-0.005654,0.001418,-0.004051,0.007810,0.022848,0.009786,0.010294,0.022284,0.025283,0.053096,0.018452,-0.001360,-0.030362,0.014187,-0.022042,0.009793,-0.020007,-0.009131,-0.007745,-0.006311,-0.006705,-0.008213,-0.007360,-0.008222,-0.004101,-0.002793,-0.001823,-0.000201,-0.000652,-0.004163,-0.001945,-0.003930,-0.005805,-0.005424,-0.006412,-0.007751,-0.008104,-0.008369,-0.009051,-0.010083,-0.010648,-0.010889,-0.009826,-0.008697,-0.010046,-0.012672,-0.013376,-0.013937,-0.014500,-0.016179,-0.018029,-0.018652,-0.018106,-0.015792,-0.013817,-0.012970,-0.010991,-0.006673,-0.002511,-0.002722,0.004310,0.006454,0.009117,0.011881,0.009974,0.012654,0.015406,0.013032,0.009676,0.007149,0.005231,0.002386,-0.001920,-0.002679,-0.005041,-0.006458,-0.006350,-0.006098,-0.010107,-0.011681,-0.012701,-0.012438,-0.012569,-0.011939,-0.009873,-0.008831,-0.008676,-0.008486,-0.007157,-0.003721,-0.006982,-0.008053,-0.010010,-0.010924,-0.011758,-0.014486,-0.018722,-0.024403,-0.024924,-0.024012,-0.023733,-0.023703,-0.019962,-0.015945,-0.013680,-0.010834,89.907570,89.889337,89.868460,89.864212,89.879204,89.906137,89.899804,89.897578,89.893040,89.878324,89.876379,89.875633,89.881473,89.888728,89.891636,89.896346,89.909021,89.928342,89.943857,89.949381,89.954117,89.965435,89.957183,89.953955,89.956444,89.954585,89.949824,89.951824,89.959586,89.959161,89.950871,89.941602,89.936131,89.936826,89.942299,89.904850,89.883758,89.880019,89.892621,89.887487,89.897957,90.205015,90.439920,90.539628,90.575698,90.566586,90.533752,90.493906,90.441609,90.375155,90.343580,90.333723,90.356469,90.395538,90.414577,90.414257,90.413285,90.396365,90.359258,90.314060,90.257932,90.199479,90.167440,90.198902,90.288753,90.348460,90.287645,90.075424,89.944710,89.919995,89.888720,89.862394,89.840406,89.825437,89.815451,89.809288,89.811230,89.825297,89.835054,89.853386,89.885780,89.908855,89.906496,89.918711,89.944732,89.952567,89.955556,89.952398,89.947456,89.948285,89.951261,89.958276,89.981152,89.971759,89.945715,89.929886,89.915154,89.897752,89.885948,89.895929,89.882170,89.867098,89.834850,89.831141,89.841174,89.841990,89.845769,89.856626,89.875445,89.894010,89.906560,89.911105,89.920662,89.934210,89.964405,89.974277,89.974905,89.974435,89.967622,89.958444,89.954024,89.961607,89.978664,89.992596,90.010819,90.209100,90.016304,90.011118,90.031481,90.229941,90.254018,90.139946,89.984573,89.984549,89.994366,89.998131,89.996736,89.999206,90.011863,90.198148,90.303608,90.295740,90.005836,89.992136,89.995317,90.065833,90.056230,90.077774,90.157008,90.075380,89.995796,89.988529,89.986251,90.195514,90.257095,90.212026,89.991563,90.155238,90.025280,90.121205,90.022391,89.983498,89.995181,89.974367,89.990084,89.977329,89.967443,89.975066,89.989939,89.978797,89.970679,89.987051,90.023064,90.002750,90.006086,90.002814,89.992216,89.989586,89.991066,89.989574,89.983418,89.977989,89.970710,89.962981,89.962374,89.970769,89.981680,89.986456,89.988536,89.992071,89.991513,89.984728,89.981342,89.983769,89.987618,89.984739,89.977887,89.969829,89.959671,89.951929,89.949717,89.943017,89.935129,89.917596,89.916417,89.925774,89.940596,89.957149,89.953925,89.953960,89.956301,89.952488,89.952005,89.957698,89.961840,89.958472,89.937992,89.930647,89.918995,89.905257,89.902975,89.913876,89.909091,89.905757,89.903319,89.907935,89.914887,89.918691,89.922702,89.925139,89.929457,89.938855,89.945636,89.961500,89.954411,89.952157,89.953899,89.956718,89.960949,89.964594,89.975798,89.969552,89.958450,89.944048,89.929640,89.905830,89.896398,89.900399,89.911022,89.916448,0.000642,0.000741,0.000870,0.000859,0.000714,0.000450,0.000511,0.000434,0.000442,0.000607,0.000628,0.000630,0.000641,0.000690,0.000740,0.000759,0.000743,0.000710,0.000686,0.000678,0.000637,0.000508,0.000599,0.000670,0.000732,0.000800,0.000818,0.000789,0.000770,0.000764,0.000760,0.000764,0.000804,0.000831,0.000721,0.001046,0.001123,0.001141,0.001138,0.001136,0.001125,0.001134,0.001153,0.001165,0.001144,0.001071,0.000988,0.000927,0.000875,0.000854,0.000844,0.000843,0.000861,0.000901,0.000942,0.000978,0.001022,0.001063,0.001088,0.001096,0.001104,0.001129,0.001143,0.001112,0.001041,0.001068,0.001089,0.000980,0.000937,0.000912,0.001051,0.001085,0.001104,0.001109,0.001100,0.001052,0.000939,0.000807,0.000852,0.000869,0.000755,0.000770,0.000988,0.000935,0.000744,0.000808,0.000867,0.000888,0.000886,0.000843,0.000822,0.000806,0.000586,0.000694,0.000888,0.000854,0.000821,0.000852,0.000844,0.000565,0.000573,0.000600,0.000926,0.000951,0.000807,0.000742,0.000679,0.000676,0.000675,0.000661,0.000629,0.000648,0.000637,0.000650,0.000424,0.000346,0.000324,0.000314,0.000358,0.000398,0.000428,0.000419,0.000376,0.000365,0.000381,0.000434,0.000469,0.000548,0.000568,0.000728,0.000613,0.000547,0.000600,0.000612,0.000442,0.000416,0.000473,0.000468,0.000421,0.000649,0.000739,0.000547,0.000623,0.000614,0.000472,0.000735,0.000757,0.000809,0.000673,0.000688,0.000666,0.000621,0.000567,0.000401,0.000433,0.000342,0.000369,0.000448,0.000354,0.000435,0.000452,0.000370,0.000377,0.000367,0.000369,0.000398,0.000390,0.000360,0.000359,0.000388,0.000401,0.000302,0.000264,0.000254,0.000251,0.000253,0.000346,0.000398,0.000423,0.000423,0.000427,0.000433,0.000451,0.000470,0.000473,0.000450,0.000414,0.000401,0.000423,0.000440,0.000431,0.000404,0.000385,0.000384,0.000377,0.000388,0.000393,0.000375,0.000354,0.000348,0.000355,0.000342,0.000352,0.000545,0.000459,0.000279,0.000296,0.000270,0.000365,0.000391,0.000346,0.000332,0.000324,0.000306,0.000293,0.000286,0.000474,0.000497,0.000567,0.000642,0.000624,0.000495,0.000568,0.000579,0.000590,0.000578,0.000570,0.000586,0.000568,0.000582,0.000628,0.000625,0.000632,0.000459,0.000558,0.000625,0.000661,0.000646,0.000578,0.000526,0.000369,0.000395,0.000429,0.000489,0.000513,0.000648,0.000645,0.000594,0.000573,0.000574
-0.008401,-0.006440,-0.003241,0.000929,0.004440,0.005796,0.001556,0.001906,0.001265,-0.000812,-0.001344,-0.002571,-0.003794,-0.006786,-0.010710,-0.015137,-0.017810,-0.019010,-0.020896,-0.022058,-0.022163,-0.022215,-0.026612,-0.027483,-0.029096,-0.031171,-0.033635,-0.035455,-0.037856,-0.039436,-0.040456,-0.040862,-0.041383,-0.042954,-0.046594,-0.053254,-0.051972,-0.052554,-0.055847,-0.059432,-0.048010,0.003675,0.035695,0.037932,0.035802,0.033648,0.029852,0.024294,0.016451,0.010104,0.006681,0.003202,0.000272,-0.004752,-0.013326,-0.020659,-0.024079,-0.026573,-0.029101,-0.031924,-0.033983,-0.032452,-0.024032,-0.010896,-0.000846,-0.004887,-0.011806,-0.009765,0.017296,0.033158,0.031954,0.030734,0.028856,0.025825,0.022581,0.021719,0.022337,0.021250,0.018918,0.020938,0.023011,0.021997,0.024085,0.028216,0.029631,0.027172,0.029532,0.032296,0.033068,0.034744,0.035534,0.036457,0.040284,0.035651,0.032083,0.034617,0.031472,0.027714,0.025282,0.028041,0.024748,0.021596,0.016426,0.020550,0.022822,0.021113,0.020599,0.020211,0.021057,0.021018,0.019913,0.018056,0.017232,0.017856,0.020774,0.016606,0.013783,0.013308,0.013023,0.013097,0.012106,0.012758,0.013643,0.011209,0.011375,0.039322,-0.013558,0.015027,0.014743,0.047748,0.018598,0.003397,-0.000858,0.013871,0.014673,0.012453,0.009943,0.009452,0.011096,0.032053,0.026282,0.007278,-0.036604,-0.008814,-0.005916,0.001709,-0.003573,0.008302,0.025031,0.007821,0.012072,0.024494,0.023852,0.051612,0.018805,-0.003655,-0.030835,0.015022,-0.024470,0.009160,-0.020156,-0.009953,-0.007793,-0.007992,-0.006136,-0.005841,-0.006292,-0.006367,-0.004562,-0.002170,-0.001055,-0.001032,-0.001271,-0.003529,-0.001633,-0.003494,-0.005278,-0.005978,-0.007921,-0.008639,-0.008463,-0.007330,-0.007626,-0.009275,-0.009652,-0.009142,-0.008807,-0.008218,-0.009816,-0.012685,-0.014542,-0.015078,-0.015925,-0.017592,-0.018847,-0.018332,-0.017150,-0.015390,-0.014047,-0.013948,-0.010615,-0.005113,-0.001858,-0.002388,0.004358,0.007654,0.007935,0.010138,0.009967,0.013300,0.016142,0.013747,0.009060,0.005701,0.004838,0.002313,-0.002966,-0.002679,-0.003168,-0.004017,-0.005272,-0.006386,-0.010898,-0.011550,-0.012279,-0.012494,-0.012703,-0.011086,-0.008083,-0.007391,-0.007728,-0.007197,-0.006131,-0.003197,-0.006691,-0.009160,-0.011031,-0.010847,-0.011287,-0.015171,-0.018666,-0.022541,-0.023331,-0.024038,-0.023258,-0.022602,-0.019850,-0.016487,-0.013294,-0.009908,89.904874,89.886633,89.869375,89.865456,89.876459,89.901917,89.901503,89.904274,89.899101,89.882428,89.883669,89.884792,89.885341,89.891677,89.904913,89.916026,89.924064,89.936941,89.947514,89.953298,89.958798,89.971065,89.962353,89.959700,89.963080,89.964599,89.961024,89.955645,89.954603,89.956336,89.955816,89.954229,89.950040,89.948060,89.942867,89.899649,89.876748,89.873521,89.889187,89.888767,89.895839,90.203440,90.446209,90.544199,90.571965,90.558056,90.523003,90.485259,90.430150,90.365100,90.319250,90.322122,90.352462,90.395432,90.422080,90.429117,90.421780,90.404878,90.368867,90.317112,90.252821,90.199885,90.168170,90.198875,90.287765,90.339563,90.262705,90.080504,89.940364,89.914422,89.886472,89.862349,89.841181,89.821861,89.805361,89.800283,89.812232,89.830094,89.841289,89.861515,89.892237,89.906516,89.898615,89.903751,89.927516,89.942296,89.953486,89.958362,89.955622,89.954978,89.956231,89.961334,89.981159,89.961920,89.926606,89.921911,89.910814,89.896813,89.879086,89.886536,89.875846,89.861874,89.828718,89.824149,89.835329,89.840865,89.852374,89.865374,89.881754,89.896890,89.909480,89.920849,89.934112,89.941148,89.965484,89.971359,89.971360,89.969849,89.963484,89.953991,89.943444,89.943342,89.959400,89.975791,90.004120,90.225927,90.016323,89.994985,90.004045,90.236441,90.259384,90.145508,89.994630,89.982031,89.980770,89.985380,89.990692,89.997251,90.018184,90.193806,90.308564,90.279653,90.004810,89.986874,90.017898,90.062726,90.053063,90.067074,90.148381,90.058652,89.985957,89.989420,90.000144,90.209496,90.270861,90.218907,90.015650,90.153257,90.034960,90.106091,90.017171,89.992209,89.982309,89.986715,89.967851,89.973515,89.972738,89.984722,89.976222,89.977654,89.974425,89.983845,90.025207,90.008933,90.009565,90.004683,89.992487,89.987379,89.984840,89.981494,89.977236,89.977510,89.978334,89.976511,89.974953,89.974066,89.974898,89.979769,89.989597,89.998214,89.994948,89.985126,89.982551,89.988175,89.990484,89.983091,89.972776,89.965723,89.960712,89.955992,89.953616,89.949738,89.944064,89.922196,89.914869,89.921742,89.934745,89.952783,89.953757,89.953739,89.957314,89.957604,89.956512,89.956185,89.954641,89.949029,89.928019,89.930949,89.933626,89.926476,89.916812,89.916660,89.903556,89.899909,89.899006,89.906122,89.911394,89.911003,89.914553,89.920666,89.926505,89.936558,89.943361,89.961675,89.960490,89.961127,89.960980,89.959936,89.961254,89.961099,89.967350,89.957113,89.947381,89.936263,89.923859,89.901440,89.893547,89.901394,89.913203,89.916154,0.000668,0.000750,0.000842,0.000837,0.000737,0.000495,0.000555,0.000471,0.000467,0.000664,0.000695,0.000688,0.000684,0.000704,0.000728,0.000752,0.000760,0.000735,0.000709,0.000688,0.000647,0.000536,0.000686,0.000763,0.000817,0.000857,0.000856,0.000841,0.000855,0.000853,0.000837,0.000810,0.000838,0.000818,0.000705,0.000983,0.001097,0.001189,0.001211,0.001215,0.001202,0.001207,0.001212,0.001189,0.001144,0.001096,0.001044,0.000993,0.000934,0.000866,0.000816,0.000819,0.000866,0.000939,0.000998,0.001032,0.001050,0.001085,0.001136,0.001180,0.001209,0.001222,0.001211,0.001171,0.001126,0.001183,0.001179,0.000995,0.000939,0.000923,0.001085,0.001154,0.001145,0.001116,0.001119,0.001099,0.001006,0.000888,0.000924,0.000909,0.000816,0.000859,0.001013,0.000957,0.000781,0.000868,0.000939,0.000974,0.000995,0.000970,0.000956,0.000908,0.000613,0.000728,0.001008,0.000916,0.000946,0.000957,0.000970,0.000667,0.000656,0.000710,0.001028,0.001005,0.000830,0.000781,0.000731,0.000723,0.000683,0.000635,0.000621,0.000648,0.000632,0.000653,0.000421,0.000370,0.000363,0.000350,0.000374,0.000398,0.000440,0.000460,0.000427,0.000412,0.000420,0.000387,0.000495,0.000543,0.000532,0.000770,0.000675,0.000577,0.000654,0.000644,0.000478,0.000461,0.000504,0.000495,0.000450,0.000643,0.000658,0.000492,0.000654,0.000632,0.000486,0.000704,0.000788,0.000806,0.000611,0.000655,0.000578,0.000569,0.000542,0.000474,0.000436,0.000338,0.000363,0.000391,0.000338,0.000431,0.000435,0.000315,0.000378,0.000377,0.000385,0.000425,0.000420,0.000392,0.000387,0.000409,0.000402,0.000282,0.000243,0.000240,0.000262,0.000282,0.000383,0.000426,0.000452,0.000476,0.000508,0.000537,0.000559,0.000543,0.000504,0.000478,0.000468,0.000468,0.000479,0.000487,0.000478,0.000465,0.000450,0.000419,0.000383,0.000365,0.000364,0.000368,0.000373,0.000385,0.000385,0.000355,0.000336,0.000539,0.000520,0.000306,0.000298,0.000302,0.000401,0.000413,0.000363,0.000360,0.000369,0.000363,0.000351,0.000333,0.000545,0.000554,0.000595,0.000655,0.000624,0.000473,0.000559,0.000586,0.000617,0.000613,0.000611,0.000624,0.000598,0.000608,0.000666,0.000652,0.000647,0.000476,0.000583,0.000671,0.000719,0.000702,0.000614,0.000544,0.000360,0.000385,0.000427,0.000483,0.000508,0.000649,0.000677,0.000631,0.000593,0.000597
-0.009508,-0.006593,-0.003175,0.000141,0.003511,0.005967,0.001860,0.002091,0.001195,-0.000898,-0.000964,-0.002753,-0.004426,-0.008146,-0.012271,-0.015210,-0.017478,-0.019623,-0.021706,-0.022525,-0.022043,-0.021778,-0.026178,-0.026865,-0.027958,-0.031587,-0.033683,-0.034591,-0.036553,-0.038106,-0.039240,-0.040139,-0.041670,-0.043499,-0.045236,-0.052533,-0.052526,-0.052795,-0.056076,-0.059350,-0.046783,0.004920,0.036001,0.038667,0.037368,0.034645,0.029722,0.023047,0.016195,0.011001,0.007079,0.002596,0.000483,-0.003510,-0.013796,-0.021438,-0.024475,-0.027392,-0.030190,-0.032861,-0.034406,-0.028566,-0.022605,-0.011524,-0.000248,-0.005910,-0.015067,-0.010568,0.013332,0.032450,0.031288,0.031033,0.028335,0.025842,0.024158,0.022978,0.022303,0.021369,0.018669,0.020485,0.022312,0.020368,0.023660,0.028422,0.029267,0.025790,0.027983,0.032076,0.035008,0.035683,0.035222,0.037039,0.040684,0.035184,0.032411,0.033785,0.033021,0.029320,0.025621,0.028632,0.024178,0.022256,0.017374,0.020508,0.023254,0.022007,0.020892,0.019974,0.021600,0.021634,0.020198,0.017636,0.016372,0.016115,0.018718,0.016131,0.014486,0.014510,0.014344,0.013377,0.011992,0.011572,0.012036,0.012328,0.012682,0.037778,-0.016506,0.015525,0.015340,0.048268,0.021068,0.005423,0.000192,0.014123,0.014802,0.013366,0.009636,0.008359,0.009127,0.034595,0.027515,0.007892,-0.037779,-0.006872,-0.008185,-0.000681,-0.002713,0.007588,0.023295,0.011224,0.011242,0.024504,0.025154,0.052187,0.018267,-0.001913,-0.029859,0.015161,-0.024929,0.008248,-0.021546,-0.010668,-0.008124,-0.006793,-0.006868,-0.008680,-0.004595,-0.007778,-0.006064,-0.001376,-0.000697,-0.000976,-0.003246,-0.003033,-0.003161,-0.003275,-0.005170,-0.005773,-0.008079,-0.009999,-0.009755,-0.007601,-0.007768,-0.009984,-0.010052,-0.008964,-0.008622,-0.009290,-0.010603,-0.012970,-0.014988,-0.015605,-0.015288,-0.016248,-0.017194,-0.017563,-0.017760,-0.016461,-0.014874,-0.013654,-0.009814,-0.005472,-0.001221,-0.001347,0.004570,0.006583,0.008195,0.012212,0.010432,0.011902,0.016071,0.014802,0.009502,0.004785,0.004403,0.003679,-0.001466,-0.001978,-0.002451,-0.003866,-0.005876,-0.006730,-0.010204,-0.011263,-0.012410,-0.012596,-0.011844,-0.010794,-0.009121,-0.008864,-0.009071,-0.008480,-0.006722,-0.003185,-0.005944,-0.008708,-0.011609,-0.011700,-0.011869,-0.015534,-0.017623,-0.022123,-0.023303,-0.023463,-0.022419,-0.022184,-0.020125,-0.017564,-0.014283,-0.012041,89.903998,89.885306,89.861500,89.851753,89.863321,89.891730,89.887469,89.887592,89.888825,89.882518,89.884377,89.882768,89.883233,89.888737,89.898851,89.911783,89.926299,89.940142,89.946292,89.944374,89.944552,89.955683,89.946397,89.941005,89.943492,89.946697,89.949969,89.954254,89.959742,89.960266,89.958279,89.955986,89.949772,89.943223,89.942548,89.907357,89.883831,89.870799,89.873491,89.883806,89.903735,90.197036,90.423703,90.530637,90.567968,90.556639,90.520735,90.486262,90.434036,90.370004,90.324829,90.317876,90.345522,90.398359,90.416644,90.412198,90.410019,90.399697,90.369427,90.319313,90.249859,90.211557,90.178470,90.201554,90.295663,90.355416,90.278180,90.085672,89.935563,89.918325,89.889092,89.858824,89.833771,89.818939,89.811280,89.808526,89.813916,89.830406,89.840772,89.863099,89.899425,89.917667,89.918578,89.923684,89.946653,89.956573,89.965006,89.961632,89.951463,89.947876,89.950032,89.960247,89.984002,89.968479,89.939991,89.923250,89.912648,89.897370,89.878486,89.889600,89.877552,89.868300,89.841689,89.837163,89.842107,89.841757,89.848968,89.865239,89.888448,89.904859,89.911202,89.913256,89.927073,89.942957,89.969054,89.972208,89.968535,89.965541,89.957446,89.949836,89.944474,89.949681,89.969888,89.996892,90.009683,90.218455,89.999631,90.005922,90.021362,90.239157,90.262488,90.153914,90.004336,89.970942,89.975504,89.981699,89.983937,89.990969,90.007241,90.200731,90.306981,90.268548,90.000357,89.974809,90.005678,90.050891,90.058512,90.077386,90.144296,90.073688,89.989155,89.996106,89.996146,90.209993,90.271576,90.229251,90.034132,90.156766,90.054993,90.134406,90.009591,89.975834,89.992702,89.977945,89.977322,89.979788,89.981710,89.971320,89.975388,89.978648,89.976514,89.988538,90.021164,90.022856,90.018145,90.009894,90.000355,89.998693,89.996967,89.990259,89.980477,89.974748,89.971561,89.972019,89.976700,89.978085,89.973385,89.969378,89.972676,89.978875,89.980568,89.980471,89.983531,89.988316,89.989704,89.985671,89.976909,89.967164,89.957097,89.946088,89.937719,89.938447,89.936758,89.921644,89.915706,89.924428,89.935944,89.953576,89.954422,89.955500,89.958320,89.955304,89.951836,89.950584,89.950309,89.949783,89.932266,89.931395,89.925304,89.910708,89.903505,89.915006,89.914148,89.911515,89.904135,89.904877,89.911092,89.916965,89.925715,89.931749,89.936355,89.944385,89.947980,89.961217,89.954997,89.953837,89.955507,89.958104,89.962177,89.960152,89.965561,89.955738,89.947522,89.933398,89.920086,89.902201,89.897030,89.898000,89.902938,89.909248,0.000604,0.000685,0.000819,0.000862,0.000774,0.000513,0.000555,0.000458,0.000443,0.000620,0.000666,0.000693,0.000719,0.000773,0.000798,0.000773,0.000732,0.000695,0.000677,0.000675,0.000661,0.000548,0.000683,0.000781,0.000816,0.000826,0.000806,0.000793,0.000807,0.000814,0.000828,0.000818,0.000832,0.000846,0.000748,0.001037,0.001120,0.001152,0.001147,0.001123,0.001097,0.001089,0.001114,0.001141,0.001136,0.001091,0.001024,0.000967,0.000931,0.000894,0.000858,0.000837,0.000848,0.000894,0.000943,0.000993,0.001046,0.001079,0.001086,0.001085,0.001113,0.001134,0.001164,0.001152,0.001101,0.001165,0.001207,0.001051,0.000985,0.000914,0.001014,0.001060,0.001076,0.001091,0.001114,0.001107,0.001030,0.000897,0.000936,0.000928,0.000823,0.000906,0.001022,0.000977,0.000781,0.000868,0.000923,0.000935,0.000917,0.000882,0.000875,0.000828,0.000579,0.000718,0.000872,0.000844,0.000826,0.000870,0.000934,0.000623,0.000665,0.000679,0.000951,0.000952,0.000824,0.000778,0.000740,0.000741,0.000713,0.000677,0.000640,0.000656,0.000631,0.000627,0.000423,0.000391,0.000400,0.000376,0.000397,0.000414,0.000446,0.000453,0.000403,0.000372,0.000384,0.000392,0.000440,0.000497,0.000529,0.000678,0.000620,0.000629,0.000627,0.000598,0.000490,0.000456,0.000531,0.000530,0.000455,0.000710,0.000742,0.000544,0.000542,0.000557,0.000530,0.000755,0.000750,0.000771,0.000636,0.000686,0.000666,0.000567,0.000568,0.000434,0.000407,0.000330,0.000386,0.000357,0.000306,0.000354,0.000372,0.000392,0.000404,0.000395,0.000365,0.000414,0.000393,0.000354,0.000352,0.000385,0.000400,0.000299,0.000270,0.000268,0.000278,0.000286,0.000377,0.000415,0.000431,0.000431,0.000436,0.000457,0.000503,0.000520,0.000496,0.000471,0.000466,0.000473,0.000467,0.000441,0.000425,0.000424,0.000430,0.000418,0.000404,0.000400,0.000399,0.000394,0.000385,0.000376,0.000378,0.000360,0.000382,0.000589,0.000591,0.000324,0.000310,0.000311,0.000414,0.000426,0.000369,0.000353,0.000354,0.000345,0.000331,0.000310,0.000521,0.000554,0.000616,0.000670,0.000641,0.000502,0.000580,0.000604,0.000616,0.000591,0.000599,0.000647,0.000636,0.000634,0.000662,0.000639,0.000643,0.000471,0.000564,0.000628,0.000666,0.000664,0.000594,0.000555,0.000383,0.000426,0.000448,0.000511,0.000530,0.000657,0.000648,0.000596,0.000575,0.000569
-0.009471,-0.005907,-0.002869,-0.000380,0.002608,0.005624,0.002766,0.003007,0.001180,-0.001718,-0.002194,-0.003385,-0.003998,-0.006576,-0.010455,-0.014680,-0.018442,-0.021011,-0.022323,-0.022216,-0.021747,-0.022271,-0.027788,-0.027783,-0.027883,-0.030637,-0.033721,-0.035122,-0.037570,-0.039822,-0.041138,-0.041420,-0.041180,-0.042625,-0.045752,-0.053202,-0.053450,-0.053278,-0.055883,-0.057860,-0.047226,0.003692,0.033299,0.037181,0.036697,0.034640,0.029942,0.023367,0.016425,0.010618,0.005478,0.002073,0.000566,-0.003284,-0.012516,-0.021600,-0.025480,-0.028025,-0.030942,-0.033846,-0.032981,-0.030188,-0.023642,-0.010305,-0.001782,-0.004790,-0.012328,-0.011956,0.015986,0.031679,0.030226,0.029938,0.026982,0.024806,0.022857,0.021957,0.021341,0.021416,0.019650,0.021018,0.021641,0.020909,0.023550,0.027009,0.027651,0.026483,0.030383,0.033491,0.033697,0.033843,0.034655,0.036366,0.040457,0.035977,0.032862,0.033969,0.031775,0.028519,0.026486,0.029303,0.023905,0.020539,0.017465,0.021937,0.023474,0.022034,0.020928,0.019688,0.020412,0.020045,0.018825,0.017379,0.017739,0.018494,0.018974,0.014218,0.013027,0.013409,0.013521,0.012980,0.012288,0.012503,0.012552,0.010798,0.011238,0.038074,-0.013450,0.014972,0.015193,0.048592,0.020212,0.004954,-0.000805,0.013365,0.016931,0.012238,0.008358,0.007434,0.010060,0.033014,0.027235,0.007544,-0.036076,-0.008377,-0.006256,0.000663,-0.003391,0.009796,0.024097,0.010234,0.011582,0.023676,0.024051,0.053531,0.018082,-0.002643,-0.031030,0.015979,-0.022293,0.010516,-0.018645,-0.009835,-0.007780,-0.007293,-0.006852,-0.006616,-0.006232,-0.006701,-0.003580,-0.001787,-0.002252,-0.001132,-0.002837,-0.004263,-0.002799,-0.003561,-0.005757,-0.006237,-0.007324,-0.008760,-0.010046,-0.008957,-0.008154,-0.008995,-0.009842,-0.010044,-0.010049,-0.009565,-0.009916,-0.011369,-0.012191,-0.013236,-0.014471,-0.015855,-0.017609,-0.018075,-0.017440,-0.015195,-0.014170,-0.012496,-0.009146,-0.004935,-0.002773,0.000165,0.003406,0.006521,0.008804,0.012054,0.011339,0.013643,0.015781,0.014769,0.010349,0.005058,0.003402,0.002803,-0.001484,-0.002099,-0.003039,-0.003839,-0.004618,-0.005670,-0.009464,-0.010138,-0.011394,-0.012652,-0.013642,-0.012001,-0.009552,-0.009172,-0.008860,-0.007727,-0.006727,-0.003845,-0.006343,-0.008324,-0.011220,-0.011570,-0.012136,-0.015918,-0.018809,-0.022494,-0.022774,-0.023734,-0.024168,-0.024461,-0.020986,-0.018342,-0.015753,-0.012459,89.923066,89.899234,89.876748,89.870699,89.877716,89.895708,89.887868,89.888505,89.885696,89.874576,89.878006,89.883503,89.887385,89.889839,89.895656,89.907445,89.920530,89.932006,89.938424,89.942113,89.947244,89.957550,89.946644,89.943085,89.951296,89.958947,89.959143,89.955978,89.956415,89.961536,89.965879,89.963906,89.952809,89.944027,89.939019,89.903767,89.881617,89.873233,89.883033,89.878802,89.889262,90.195775,90.429481,90.538778,90.579925,90.564925,90.521659,90.485126,90.441933,90.384517,90.337480,90.325556,90.363298,90.413394,90.433384,90.418955,90.407286,90.397938,90.370563,90.315965,90.259207,90.212749,90.169158,90.209017,90.297730,90.348234,90.282341,90.075105,89.934784,89.914669,89.891665,89.870888,89.847895,89.828719,89.812843,89.805388,89.813667,89.835398,89.846179,89.862885,89.886908,89.905537,89.906879,89.919239,89.942672,89.951779,89.957569,89.952469,89.946398,89.951397,89.958538,89.959734,89.973866,89.956202,89.926597,89.917174,89.908054,89.896538,89.880626,89.897523,89.891597,89.879017,89.849119,89.841182,89.843667,89.843057,89.848114,89.860340,89.881150,89.901228,89.911287,89.910832,89.918078,89.932992,89.963447,89.973688,89.977537,89.981080,89.976047,89.964060,89.954067,89.955009,89.969896,89.986131,90.010881,90.212358,90.025896,89.998890,90.014513,90.220803,90.250498,90.135206,89.980492,89.959517,89.976414,89.983378,89.991530,89.997960,90.008049,90.192347,90.323503,90.270923,90.005875,89.980019,90.000021,90.072696,90.049351,90.068841,90.143994,90.070691,89.982966,89.983467,89.995166,90.213434,90.254910,90.217904,90.010821,90.171028,90.035005,90.127819,89.998141,89.975846,89.974341,89.974779,89.994718,89.985800,89.969525,89.962447,89.971360,89.971531,89.971100,89.990442,90.023498,90.013375,90.017270,90.016724,90.007616,89.999957,89.993773,89.991177,89.989533,89.984493,89.972648,89.962953,89.962193,89.967113,89.974810,89.986688,89.998451,90.002556,89.994178,89.982908,89.977934,89.979531,89.985003,89.990775,89.988607,89.981508,89.972085,89.962104,89.953519,89.949760,89.945071,89.928309,89.922811,89.927329,89.934240,89.953273,89.957242,89.956039,89.950470,89.946719,89.947294,89.948237,89.947863,89.946494,89.928365,89.924481,89.917671,89.907110,89.901726,89.911878,89.911622,89.908910,89.901918,89.904298,89.910673,89.910607,89.911262,89.914589,89.921142,89.932523,89.937034,89.950749,89.944911,89.947126,89.955772,89.962697,89.965690,89.963274,89.969420,89.962911,89.956922,89.946965,89.935495,89.912347,89.902349,89.904041,89.917078,89.929661,0.000618,0.000713,0.000814,0.000824,0.000732,0.000479,0.000530,0.000441,0.000423,0.000578,0.000602,0.000611,0.000630,0.000686,0.000746,0.000769,0.000744,0.000679,0.000630,0.000618,0.000616,0.000522,0.000667,0.000774,0.000800,0.000795,0.000777,0.000777,0.000832,0.000874,0.000862,0.000812,0.000817,0.000791,0.000694,0.000953,0.001059,0.001123,0.001161,0.001173,0.001141,0.001122,0.001152,0.001193,0.001197,0.001133,0.001023,0.000932,0.000877,0.000842,0.000813,0.000799,0.000833,0.000907,0.000975,0.001018,0.001058,0.001096,0.001117,0.001113,0.001103,0.001111,0.001122,0.001097,0.001104,0.001159,0.001182,0.001047,0.000921,0.000908,0.001073,0.001126,0.001123,0.001106,0.001102,0.001074,0.000970,0.000812,0.000857,0.000868,0.000825,0.000857,0.001000,0.000939,0.000772,0.000842,0.000895,0.000928,0.000916,0.000861,0.000836,0.000825,0.000584,0.000694,0.000880,0.000797,0.000779,0.000805,0.000892,0.000586,0.000599,0.000659,0.000917,0.000896,0.000774,0.000734,0.000710,0.000720,0.000702,0.000669,0.000639,0.000648,0.000610,0.000591,0.000367,0.000305,0.000298,0.000302,0.000339,0.000378,0.000418,0.000436,0.000402,0.000386,0.000393,0.000369,0.000447,0.000510,0.000495,0.000671,0.000584,0.000507,0.000594,0.000586,0.000474,0.000440,0.000488,0.000494,0.000443,0.000782,0.000830,0.000447,0.000555,0.000555,0.000397,0.000669,0.000730,0.000777,0.000627,0.000621,0.000557,0.000550,0.000535,0.000399,0.000383,0.000315,0.000474,0.000500,0.000299,0.000391,0.000327,0.000271,0.000368,0.000364,0.000379,0.000380,0.000377,0.000347,0.000342,0.000371,0.000377,0.000268,0.000229,0.000227,0.000242,0.000259,0.000343,0.000371,0.000385,0.000398,0.000415,0.000431,0.000453,0.000462,0.000455,0.000458,0.000472,0.000479,0.000467,0.000430,0.000397,0.000374,0.000358,0.000349,0.000365,0.000372,0.000397,0.000396,0.000378,0.000362,0.000361,0.000342,0.000357,0.000490,0.000429,0.000285,0.000324,0.000312,0.000420,0.000424,0.000357,0.000337,0.000335,0.000323,0.000311,0.000309,0.000513,0.000520,0.000544,0.000570,0.000539,0.000428,0.000518,0.000564,0.000599,0.000589,0.000581,0.000604,0.000591,0.000598,0.000652,0.000645,0.000656,0.000478,0.000581,0.000655,0.000660,0.000611,0.000539,0.000503,0.000348,0.000391,0.000431,0.000490,0.000517,0.000673,0.000680,0.000635,0.000592,0.000566
-0.009540,-0.007088,-0.002328,0.001634,0.003776,0.004584,0.000892,0.001265,0.000442,-0.000919,-0.001136,-0.003396,-0.005112,-0.007237,-0.010499,-0.014279,-0.017674,-0.019767,-0.021142,-0.021566,-0.021413,-0.020756,-0.024911,-0.026487,-0.028239,-0.030541,-0.032715,-0.035465,-0.038924,-0.039964,-0.040655,-0.041435,-0.042464,-0.043003,-0.044548,-0.053009,-0.053854,-0.052685,-0.055736,-0.060009,-0.047346,0.003249,0.034463,0.037995,0.036883,0.034021,0.028781,0.023913,0.017157,0.008776,0.006320,0.003570,0.000845,-0.004054,-0.013035,-0.019955,-0.024050,-0.027809,-0.030575,-0.032521,-0.032594,-0.029773,-0.023995,-0.010322,-0.000241,-0.003857,-0.013121,-0.010777,0.016620,0.032120,0.031033,0.028513,0.026218,0.025465,0.023510,0.021811,0.022206,0.022042,0.019375,0.022538,0.025193,0.022286,0.024339,0.028333,0.028668,0.025940,0.029398,0.033158,0.033068,0.034347,0.036711,0.037955,0.039735,0.035131,0.032649,0.033910,0.031665,0.028026,0.024819,0.028023,0.023448,0.021486,0.017478,0.021319,0.023817,0.022129,0.021404,0.020022,0.020788,0.020651,0.018600,0.017224,0.017347,0.018287,0.019416,0.015210,0.013787,0.014263,0.013455,0.012931,0.012189,0.012559,0.013261,0.011361,0.011686,0.038549,-0.013717,0.013914,0.016302,0.047492,0.018305,0.004415,-0.000574,0.013171,0.014502,0.013053,0.009939,0.007886,0.008579,0.032009,0.025643,0.006062,-0.036078,-0.008412,-0.006705,0.000304,-0.003350,0.008020,0.024628,0.010118,0.010243,0.022324,0.023714,0.053486,0.017813,-0.002733,-0.030153,0.017438,-0.024581,0.010869,-0.019073,-0.009075,-0.007792,-0.008473,-0.007829,-0.008056,-0.007043,-0.006189,-0.005617,-0.002775,-0.002756,-0.002018,-0.002305,-0.003818,-0.002287,-0.003064,-0.006110,-0.006758,-0.008493,-0.010210,-0.010065,-0.008100,-0.007379,-0.008730,-0.010219,-0.010471,-0.009838,-0.009239,-0.010234,-0.011580,-0.011969,-0.012439,-0.013758,-0.015135,-0.017223,-0.019091,-0.018458,-0.014943,-0.012741,-0.012815,-0.010616,-0.006638,-0.003855,-0.003471,0.003017,0.007266,0.008267,0.010571,0.012382,0.014192,0.015348,0.013187,0.009325,0.006106,0.004651,0.003500,-0.000836,-0.001224,-0.003440,-0.005013,-0.005414,-0.005700,-0.009940,-0.011590,-0.012244,-0.011338,-0.011773,-0.011430,-0.008810,-0.007070,-0.007632,-0.007873,-0.006564,-0.003967,-0.007303,-0.009109,-0.011436,-0.012148,-0.011771,-0.014644,-0.017473,-0.022592,-0.023789,-0.024014,-0.023209,-0.022699,-0.020037,-0.017134,-0.013884,-0.011356,89.913096,89.888268,89.859551,89.850540,89.863761,89.891940,89.892794,89.893872,89.890219,89.874760,89.878072,89.886539,89.888609,89.888083,89.895449,89.910125,89.923669,89.936224,89.944171,89.946250,89.948211,89.961587,89.957019,89.954362,89.953064,89.945230,89.940128,89.943979,89.951124,89.952779,89.953625,89.956061,89.953457,89.946381,89.935937,89.896572,89.875976,89.869426,89.881587,89.889838,89.912913,90.211307,90.444360,90.537927,90.566966,90.559541,90.522179,90.479312,90.431706,90.365198,90.322740,90.325767,90.358215,90.398453,90.415118,90.415547,90.417709,90.403074,90.364002,90.307565,90.248337,90.215378,90.176033,90.197903,90.288356,90.339778,90.277145,90.059041,89.939147,89.916395,89.882657,89.856477,89.840799,89.831480,89.819424,89.810563,89.811446,89.820593,89.823522,89.843427,89.882191,89.903922,89.906338,89.913087,89.936541,89.946751,89.954085,89.956302,89.951290,89.947718,89.950707,89.956565,89.970141,89.951009,89.924646,89.917750,89.908639,89.896882,89.881794,89.895271,89.879797,89.863629,89.829414,89.824496,89.834424,89.836233,89.843977,89.858271,89.877876,89.895099,89.904163,89.909296,89.919348,89.933336,89.963798,89.975613,89.975686,89.971499,89.965190,89.960966,89.955721,89.953884,89.962436,89.972567,89.998784,90.208035,90.013883,89.998935,90.026790,90.257153,90.248848,90.134443,89.977893,89.960044,89.972031,89.982114,89.990272,89.998471,90.006801,90.189642,90.309732,90.282850,90.015333,89.974624,89.988033,90.045021,90.055468,90.073243,90.158189,90.063187,90.002726,89.983017,89.984005,90.210803,90.271378,90.224216,90.010123,90.180111,90.038676,90.127494,90.012123,89.991901,89.986064,89.974684,89.979609,89.980477,89.975949,89.973303,89.959164,89.980175,89.983228,90.001385,90.016289,90.017240,90.018510,90.013298,90.002338,89.998525,89.998507,89.995548,89.987713,89.980345,89.974023,89.968889,89.968938,89.974182,89.979669,89.979725,89.975729,89.976673,89.977870,89.974467,89.971448,89.976750,89.983432,89.982141,89.975077,89.972337,89.974045,89.969246,89.958051,89.951438,89.945392,89.912336,89.909472,89.921416,89.937369,89.957660,89.966034,89.959892,89.954547,89.952463,89.951196,89.951451,89.954123,89.955897,89.936791,89.934218,89.930484,89.920272,89.909660,89.910912,89.902959,89.902587,89.904967,89.912431,89.918159,89.919614,89.924503,89.928968,89.931582,89.939705,89.947983,89.962384,89.954603,89.951820,89.953875,89.956902,89.961874,89.963301,89.972393,89.965878,89.959151,89.947091,89.929566,89.903226,89.892133,89.899184,89.914921,89.923315,0.000583,0.000689,0.000826,0.000844,0.000743,0.000500,0.000527,0.000452,0.000444,0.000610,0.000639,0.000641,0.000662,0.000704,0.000735,0.000731,0.000694,0.000658,0.000658,0.000677,0.000675,0.000549,0.000667,0.000753,0.000808,0.000865,0.000871,0.000846,0.000848,0.000853,0.000842,0.000802,0.000795,0.000769,0.000699,0.001020,0.001101,0.001103,0.001104,0.001130,0.001137,0.001136,0.001140,0.001149,0.001140,0.001107,0.001043,0.000984,0.000914,0.000865,0.000810,0.000788,0.000812,0.000879,0.000942,0.000993,0.001032,0.001048,0.001053,0.001065,0.001101,0.001157,0.001196,0.001170,0.001137,0.001180,0.001204,0.001061,0.000909,0.000871,0.001018,0.001061,0.001062,0.001063,0.001097,0.001121,0.001060,0.000897,0.000887,0.000865,0.000798,0.000935,0.001074,0.001009,0.000785,0.000800,0.000812,0.000828,0.000871,0.000876,0.000835,0.000770,0.000542,0.000677,0.000892,0.000863,0.000877,0.000890,0.000944,0.000620,0.000654,0.000670,0.000963,0.000935,0.000748,0.000693,0.000647,0.000653,0.000649,0.000630,0.000626,0.000646,0.000623,0.000603,0.000390,0.000346,0.000349,0.000341,0.000366,0.000389,0.000425,0.000438,0.000399,0.000368,0.000357,0.000357,0.000401,0.000462,0.000537,0.000647,0.000546,0.000480,0.000584,0.000580,0.000459,0.000427,0.000477,0.000475,0.000424,0.000618,0.000742,0.000525,0.000534,0.000541,0.000390,0.000695,0.000732,0.000766,0.000617,0.000627,0.000553,0.000522,0.000506,0.000433,0.000435,0.000338,0.000394,0.000468,0.000380,0.000466,0.000396,0.000379,0.000373,0.000378,0.000401,0.000412,0.000405,0.000367,0.000358,0.000381,0.000382,0.000281,0.000252,0.000234,0.000225,0.000233,0.000320,0.000354,0.000368,0.000374,0.000392,0.000422,0.000463,0.000487,0.000482,0.000475,0.000477,0.000474,0.000473,0.000462,0.000448,0.000440,0.000433,0.000402,0.000378,0.000373,0.000383,0.000392,0.000392,0.000388,0.000384,0.000352,0.000327,0.000547,0.000492,0.000279,0.000237,0.000292,0.000376,0.000385,0.000337,0.000337,0.000352,0.000356,0.000341,0.000310,0.000497,0.000512,0.000581,0.000655,0.000622,0.000472,0.000548,0.000598,0.000635,0.000617,0.000607,0.000619,0.000581,0.000578,0.000643,0.000653,0.000639,0.000462,0.000543,0.000608,0.000656,0.000675,0.000621,0.000574,0.000387,0.000401,0.000425,0.000462,0.000468,0.000579,0.000600,0.000574,0.000546,0.000532
-0.009647,-0.006898,-0.002753,0.000585,0.003256,0.005399,0.002447,0.003178,0.001635,-0.001196,-0.001386,-0.003169,-0.004446,-0.007763,-0.012464,-0.016825,-0.018920,-0.019969,-0.020913,-0.021916,-0.022657,-0.022886,-0.027195,-0.027352,-0.028909,-0.032641,-0.034793,-0.035025,-0.036142,-0.038046,-0.039563,-0.040589,-0.041838,-0.043472,-0.045653,-0.051831,-0.050362,-0.051140,-0.055262,-0.057931,-0.046629,0.002988,0.035079,0.038470,0.036942,0.033663,0.028834,0.022903,0.016704,0.012031,0.008135,0.003460,0.000714,-0.004423,-0.011699,-0.018431,-0.023541,-0.028667,-0.029049,-0.030755,-0.032344,-0.029922,-0.024755,-0.011065,-0.000584,-0.004897,-0.013112,-0.011420,0.016972,0.033749,0.031526,0.030765,0.028691,0.026626,0.023230,0.021631,0.021828,0.021142,0.019665,0.022749,0.025561,0.022080,0.022558,0.027164,0.028414,0.025261,0.027824,0.031779,0.033393,0.034670,0.035248,0.036924,0.040499,0.036367,0.033894,0.034985,0.031475,0.027246,0.024714,0.028150,0.024434,0.021934,0.018107,0.021332,0.023608,0.022048,0.020850,0.019996,0.021820,0.021575,0.019778,0.017234,0.016745,0.018513,0.020006,0.015159,0.013122,0.014221,0.013636,0.013402,0.013059,0.013678,0.013229,0.010483,0.011351,0.037884,-0.014537,0.015381,0.015526,0.047875,0.020982,0.003716,-0.003403,0.011549,0.015542,0.010105,0.007391,0.007040,0.010278,0.033060,0.027315,0.007858,-0.037262,-0.009546,-0.007640,0.000812,-0.003963,0.008359,0.022521,0.009559,0.011098,0.021395,0.023611,0.052394,0.019220,-0.002456,-0.031092,0.015529,-0.022925,0.010302,-0.021060,-0.009667,-0.007164,-0.006286,-0.006588,-0.008256,-0.005985,-0.008227,-0.005152,-0.002601,-0.000687,-0.001915,-0.002838,-0.003202,-0.000832,-0.003013,-0.005691,-0.006262,-0.007362,-0.008389,-0.008527,-0.008177,-0.008726,-0.009855,-0.009689,-0.008695,-0.008336,-0.008566,-0.009352,-0.011227,-0.012802,-0.014017,-0.015348,-0.016544,-0.017596,-0.018419,-0.019137,-0.016890,-0.012907,-0.011270,-0.010531,-0.006594,-0.003911,-0.000417,0.006344,0.006639,0.007734,0.012294,0.011437,0.012640,0.015764,0.013302,0.007736,0.004866,0.004550,0.002771,-0.002255,-0.001923,-0.002645,-0.003979,-0.005388,-0.005767,-0.009814,-0.011420,-0.012562,-0.011754,-0.011728,-0.011769,-0.010518,-0.009557,-0.009164,-0.007835,-0.006376,-0.004084,-0.007768,-0.008794,-0.010295,-0.011448,-0.012485,-0.014992,-0.017707,-0.023078,-0.024091,-0.023882,-0.023671,-0.022462,-0.019550,-0.017672,-0.014740,-0.011960,89.912117,89.893491,89.874705,89.867410,89.871828,89.892972,89.894795,89.906914,89.907585,89.886520,89.878612,89.881183,89.886647,89.890164,89.895468,89.903632,89.915441,89.930868,89.943755,89.946746,89.948066,89.961550,89.952909,89.950131,89.953387,89.951182,89.947420,89.950182,89.957148,89.955881,89.947351,89.943572,89.945117,89.946586,89.941935,89.896580,89.869679,89.868447,89.881167,89.887275,89.911684,90.191773,90.421779,90.534318,90.571235,90.558902,90.524285,90.486233,90.426150,90.371331,90.339210,90.336434,90.356396,90.388083,90.416097,90.431473,90.426691,90.395414,90.356071,90.310130,90.253497,90.208637,90.163244,90.201277,90.301217,90.353002,90.275996,90.063260,89.940525,89.919291,89.889551,89.868586,89.848274,89.830544,89.815341,89.807056,89.813884,89.834444,89.846613,89.862650,89.891489,89.906501,89.904454,89.913371,89.937076,89.945672,89.952889,89.956829,89.954332,89.953996,89.951846,89.949908,89.966264,89.952555,89.928034,89.921823,89.908976,89.896085,89.884939,89.900437,89.887481,89.869540,89.834494,89.825313,89.829914,89.833447,89.849141,89.868090,89.889308,89.901880,89.909380,89.917014,89.931028,89.945397,89.970179,89.975499,89.973429,89.973544,89.970991,89.968852,89.965992,89.965504,89.972636,89.979560,90.005621,90.221259,90.025158,90.013573,90.020350,90.241482,90.267180,90.136620,90.003127,89.979515,89.989505,89.993974,89.989097,89.990048,90.002329,90.201378,90.308840,90.279251,89.993200,89.969336,89.999345,90.062892,90.035899,90.066660,90.156428,90.075804,89.996216,89.981014,89.978671,90.184399,90.264320,90.217137,90.010520,90.154097,90.040631,90.130092,90.000872,89.967868,89.966961,89.972814,89.968065,89.968650,89.977159,89.978712,89.975979,89.978079,89.973021,89.974690,90.009439,90.017300,90.020371,90.015160,90.003137,89.997745,89.993001,89.984485,89.978515,89.978372,89.977606,89.975723,89.974624,89.974875,89.977070,89.980852,89.983417,89.984929,89.980342,89.971398,89.968742,89.974103,89.980798,89.981688,89.976084,89.974128,89.974424,89.967150,89.951458,89.939763,89.943709,89.931288,89.921101,89.916969,89.927464,89.955117,89.965152,89.961714,89.955915,89.948648,89.947891,89.952274,89.954966,89.953143,89.933561,89.929161,89.921105,89.912312,89.911726,89.921425,89.912776,89.905607,89.898370,89.900415,89.905804,89.909115,89.916185,89.926865,89.935795,89.946738,89.952412,89.964987,89.954532,89.950497,89.952915,89.955196,89.957751,89.957181,89.963344,89.950812,89.939939,89.930010,89.915578,89.894957,89.889526,89.895883,89.907790,89.917997,0.000657,0.000764,0.000880,0.000894,0.000770,0.000489,0.000522,0.000442,0.000445,0.000640,0.000696,0.000693,0.000675,0.000701,0.000740,0.000744,0.000713,0.000676,0.000662,0.000684,0.000678,0.000531,0.000693,0.000802,0.000844,0.000881,0.000852,0.000794,0.000775,0.000792,0.000823,0.000833,0.000859,0.000847,0.000755,0.001065,0.001152,0.001149,0.001141,0.001150,0.001150,0.001159,0.001176,0.001178,0.001154,0.001102,0.001037,0.000982,0.000916,0.000873,0.000846,0.000831,0.000842,0.000889,0.000962,0.001026,0.001063,0.001088,0.001112,0.001132,0.001150,0.001158,0.001178,0.001138,0.001090,0.001148,0.001166,0.001052,0.000934,0.000920,0.001114,0.001132,0.001132,0.001134,0.001134,0.001088,0.000979,0.000846,0.000887,0.000890,0.000776,0.000843,0.001026,0.000977,0.000802,0.000882,0.000921,0.000912,0.000928,0.000928,0.000941,0.000904,0.000592,0.000668,0.000892,0.000837,0.000847,0.000858,0.000885,0.000576,0.000601,0.000645,0.000924,0.000903,0.000757,0.000714,0.000652,0.000678,0.000677,0.000674,0.000653,0.000654,0.000623,0.000615,0.000414,0.000356,0.000348,0.000330,0.000365,0.000394,0.000422,0.000418,0.000374,0.000362,0.000369,0.000439,0.000448,0.000494,0.000557,0.000648,0.000567,0.000489,0.000565,0.000549,0.000502,0.000468,0.000522,0.000507,0.000444,0.000552,0.000694,0.000480,0.000587,0.000583,0.000432,0.000644,0.000704,0.000790,0.000664,0.000683,0.000593,0.000572,0.000559,0.000356,0.000394,0.000343,0.000431,0.000442,0.000318,0.000363,0.000338,0.000284,0.000367,0.000373,0.000372,0.000403,0.000390,0.000364,0.000362,0.000386,0.000393,0.000293,0.000260,0.000253,0.000257,0.000258,0.000340,0.000378,0.000403,0.000420,0.000420,0.000415,0.000437,0.000465,0.000485,0.000500,0.000495,0.000472,0.000457,0.000441,0.000433,0.000441,0.000445,0.000451,0.000446,0.000413,0.000407,0.000401,0.000400,0.000400,0.000402,0.000378,0.000375,0.000474,0.000414,0.000255,0.000293,0.000286,0.000379,0.000418,0.000374,0.000361,0.000350,0.000329,0.000318,0.000315,0.000510,0.000531,0.000597,0.000668,0.000634,0.000465,0.000534,0.000575,0.000629,0.000634,0.000621,0.000622,0.000594,0.000590,0.000647,0.000636,0.000626,0.000450,0.000564,0.000641,0.000673,0.000675,0.000623,0.000577,0.000381,0.000416,0.000452,0.000481,0.000499,0.000636,0.000671,0.000650,0.000622,0.000603
-0.009942,-0.007186,-0.003167,0.000545,0.003793,0.006246,0.003167,0.002894,0.001315,-0.001067,-0.001016,-0.002467,-0.003444,-0.006320,-0.010938,-0.014440,-0.016748,-0.018995,-0.021523,-0.023068,-0.022877,-0.022064,-0.026273,-0.027262,-0.028755,-0.031460,-0.033444,-0.035049,-0.038030,-0.040322,-0.041457,-0.041256,-0.041132,-0.042418,-0.044563,-0.052571,-0.052313,-0.052657,-0.055511,-0.058257,-0.046431,0.004328,0.034156,0.038058,0.038387,0.035586,0.030142,0.023585,0.016397,0.009219,0.006110,0.002578,0.000358,-0.003668,-0.011461,-0.019982,-0.024919,-0.028232,-0.030068,-0.031740,-0.032011,-0.031038,-0.022759,-0.010866,-0.000968,-0.004468,-0.012920,-0.011433,0.015938,0.032268,0.031273,0.029659,0.027750,0.026130,0.022973,0.021485,0.021013,0.020477,0.019418,0.021629,0.023358,0.021575,0.024099,0.028260,0.029193,0.026446,0.028773,0.031620,0.033747,0.034874,0.035721,0.038942,0.041909,0.035524,0.032245,0.035063,0.032719,0.028757,0.026419,0.027889,0.022334,0.019777,0.017073,0.021095,0.021971,0.019574,0.020076,0.020966,0.021008,0.020804,0.018844,0.017359,0.017220,0.018679,0.020487,0.015579,0.012818,0.012974,0.013230,0.012948,0.012245,0.012513,0.013198,0.012190,0.012208,0.037762,-0.012964,0.013940,0.014367,0.047842,0.020212,0.004360,-0.001056,0.013472,0.016398,0.013155,0.008941,0.008299,0.009658,0.033726,0.027538,0.008216,-0.034602,-0.008346,-0.007182,0.000130,-0.003646,0.009749,0.024558,0.009400,0.011678,0.023455,0.025045,0.053976,0.018107,-0.001990,-0.029011,0.015536,-0.023899,0.010188,-0.019409,-0.008637,-0.009320,-0.008308,-0.007649,-0.008266,-0.006447,-0.007373,-0.006002,-0.001485,-0.002859,-0.001552,-0.002750,-0.002752,-0.002253,-0.003326,-0.005307,-0.006007,-0.008241,-0.010042,-0.009917,-0.008066,-0.007843,-0.010052,-0.011552,-0.011463,-0.010578,-0.009221,-0.009462,-0.011120,-0.012650,-0.014126,-0.014817,-0.015842,-0.017814,-0.018962,-0.018444,-0.015194,-0.013879,-0.014309,-0.011931,-0.005766,-0.002476,-0.002731,0.004222,0.007567,0.007439,0.010598,0.011087,0.013970,0.016408,0.013599,0.009527,0.006515,0.004757,0.003040,-0.000399,-0.000001,-0.001613,-0.003964,-0.005742,-0.006695,-0.010877,-0.011415,-0.011935,-0.012010,-0.012397,-0.012294,-0.010454,-0.008526,-0.007350,-0.006990,-0.006757,-0.003548,-0.005893,-0.008805,-0.012411,-0.012697,-0.013341,-0.016662,-0.019028,-0.023114,-0.024459,-0.024590,-0.022842,-0.022013,-0.018969,-0.016765,-0.014636,-0.012324,89.905798,89.882773,89.862830,89.863197,89.876354,89.895477,89.887186,89.890660,89.896218,89.891535,89.894960,89.894894,89.894077,89.894443,89.897576,89.907941,89.923659,89.938272,89.944084,89.941758,89.940292,89.951974,89.948604,89.952223,89.956408,89.951112,89.944523,89.947943,89.954327,89.951356,89.943103,89.941870,89.946364,89.950889,89.948722,89.903379,89.877166,89.869544,89.879728,89.888768,89.902623,90.211212,90.451359,90.551448,90.577109,90.553142,90.511693,90.480915,90.438372,90.362644,90.323899,90.323219,90.345944,90.384371,90.412467,90.419906,90.419848,90.404452,90.372248,90.329545,90.269858,90.198452,90.164403,90.203002,90.290309,90.332396,90.261062,90.073043,89.945940,89.918082,89.886054,89.859870,89.838719,89.824196,89.815392,89.814032,89.821276,89.832779,89.840961,89.862358,89.893671,89.907858,89.906409,89.918483,89.948215,89.953060,89.954708,89.956959,89.956937,89.956186,89.951176,89.956008,89.978795,89.964046,89.930370,89.918988,89.907302,89.897543,89.883066,89.895559,89.884162,89.867050,89.835415,89.827897,89.831773,89.831705,89.840793,89.856898,89.872821,89.889006,89.904170,89.919127,89.933026,89.942458,89.966484,89.976024,89.979695,89.976280,89.964138,89.954275,89.952581,89.959439,89.974753,89.988900,90.006216,90.227821,90.018370,89.996507,90.013168,90.232109,90.248337,90.131866,89.968307,89.955832,89.978853,89.989041,89.993489,89.998843,90.003904,90.194281,90.305803,90.279610,90.005043,89.966051,89.994334,90.059882,90.054415,90.079612,90.154932,90.073148,89.994427,89.977140,89.980188,90.209798,90.260038,90.194899,89.996414,90.154694,90.032151,90.135364,89.995132,89.972500,89.989541,89.977925,89.988165,89.980802,89.974080,89.966287,89.961570,89.977841,89.977482,89.987117,90.011562,90.014018,90.018900,90.012167,89.996311,89.987869,89.983446,89.978269,89.976712,89.982088,89.986116,89.982768,89.977011,89.973646,89.973703,89.978456,89.987589,89.995027,89.991590,89.982673,89.979378,89.982023,89.982334,89.980196,89.975623,89.974388,89.975412,89.973866,89.964223,89.951760,89.940121,89.920450,89.911031,89.920572,89.934677,89.951711,89.949907,89.949839,89.950461,89.948522,89.952504,89.959103,89.958804,89.950143,89.927073,89.924457,89.921330,89.912529,89.906267,89.913998,89.907855,89.902846,89.897182,89.899835,89.907631,89.913332,89.919509,89.923638,89.928689,89.940311,89.947173,89.963858,89.956637,89.954198,89.955321,89.957369,89.961968,89.963094,89.970720,89.958556,89.945060,89.931922,89.920728,89.903925,89.903133,89.907858,89.915277,89.918726,0.000636,0.000759,0.000903,0.000907,0.000778,0.000509,0.000539,0.000453,0.000439,0.000608,0.000639,0.000642,0.000649,0.000691,0.000725,0.000718,0.000695,0.000690,0.000722,0.000760,0.000753,0.000593,0.000698,0.000803,0.000864,0.000893,0.000891,0.000884,0.000902,0.000897,0.000872,0.000830,0.000822,0.000792,0.000694,0.001068,0.001180,0.001189,0.001161,0.001124,0.001102,0.001123,0.001167,0.001195,0.001182,0.001121,0.001039,0.000976,0.000919,0.000881,0.000869,0.000868,0.000901,0.000954,0.001005,0.001044,0.001076,0.001101,0.001117,0.001127,0.001138,0.001198,0.001241,0.001229,0.001195,0.001221,0.001237,0.001117,0.000933,0.000917,0.001067,0.001118,0.001101,0.001089,0.001117,0.001112,0.001026,0.000913,0.000944,0.000940,0.000867,0.000956,0.001114,0.001051,0.000828,0.000929,0.000998,0.001007,0.000996,0.000948,0.000926,0.000884,0.000604,0.000677,0.000897,0.000844,0.000875,0.000887,0.000934,0.000635,0.000650,0.000723,0.000999,0.000970,0.000805,0.000756,0.000734,0.000750,0.000765,0.000719,0.000668,0.000649,0.000623,0.000611,0.000393,0.000340,0.000332,0.000321,0.000359,0.000405,0.000452,0.000467,0.000411,0.000373,0.000358,0.000429,0.000444,0.000528,0.000553,0.000704,0.000583,0.000570,0.000658,0.000649,0.000477,0.000463,0.000525,0.000506,0.000440,0.000587,0.000753,0.000536,0.000592,0.000617,0.000475,0.000783,0.000811,0.000839,0.000662,0.000642,0.000561,0.000596,0.000567,0.000404,0.000394,0.000321,0.000393,0.000425,0.000345,0.000462,0.000422,0.000397,0.000398,0.000401,0.000418,0.000424,0.000397,0.000351,0.000351,0.000378,0.000385,0.000292,0.000274,0.000266,0.000261,0.000257,0.000338,0.000381,0.000407,0.000423,0.000436,0.000445,0.000463,0.000476,0.000474,0.000478,0.000490,0.000506,0.000514,0.000486,0.000446,0.000416,0.000405,0.000401,0.000419,0.000413,0.000412,0.000405,0.000398,0.000395,0.000399,0.000372,0.000383,0.000462,0.000472,0.000277,0.000295,0.000298,0.000398,0.000406,0.000347,0.000331,0.000331,0.000326,0.000314,0.000304,0.000519,0.000542,0.000581,0.000624,0.000601,0.000479,0.000579,0.000601,0.000601,0.000574,0.000570,0.000596,0.000600,0.000636,0.000710,0.000693,0.000689,0.000493,0.000607,0.000674,0.000682,0.000650,0.000594,0.000575,0.000396,0.000428,0.000468,0.000522,0.000564,0.000715,0.000695,0.000631,0.000588,0.000572
-0.009555,-0.006878,-0.003123,0.000305,0.004076,0.007996,0.003730,0.003008,0.001392,-0.000792,-0.001303,-0.003060,-0.004091,-0.007610,-0.011756,-0.015559,-0.018393,-0.019356,-0.021647,-0.023773,-0.024677,-0.023833,-0.027427,-0.027615,-0.029208,-0.032073,-0.033263,-0.034576,-0.037232,-0.039149,-0.040040,-0.040928,-0.041693,-0.042357,-0.044832,-0.052928,-0.052873,-0.053445,-0.057310,-0.057041,-0.046141,0.004866,0.034083,0.037889,0.037500,0.034310,0.029984,0.024295,0.017295,0.011935,0.008129,0.003941,0.000012,-0.004884,-0.012753,-0.021140,-0.024851,-0.027541,-0.029656,-0.032782,-0.033153,-0.030327,-0.023601,-0.011870,-0.000887,-0.004849,-0.012236,-0.009566,0.017877,0.031387,0.030476,0.030757,0.028676,0.025777,0.023937,0.023289,0.022040,0.021173,0.020043,0.022442,0.024032,0.020843,0.023217,0.027389,0.029319,0.026665,0.029785,0.032303,0.032810,0.034389,0.036381,0.036834,0.040638,0.036720,0.032955,0.034053,0.032137,0.029011,0.025383,0.027987,0.023447,0.022663,0.018927,0.022279,0.024496,0.022450,0.020845,0.019999,0.021569,0.020585,0.018308,0.016358,0.017234,0.019294,0.020888,0.016377,0.014450,0.014827,0.014035,0.013233,0.012156,0.012393,0.012881,0.011243,0.011852,0.038438,-0.014807,0.013174,0.015461,0.045500,0.019651,0.005937,-0.001877,0.012147,0.015274,0.012654,0.009486,0.008616,0.010808,0.032684,0.025309,0.006634,-0.037099,-0.009430,-0.008112,-0.000047,-0.003664,0.007703,0.024660,0.009305,0.013229,0.024663,0.024995,0.052695,0.018264,-0.006014,-0.030517,0.014510,-0.024687,0.009899,-0.019994,-0.008526,-0.006994,-0.006663,-0.007188,-0.006832,-0.005359,-0.005777,-0.004560,-0.000119,-0.002102,-0.002313,-0.002758,-0.003228,-0.003459,-0.003708,-0.005710,-0.006629,-0.008557,-0.008884,-0.008247,-0.007581,-0.009268,-0.010846,-0.010050,-0.009512,-0.009470,-0.009382,-0.010162,-0.011483,-0.012763,-0.014595,-0.015726,-0.015532,-0.016694,-0.019041,-0.019104,-0.016591,-0.014127,-0.012688,-0.009705,-0.007299,-0.004734,-0.001669,0.002140,0.006634,0.009041,0.011949,0.010058,0.013354,0.017566,0.015980,0.010634,0.005955,0.003718,0.001874,-0.002436,-0.002309,-0.002217,-0.003481,-0.005237,-0.005983,-0.009213,-0.010273,-0.011955,-0.011492,-0.010746,-0.011118,-0.009981,-0.009046,-0.009169,-0.008771,-0.007143,-0.003617,-0.006706,-0.008245,-0.010355,-0.011055,-0.012108,-0.014848,-0.016930,-0.021290,-0.022616,-0.023978,-0.024080,-0.022770,-0.018729,-0.016168,-0.014568,-0.012119,89.901567,89.879056,89.861106,89.856034,89.862494,89.887751,89.888001,89.900119,89.905619,89.890177,89.882818,89.878289,89.882100,89.889445,89.898423,89.907905,89.919361,89.934679,89.942797,89.944227,89.948809,89.966185,89.960165,89.955644,89.952788,89.947957,89.948885,89.953493,89.956393,89.952661,89.949077,89.950465,89.948748,89.948608,89.950205,89.914780,89.888838,89.876727,89.885734,89.894118,89.915446,90.189497,90.423492,90.543005,90.581121,90.558741,90.516146,90.482890,90.439034,90.373343,90.322080,90.326508,90.361145,90.399732,90.422680,90.424227,90.414811,90.396191,90.366073,90.315076,90.255611,90.208517,90.179516,90.208716,90.297690,90.352849,90.277987,90.057803,89.943686,89.915236,89.879143,89.854081,89.835500,89.823187,89.815275,89.814699,89.821369,89.831605,89.833858,89.853377,89.889984,89.912660,89.906012,89.910031,89.937326,89.945932,89.953089,89.953840,89.951754,89.953885,89.956458,89.955262,89.971270,89.955841,89.922911,89.916682,89.908246,89.894603,89.879804,89.898636,89.885638,89.870703,89.838562,89.830797,89.836079,89.836416,89.845795,89.861724,89.882884,89.897322,89.907017,89.914039,89.927563,89.946740,89.978616,89.985384,89.980855,89.978820,89.976461,89.970396,89.960245,89.954547,89.962846,89.974875,89.996608,90.214296,90.017801,90.005303,90.028454,90.235000,90.255804,90.151576,89.980504,89.975463,89.992487,89.993629,89.994236,89.998917,90.007125,90.193521,90.313186,90.270213,90.012503,89.983215,90.003914,90.061253,90.058761,90.069832,90.150694,90.065666,89.997475,89.977645,89.979462,90.212067,90.265857,90.214064,90.008922,90.161627,90.047869,90.138414,90.009692,89.981059,90.001527,89.969716,89.986994,89.983034,89.978489,89.972658,89.966059,89.976720,89.981923,89.998159,90.021909,90.020037,90.017861,90.011307,90.000501,89.997931,89.996019,89.990202,89.983489,89.977376,89.969492,89.965561,89.968584,89.972608,89.973005,89.976883,89.988235,89.994978,89.986514,89.975156,89.973886,89.978240,89.980823,89.976546,89.970501,89.965514,89.962022,89.958534,89.957908,89.962606,89.955996,89.930900,89.915800,89.932532,89.941028,89.950186,89.942767,89.949417,89.961100,89.959993,89.952300,89.947742,89.947159,89.946626,89.926857,89.916058,89.906089,89.897970,89.898890,89.916267,89.917930,89.914990,89.904996,89.903896,89.910808,89.916767,89.924070,89.931075,89.934245,89.938945,89.942297,89.956937,89.948791,89.944527,89.946927,89.954250,89.964794,89.967573,89.973595,89.961896,89.952583,89.940676,89.927063,89.905948,89.896413,89.899292,89.909848,89.915316,0.000639,0.000730,0.000833,0.000865,0.000783,0.000482,0.000528,0.000431,0.000417,0.000623,0.000667,0.000662,0.000656,0.000702,0.000753,0.000768,0.000762,0.000726,0.000704,0.000710,0.000694,0.000555,0.000708,0.000783,0.000792,0.000825,0.000829,0.000815,0.000823,0.000841,0.000854,0.000852,0.000886,0.000868,0.000768,0.001059,0.001153,0.001223,0.001232,0.001224,0.001187,0.001171,0.001208,0.001257,0.001255,0.001170,0.001055,0.000959,0.000901,0.000853,0.000848,0.000866,0.000896,0.000936,0.000975,0.001012,0.001043,0.001071,0.001099,0.001123,0.001156,0.001193,0.001200,0.001148,0.001087,0.001127,0.001161,0.001078,0.000907,0.000890,0.001073,0.001129,0.001153,0.001156,0.001152,0.001102,0.000978,0.000832,0.000865,0.000883,0.000843,0.000933,0.001118,0.001077,0.000834,0.000928,0.000977,0.000977,0.000958,0.000914,0.000878,0.000849,0.000579,0.000674,0.000955,0.000872,0.000840,0.000854,0.000937,0.000625,0.000712,0.000754,0.001011,0.000978,0.000800,0.000742,0.000710,0.000744,0.000738,0.000718,0.000667,0.000651,0.000630,0.000619,0.000407,0.000359,0.000356,0.000349,0.000391,0.000431,0.000462,0.000462,0.000417,0.000395,0.000403,0.000384,0.000462,0.000523,0.000564,0.000691,0.000619,0.000579,0.000668,0.000650,0.000471,0.000441,0.000500,0.000493,0.000435,0.000702,0.000677,0.000581,0.000533,0.000530,0.000537,0.000706,0.000696,0.000760,0.000664,0.000685,0.000623,0.000583,0.000571,0.000452,0.000475,0.000366,0.000398,0.000414,0.000313,0.000487,0.000515,0.000365,0.000389,0.000383,0.000412,0.000428,0.000423,0.000394,0.000397,0.000425,0.000415,0.000300,0.000278,0.000286,0.000296,0.000292,0.000368,0.000384,0.000392,0.000407,0.000420,0.000441,0.000484,0.000513,0.000510,0.000496,0.000492,0.000495,0.000493,0.000469,0.000443,0.000431,0.000427,0.000417,0.000391,0.000399,0.000401,0.000410,0.000419,0.000417,0.000404,0.000365,0.000366,0.000555,0.000509,0.000247,0.000299,0.000291,0.000363,0.000363,0.000324,0.000324,0.000332,0.000322,0.000308,0.000291,0.000500,0.000551,0.000618,0.000679,0.000649,0.000496,0.000565,0.000588,0.000615,0.000610,0.000608,0.000628,0.000612,0.000612,0.000669,0.000678,0.000676,0.000476,0.000551,0.000602,0.000643,0.000662,0.000608,0.000567,0.000389,0.000426,0.000470,0.000526,0.000540,0.000653,0.000645,0.000603,0.000578,0.000577
-0.008478,-0.006052,-0.002399,0.001629,0.004112,0.005696,0.002024,0.002363,0.001742,-0.000953,-0.002171,-0.004357,-0.004911,-0.007592,-0.011696,-0.015416,-0.018490,-0.020700,-0.022340,-0.023068,-0.022879,-0.022679,-0.026538,-0.027487,-0.027732,-0.030615,-0.033065,-0.035356,-0.038517,-0.041021,-0.041606,-0.041295,-0.041800,-0.043242,-0.045978,-0.052738,-0.051657,-0.052385,-0.056618,-0.059118,-0.046402,0.003342,0.034614,0.038054,0.037674,0.035457,0.030689,0.023845,0.015412,0.009626,0.007006,0.002600,-0.000162,-0.004797,-0.012304,-0.020554,-0.024381,-0.027011,-0.029529,-0.031581,-0.032348,-0.030554,-0.023446,-0.010428,-0.000138,-0.003563,-0.012218,-0.009983,0.013767,0.033656,0.030715,0.029999,0.028607,0.026720,0.024303,0.022451,0.021788,0.021218,0.020292,0.021657,0.022353,0.021632,0.023434,0.027906,0.029095,0.025400,0.028387,0.032661,0.033786,0.033820,0.034662,0.037346,0.040405,0.035685,0.033594,0.034744,0.031830,0.027020,0.024863,0.027749,0.024083,0.022467,0.017973,0.022459,0.023729,0.021633,0.020579,0.020368,0.021807,0.021432,0.018835,0.015135,0.015081,0.017465,0.020343,0.016400,0.014010,0.013846,0.012133,0.011961,0.012498,0.013046,0.012936,0.011847,0.011963,0.038476,-0.015205,0.012811,0.015039,0.047963,0.021379,0.004075,-0.001841,0.013648,0.016208,0.012633,0.010248,0.010949,0.010710,0.033659,0.025983,0.007526,-0.035319,-0.009092,-0.006023,0.000053,-0.002086,0.008510,0.021402,0.008359,0.013226,0.023346,0.023268,0.051311,0.016047,-0.002823,-0.029244,0.015505,-0.025544,0.008128,-0.020848,-0.008668,-0.009629,-0.006063,-0.006738,-0.008714,-0.006395,-0.006975,-0.006911,-0.003135,-0.001842,-0.000673,-0.000780,-0.002846,-0.001282,-0.002342,-0.004821,-0.006336,-0.008407,-0.009209,-0.009005,-0.007672,-0.007454,-0.008593,-0.009449,-0.009882,-0.009421,-0.008547,-0.009617,-0.012983,-0.014288,-0.013984,-0.014324,-0.015268,-0.017439,-0.018505,-0.018942,-0.016185,-0.013529,-0.012438,-0.010642,-0.006400,-0.002830,-0.001232,0.003828,0.006657,0.008821,0.010410,0.009748,0.013498,0.015543,0.013290,0.010392,0.007040,0.004653,0.002689,-0.001605,-0.001665,-0.002211,-0.002334,-0.003739,-0.005715,-0.010123,-0.011183,-0.012342,-0.011999,-0.011589,-0.010857,-0.009436,-0.008209,-0.008431,-0.007921,-0.006112,-0.002631,-0.006367,-0.008380,-0.010957,-0.012549,-0.014916,-0.017501,-0.018290,-0.020843,-0.020761,-0.021746,-0.022467,-0.023085,-0.020253,-0.017650,-0.014692,-0.011597,89.906561,89.886250,89.860699,89.854375,89.867448,89.897132,89.900288,89.902909,89.896864,89.875929,89.870175,89.871212,89.874963,89.881733,89.895357,89.910916,89.921233,89.931954,89.944201,89.952954,89.956712,89.964548,89.957442,89.952811,89.956034,89.950251,89.942621,89.943463,89.948357,89.947208,89.941975,89.942136,89.942018,89.944413,89.945601,89.905048,89.880988,89.882038,89.895689,89.894767,89.908260,90.197118,90.429958,90.537365,90.578685,90.572350,90.532320,90.487819,90.429608,90.367534,90.335424,90.329934,90.349960,90.392318,90.422086,90.417804,90.401973,90.385418,90.355868,90.309514,90.249367,90.202382,90.171652,90.197102,90.293683,90.345501,90.283703,90.072920,89.939497,89.913270,89.883155,89.860005,89.843756,89.828581,89.815574,89.809551,89.816489,89.832262,89.841759,89.859420,89.886753,89.906105,89.908019,89.919957,89.946588,89.949164,89.953281,89.956143,89.954534,89.952805,89.952528,89.955983,89.976104,89.964702,89.939314,89.925486,89.911887,89.893903,89.879498,89.893398,89.885882,89.872185,89.835435,89.829986,89.837893,89.844165,89.852602,89.864419,89.880530,89.896243,89.909006,89.915560,89.930499,89.948097,89.976773,89.982444,89.980605,89.977998,89.969828,89.960738,89.956338,89.961321,89.977842,89.997541,90.015912,90.223618,90.030119,90.003762,90.017008,90.214830,90.251956,90.150173,89.994127,89.963129,89.981077,89.989256,89.989671,89.993564,89.996417,90.201865,90.313693,90.274184,90.021044,89.975054,89.988402,90.060610,90.057067,90.084256,90.152959,90.069773,89.999205,89.978708,89.983017,90.216705,90.256751,90.206794,89.992410,90.148639,90.044494,90.122750,90.007489,89.982608,89.984038,89.978901,89.983873,89.980715,89.970229,89.979815,89.974754,89.974773,89.975105,89.986568,90.030104,90.016424,90.017559,90.015346,90.006739,90.002183,89.997293,89.988521,89.979365,89.974133,89.971639,89.970389,89.969602,89.968836,89.970840,89.976159,89.981739,89.986534,89.984731,89.977024,89.969827,89.973027,89.982756,89.987336,89.978666,89.965797,89.957041,89.951073,89.945041,89.943104,89.941010,89.915960,89.905315,89.920612,89.933457,89.949109,89.954393,89.959735,89.961193,89.959050,89.957271,89.955908,89.953812,89.952369,89.932973,89.927919,89.920536,89.910168,89.903383,89.910170,89.908390,89.910638,89.904789,89.900756,89.903150,89.908136,89.915797,89.923371,89.932021,89.942963,89.949042,89.964805,89.957742,89.954542,89.956497,89.959627,89.963447,89.963457,89.971447,89.964993,89.957411,89.944978,89.933460,89.916642,89.911546,89.908988,89.909329,89.912737,0.000616,0.000696,0.000822,0.000824,0.000736,0.000502,0.000525,0.000440,0.000420,0.000603,0.000640,0.000637,0.000633,0.000665,0.000691,0.000684,0.000665,0.000665,0.000680,0.000689,0.000665,0.000542,0.000643,0.000775,0.000815,0.000857,0.000847,0.000801,0.000785,0.000805,0.000819,0.000790,0.000810,0.000797,0.000689,0.000982,0.001086,0.001118,0.001106,0.001101,0.001090,0.001108,0.001126,0.001124,0.001112,0.001070,0.001003,0.000940,0.000883,0.000847,0.000832,0.000845,0.000891,0.000963,0.001024,0.001041,0.001034,0.001035,0.001048,0.001059,0.001078,0.001109,0.001136,0.001125,0.001095,0.001158,0.001203,0.001135,0.000970,0.000919,0.001031,0.001099,0.001090,0.001072,0.001044,0.001006,0.000937,0.000853,0.000862,0.000820,0.000766,0.000831,0.000989,0.000945,0.000748,0.000869,0.000908,0.000910,0.000914,0.000900,0.000887,0.000855,0.000577,0.000664,0.000872,0.000869,0.000846,0.000891,0.000933,0.000632,0.000604,0.000607,0.000935,0.000922,0.000811,0.000756,0.000730,0.000755,0.000752,0.000703,0.000623,0.000620,0.000584,0.000584,0.000384,0.000351,0.000355,0.000347,0.000383,0.000414,0.000449,0.000455,0.000404,0.000368,0.000359,0.000434,0.000436,0.000501,0.000544,0.000693,0.000532,0.000438,0.000568,0.000562,0.000467,0.000412,0.000456,0.000448,0.000402,0.000847,0.000784,0.000529,0.000548,0.000561,0.000463,0.000683,0.000753,0.000831,0.000703,0.000712,0.000611,0.000596,0.000579,0.000532,0.000485,0.000373,0.000345,0.000431,0.000339,0.000378,0.000377,0.000385,0.000388,0.000355,0.000333,0.000352,0.000367,0.000364,0.000369,0.000398,0.000397,0.000285,0.000254,0.000243,0.000240,0.000245,0.000335,0.000380,0.000416,0.000445,0.000461,0.000470,0.000487,0.000496,0.000484,0.000473,0.000467,0.000467,0.000471,0.000465,0.000446,0.000424,0.000415,0.000411,0.000418,0.000414,0.000413,0.000404,0.000394,0.000378,0.000357,0.000326,0.000342,0.000594,0.000498,0.000269,0.000278,0.000269,0.000371,0.000383,0.000340,0.000343,0.000358,0.000358,0.000341,0.000315,0.000512,0.000529,0.000585,0.000645,0.000621,0.000489,0.000582,0.000610,0.000622,0.000589,0.000563,0.000574,0.000568,0.000582,0.000630,0.000645,0.000663,0.000475,0.000561,0.000621,0.000643,0.000637,0.000580,0.000528,0.000355,0.000384,0.000423,0.000485,0.000510,0.000641,0.000637,0.000594,0.000574,0.000572
-0.009036,-0.006842,-0.003167,0.000729,0.003958,0.005324,0.001693,0.003108,0.001854,-0.000201,0.000249,-0.001335,-0.003769,-0.007736,-0.011539,-0.014065,-0.016431,-0.019356,-0.022292,-0.023505,-0.023207,-0.022915,-0.027065,-0.026841,-0.027463,-0.031102,-0.033656,-0.034875,-0.037516,-0.040092,-0.041923,-0.042240,-0.041850,-0.042144,-0.045288,-0.052902,-0.052141,-0.051873,-0.054248,-0.057250,-0.045890,0.003800,0.033081,0.039280,0.039362,0.035572,0.030635,0.023967,0.015552,0.009275,0.007116,0.002427,-0.000896,-0.004945,-0.012361,-0.019848,-0.024501,-0.028464,-0.031191,-0.033295,-0.033466,-0.031275,-0.023542,-0.012307,-0.001143,-0.004571,-0.013743,-0.009636,0.015165,0.032913,0.031561,0.030837,0.028363,0.025615,0.022239,0.021229,0.021644,0.020870,0.019934,0.022951,0.024932,0.021444,0.023971,0.028188,0.028982,0.026585,0.029795,0.032974,0.033535,0.034482,0.035470,0.037559,0.040998,0.036040,0.032910,0.033912,0.032249,0.028381,0.024509,0.027496,0.023719,0.021428,0.017000,0.021249,0.024011,0.022579,0.021816,0.021180,0.022127,0.021948,0.019596,0.017108,0.017274,0.018369,0.018903,0.014406,0.013069,0.014602,0.013891,0.012426,0.012254,0.012936,0.013368,0.010324,0.011642,0.038394,-0.012770,0.013649,0.016620,0.047280,0.021302,0.004612,0.000386,0.012335,0.015916,0.012579,0.008264,0.008180,0.009497,0.031569,0.026635,0.008012,-0.035372,-0.010009,-0.007542,-0.000902,-0.003690,0.007778,0.024669,0.011088,0.012694,0.025354,0.023863,0.052625,0.018801,-0.002622,-0.031121,0.014217,-0.024571,0.009447,-0.020471,-0.008002,-0.007980,-0.006234,-0.006731,-0.008424,-0.005380,-0.006985,-0.005633,-0.002614,-0.001001,-0.001343,-0.001621,-0.001615,-0.001520,-0.002086,-0.004812,-0.006049,-0.008024,-0.008907,-0.009043,-0.009255,-0.009360,-0.009904,-0.009760,-0.009208,-0.008205,-0.008198,-0.010650,-0.013231,-0.013898,-0.013662,-0.014671,-0.016983,-0.018593,-0.018668,-0.017947,-0.015513,-0.013534,-0.014236,-0.012484,-0.007028,-0.002405,-0.001507,0.002837,0.006050,0.008237,0.011021,0.009731,0.012742,0.016669,0.014321,0.008545,0.005380,0.004023,0.002303,-0.001963,-0.002112,-0.003369,-0.005231,-0.006358,-0.006693,-0.010163,-0.011717,-0.012915,-0.011628,-0.010727,-0.010494,-0.008881,-0.007233,-0.007880,-0.008714,-0.007448,-0.002393,-0.005314,-0.007519,-0.009690,-0.011163,-0.012721,-0.015670,-0.018570,-0.022615,-0.023606,-0.023974,-0.023393,-0.022516,-0.019213,-0.016181,-0.013924,-0.011513,89.905504,89.881482,89.861776,89.859792,89.873759,89.897681,89.888491,89.891260,89.896152,89.889177,89.888976,89.887514,89.890296,89.898155,89.909217,89.918723,89.922461,89.927203,89.938567,89.952785,89.961790,89.970727,89.959155,89.958049,89.964799,89.960725,89.950129,89.949178,89.957607,89.958919,89.951044,89.944809,89.942051,89.942324,89.938753,89.902422,89.882155,89.875662,89.879923,89.881701,89.907582,90.201886,90.431582,90.541662,90.574109,90.555115,90.523827,90.493318,90.431418,90.362361,90.332996,90.330696,90.349543,90.384252,90.405974,90.413204,90.412464,90.396324,90.364613,90.324366,90.272664,90.212847,90.182248,90.212433,90.292746,90.343892,90.273471,90.067784,89.952556,89.925088,89.893239,89.866409,89.846008,89.831015,89.817336,89.808292,89.815361,89.833388,89.845980,89.859031,89.882408,89.894062,89.893203,89.904659,89.934432,89.949395,89.960379,89.961141,89.955391,89.951763,89.950480,89.954240,89.976030,89.964279,89.936521,89.919289,89.902052,89.886281,89.870446,89.887167,89.877796,89.862152,89.827179,89.821101,89.830977,89.838250,89.852014,89.870602,89.891675,89.907242,89.915193,89.919215,89.930350,89.945777,89.971912,89.977867,89.973023,89.965176,89.957300,89.954012,89.956041,89.961143,89.971816,89.977588,90.010337,90.217206,90.011422,89.994285,90.019621,90.227376,90.255454,90.137231,89.976368,89.968927,89.987865,89.998665,89.998841,89.996433,89.988464,90.193786,90.298888,90.264658,90.007814,89.973315,89.996844,90.052969,90.051177,90.068922,90.149709,90.076215,90.006061,89.985419,89.989930,90.195015,90.262312,90.220161,90.012385,90.146607,90.026367,90.118758,90.033321,89.965703,89.978704,89.983313,89.985063,89.972859,89.988584,89.982341,89.980589,89.972678,89.974305,89.984664,90.006100,90.011669,90.009453,90.003087,89.992857,89.988949,89.986669,89.986608,89.988385,89.990355,89.987855,89.981944,89.977911,89.977990,89.980393,89.984862,89.990788,89.992768,89.986810,89.980293,89.979081,89.980819,89.979900,89.978073,89.969994,89.961341,89.957209,89.956515,89.953069,89.948309,89.945346,89.925410,89.920800,89.928254,89.942216,89.956226,89.950645,89.950094,89.953538,89.956196,89.957251,89.955900,89.951061,89.945610,89.930936,89.931727,89.925537,89.913641,89.909210,89.918792,89.914008,89.911975,89.908853,89.912746,89.917346,89.917682,89.920939,89.924719,89.928833,89.936701,89.941092,89.959674,89.953484,89.952615,89.958870,89.965470,89.968288,89.965443,89.970777,89.962161,89.957958,89.951522,89.938063,89.910765,89.896846,89.899918,89.912345,89.918714,0.000640,0.000752,0.000868,0.000881,0.000771,0.000492,0.000537,0.000433,0.000418,0.000584,0.000619,0.000636,0.000661,0.000702,0.000723,0.000731,0.000751,0.000759,0.000736,0.000695,0.000650,0.000526,0.000669,0.000784,0.000807,0.000825,0.000814,0.000780,0.000776,0.000797,0.000814,0.000791,0.000792,0.000760,0.000681,0.000942,0.001047,0.001103,0.001119,0.001133,0.001124,0.001138,0.001154,0.001153,0.001120,0.001056,0.001003,0.000962,0.000896,0.000848,0.000822,0.000813,0.000826,0.000869,0.000928,0.000997,0.001056,0.001084,0.001093,0.001112,0.001151,0.001203,0.001218,0.001175,0.001093,0.001126,0.001160,0.001039,0.000916,0.000919,0.001089,0.001137,0.001118,0.001087,0.001076,0.001041,0.000936,0.000828,0.000856,0.000861,0.000767,0.000846,0.000989,0.000945,0.000768,0.000853,0.000905,0.000927,0.000936,0.000919,0.000905,0.000863,0.000574,0.000641,0.000842,0.000833,0.000824,0.000827,0.000894,0.000558,0.000547,0.000593,0.000916,0.000913,0.000764,0.000723,0.000694,0.000697,0.000689,0.000675,0.000656,0.000662,0.000646,0.000623,0.000422,0.000365,0.000357,0.000347,0.000374,0.000401,0.000424,0.000432,0.000398,0.000382,0.000384,0.000386,0.000481,0.000512,0.000534,0.000771,0.000648,0.000526,0.000579,0.000604,0.000451,0.000425,0.000480,0.000475,0.000422,0.000729,0.000834,0.000549,0.000536,0.000532,0.000459,0.000679,0.000744,0.000791,0.000636,0.000663,0.000593,0.000527,0.000489,0.000357,0.000443,0.000384,0.000423,0.000418,0.000343,0.000429,0.000421,0.000295,0.000357,0.000371,0.000392,0.000408,0.000411,0.000394,0.000382,0.000399,0.000395,0.000284,0.000248,0.000238,0.000247,0.000265,0.000368,0.000410,0.000429,0.000424,0.000421,0.000429,0.000458,0.000487,0.000500,0.000500,0.000494,0.000482,0.000460,0.000434,0.000417,0.000412,0.000410,0.000400,0.000416,0.000391,0.000379,0.000358,0.000342,0.000340,0.000341,0.000322,0.000319,0.000490,0.000497,0.000338,0.000292,0.000284,0.000384,0.000390,0.000345,0.000331,0.000328,0.000310,0.000285,0.000271,0.000444,0.000479,0.000554,0.000638,0.000623,0.000481,0.000551,0.000582,0.000611,0.000596,0.000596,0.000625,0.000598,0.000581,0.000610,0.000615,0.000672,0.000502,0.000615,0.000686,0.000708,0.000685,0.000612,0.000554,0.000363,0.000404,0.000449,0.000505,0.000524,0.000638,0.000636,0.000601,0.000582,0.000579
-0.008859,-0.005790,-0.002465,0.000207,0.002955,0.005439,0.002288,0.003464,0.001242,-0.001357,-0.001046,-0.001823,-0.003558,-0.007476,-0.010912,-0.014262,-0.017063,-0.019146,-0.020782,-0.022353,-0.023207,-0.022615,-0.026904,-0.027872,-0.029817,-0.031218,-0.033208,-0.034885,-0.036500,-0.038104,-0.039924,-0.041334,-0.042695,-0.044436,-0.045953,-0.052427,-0.051604,-0.051703,-0.054783,-0.058486,-0.047096,0.004818,0.036168,0.039110,0.038048,0.033954,0.028883,0.022840,0.015992,0.010885,0.007404,0.002465,0.000458,-0.005594,-0.013658,-0.019095,-0.022678,-0.027691,-0.031093,-0.032975,-0.033705,-0.031590,-0.023262,-0.010318,-0.000826,-0.005274,-0.011677,-0.010249,0.015779,0.033078,0.031207,0.031528,0.029301,0.025055,0.022217,0.021668,0.021989,0.021127,0.020356,0.022520,0.022420,0.021517,0.022770,0.027750,0.029990,0.027055,0.028765,0.031607,0.032991,0.034513,0.035964,0.037289,0.040919,0.036336,0.033007,0.034372,0.031935,0.028555,0.025825,0.028226,0.024768,0.022461,0.017252,0.020433,0.022657,0.021540,0.021183,0.020814,0.021261,0.021010,0.019779,0.017770,0.016655,0.017367,0.019841,0.015991,0.013443,0.013007,0.013234,0.013694,0.013349,0.012737,0.012380,0.013446,0.011197,0.038364,-0.013430,0.016219,0.015863,0.049249,0.019115,0.004216,-0.000862,0.013339,0.014042,0.010895,0.008165,0.007703,0.009583,0.032685,0.029435,0.007152,-0.035201,-0.010695,-0.006898,0.000578,-0.005317,0.009274,0.024793,0.009824,0.010725,0.024392,0.024684,0.054416,0.017082,-0.002726,-0.029638,0.015849,-0.024181,0.011971,-0.020979,-0.007739,-0.008789,-0.007970,-0.005736,-0.008580,-0.007831,-0.007077,-0.005494,-0.001597,-0.001857,-0.001197,-0.003828,-0.004683,-0.002136,-0.002933,-0.005592,-0.006885,-0.008010,-0.008833,-0.008866,-0.008378,-0.008140,-0.009067,-0.009968,-0.010173,-0.009056,-0.008483,-0.010517,-0.012915,-0.012951,-0.012781,-0.014487,-0.016468,-0.017922,-0.017675,-0.016825,-0.015476,-0.014006,-0.012466,-0.009464,-0.005592,-0.002667,-0.001594,0.002461,0.007048,0.009369,0.012140,0.011075,0.012875,0.015370,0.012394,0.008311,0.005296,0.004989,0.003726,-0.001344,-0.001717,-0.003042,-0.004064,-0.004861,-0.006033,-0.009908,-0.012078,-0.013125,-0.012410,-0.011434,-0.010899,-0.008947,-0.007611,-0.007479,-0.007788,-0.007268,-0.004136,-0.006967,-0.008958,-0.011194,-0.011039,-0.011827,-0.014920,-0.017896,-0.022964,-0.024035,-0.024269,-0.023802,-0.023703,-0.020312,-0.017723,-0.015600,-0.012391,89.895147,89.873694,89.860281,89.861350,89.873851,89.896173,89.886028,89.885169,89.884496,89.876479,89.883037,89.887830,89.887963,89.887671,89.894867,89.905948,89.916126,89.929166,89.942472,89.946072,89.942772,89.952967,89.949933,89.951082,89.950819,89.948902,89.948211,89.950238,89.957171,89.960194,89.957669,89.954503,89.945863,89.942824,89.944838,89.906116,89.878803,89.865838,89.875087,89.892405,89.902064,90.210464,90.446469,90.550990,90.581583,90.562218,90.524366,90.491975,90.440766,90.374198,90.336045,90.333044,90.359681,90.388416,90.411022,90.427138,90.428441,90.408717,90.372794,90.328744,90.268772,90.204607,90.167425,90.205225,90.295866,90.335089,90.285247,90.072463,89.945614,89.922290,89.893025,89.865696,89.843404,89.825058,89.811075,89.807223,89.819937,89.834431,89.841148,89.856414,89.884866,89.909534,89.908148,89.911008,89.928672,89.936355,89.948350,89.951592,89.945288,89.942667,89.944745,89.950609,89.970971,89.958496,89.931488,89.922904,89.913373,89.898953,89.881889,89.892155,89.882418,89.872730,89.840497,89.834521,89.839737,89.841409,89.850905,89.867354,89.886523,89.901046,89.909967,89.917321,89.929376,89.941283,89.968478,89.974795,89.972099,89.966891,89.959427,89.953458,89.951817,89.955693,89.969741,90.001967,90.009360,90.205963,90.021220,90.016216,90.029016,90.253642,90.255754,90.137740,89.994423,89.971574,89.987242,89.995835,89.997877,90.000628,90.012690,90.198606,90.313350,90.275255,90.009751,89.977025,89.993164,90.052191,90.056804,90.079938,90.158893,90.084839,89.995519,89.979949,89.976502,90.193629,90.256139,90.207389,90.003281,90.152242,90.034170,90.147148,90.016844,89.989434,89.982275,89.997285,89.996468,89.975090,89.975948,89.984194,89.981339,89.974094,89.971780,89.988116,90.021667,90.012388,90.009467,90.002803,89.990617,89.986548,89.984462,89.981941,89.981242,89.983349,89.981766,89.975693,89.971904,89.972575,89.976271,89.980650,89.983490,89.982835,89.980947,89.983126,89.987813,89.987688,89.983585,89.977063,89.971230,89.968273,89.965297,89.960640,89.954932,89.949105,89.938895,89.926979,89.922398,89.929542,89.939211,89.954687,89.951834,89.950777,89.951624,89.951053,89.950876,89.951029,89.950982,89.949938,89.933794,89.932108,89.924464,89.912090,89.908901,89.918659,89.913329,89.906520,89.903064,89.910746,89.921111,89.923944,89.924440,89.926470,89.929784,89.936592,89.941041,89.957529,89.951751,89.949978,89.951456,89.954665,89.958536,89.959196,89.970880,89.965715,89.954788,89.931838,89.909283,89.887818,89.890021,89.903156,89.914424,89.914078,0.000688,0.000758,0.000847,0.000854,0.000741,0.000467,0.000535,0.000458,0.000464,0.000629,0.000658,0.000680,0.000715,0.000770,0.000791,0.000764,0.000729,0.000711,0.000713,0.000729,0.000725,0.000590,0.000698,0.000763,0.000795,0.000820,0.000830,0.000823,0.000801,0.000774,0.000764,0.000749,0.000817,0.000841,0.000735,0.001020,0.001072,0.001097,0.001118,0.001125,0.001112,0.001113,0.001135,0.001146,0.001126,0.001066,0.001002,0.000961,0.000922,0.000876,0.000845,0.000850,0.000849,0.000896,0.000960,0.001025,0.001059,0.001078,0.001095,0.001120,0.001154,0.001172,0.001149,0.001095,0.001047,0.001080,0.001119,0.001083,0.000976,0.000990,0.001147,0.001195,0.001166,0.001145,0.001135,0.001080,0.000940,0.000860,0.000896,0.000900,0.000864,0.000905,0.001071,0.001004,0.000781,0.000848,0.000890,0.000897,0.000890,0.000853,0.000848,0.000829,0.000587,0.000670,0.000897,0.000882,0.000881,0.000889,0.000918,0.000626,0.000627,0.000625,0.000934,0.000930,0.000801,0.000757,0.000706,0.000688,0.000661,0.000631,0.000626,0.000645,0.000632,0.000649,0.000428,0.000373,0.000362,0.000358,0.000384,0.000400,0.000407,0.000412,0.000385,0.000370,0.000377,0.000379,0.000415,0.000477,0.000513,0.000679,0.000558,0.000493,0.000544,0.000555,0.000480,0.000457,0.000506,0.000498,0.000439,0.000680,0.000779,0.000657,0.000557,0.000556,0.000454,0.000601,0.000700,0.000750,0.000623,0.000652,0.000583,0.000494,0.000487,0.000367,0.000428,0.000333,0.000400,0.000423,0.000327,0.000354,0.000375,0.000348,0.000361,0.000372,0.000406,0.000389,0.000393,0.000377,0.000379,0.000406,0.000399,0.000289,0.000269,0.000277,0.000287,0.000293,0.000385,0.000407,0.000411,0.000418,0.000435,0.000455,0.000485,0.000512,0.000524,0.000534,0.000534,0.000518,0.000499,0.000475,0.000452,0.000438,0.000430,0.000434,0.000429,0.000427,0.000429,0.000421,0.000406,0.000391,0.000382,0.000359,0.000353,0.000436,0.000491,0.000345,0.000331,0.000311,0.000421,0.000427,0.000364,0.000348,0.000351,0.000349,0.000337,0.000329,0.000537,0.000563,0.000617,0.000667,0.000618,0.000485,0.000554,0.000573,0.000570,0.000548,0.000550,0.000578,0.000572,0.000593,0.000666,0.000681,0.000689,0.000502,0.000597,0.000652,0.000672,0.000656,0.000598,0.000568,0.000396,0.000438,0.000469,0.000544,0.000575,0.000718,0.000706,0.000656,0.000636,0.000632
-0.008550,-0.006496,-0.003319,0.000438,0.003267,0.005762,0.002683,0.002206,0.000259,-0.001340,-0.000035,-0.001763,-0.003878,-0.007334,-0.010801,-0.014299,-0.017187,-0.020022,-0.021678,-0.021856,-0.022699,-0.024314,-0.029311,-0.028023,-0.027599,-0.030450,-0.033197,-0.034677,-0.037101,-0.038998,-0.040078,-0.041133,-0.042378,-0.042792,-0.044232,-0.052840,-0.053606,-0.051557,-0.056087,-0.057999,-0.047637,0.005481,0.033394,0.037312,0.038166,0.035467,0.030008,0.023858,0.016676,0.010485,0.007540,0.004313,0.000818,-0.003683,-0.011776,-0.018732,-0.023408,-0.028452,-0.030722,-0.032008,-0.032485,-0.031754,-0.024881,-0.011863,0.000238,-0.004645,-0.012329,-0.010278,0.015141,0.032140,0.031463,0.031400,0.028488,0.026178,0.023781,0.021108,0.020341,0.021716,0.021344,0.022315,0.023200,0.021741,0.024773,0.028862,0.029388,0.026520,0.028609,0.032846,0.034744,0.034768,0.035161,0.037179,0.041225,0.036604,0.032708,0.034410,0.032578,0.029965,0.027254,0.028173,0.023846,0.021857,0.018729,0.022003,0.023553,0.021607,0.020186,0.019398,0.021136,0.020834,0.019581,0.016655,0.016660,0.018133,0.019370,0.014680,0.013181,0.014522,0.014464,0.014079,0.012567,0.011940,0.012571,0.011828,0.012860,0.038100,-0.015668,0.015036,0.016524,0.048768,0.020643,0.004788,-0.000467,0.012578,0.015474,0.012433,0.008842,0.008653,0.008265,0.032579,0.027396,0.008913,-0.037043,-0.006054,-0.005839,0.002652,-0.003098,0.010396,0.023945,0.010318,0.011710,0.023729,0.023984,0.052182,0.016908,-0.002737,-0.029745,0.017010,-0.024056,0.010413,-0.019160,-0.009121,-0.009190,-0.006313,-0.008007,-0.007612,-0.004307,-0.007040,-0.005077,-0.000947,-0.000274,-0.000531,-0.001955,-0.005608,-0.001640,-0.002955,-0.005467,-0.005756,-0.007473,-0.008584,-0.008539,-0.008733,-0.009182,-0.010205,-0.010342,-0.009914,-0.009491,-0.009023,-0.010191,-0.012622,-0.013995,-0.014143,-0.015868,-0.017288,-0.017060,-0.016954,-0.017740,-0.016309,-0.014578,-0.013471,-0.010416,-0.006468,-0.003210,-0.001597,0.003579,0.007510,0.008334,0.012137,0.009922,0.013028,0.016744,0.013620,0.008789,0.005848,0.004443,0.003075,-0.001289,-0.002201,-0.003957,-0.004542,-0.004801,-0.005206,-0.009866,-0.011649,-0.012325,-0.011434,-0.011130,-0.010624,-0.009315,-0.009170,-0.009512,-0.008465,-0.006810,-0.004145,-0.007599,-0.009806,-0.011132,-0.011846,-0.013233,-0.015441,-0.017542,-0.022063,-0.023101,-0.023161,-0.023697,-0.024267,-0.020354,-0.016439,-0.013523,-0.010902,89.902501,89.876431,89.856358,89.858721,89.872940,89.899038,89.898038,89.902748,89.904829,89.891076,89.889306,89.888063,89.888649,89.890990,89.899505,89.912235,89.923801,89.931593,89.937191,89.943550,89.951951,89.964597,89.954808,89.952969,89.957305,89.952504,89.943167,89.940639,89.948045,89.952990,89.952637,89.950134,89.944372,89.940284,89.939976,89.902953,89.876444,89.871079,89.888139,89.882853,89.891931,90.210971,90.450284,90.550508,90.582990,90.570565,90.529652,90.486063,90.428196,90.362567,90.322648,90.324567,90.352282,90.388821,90.414833,90.423050,90.417614,90.396639,90.368674,90.329122,90.271889,90.208459,90.171806,90.200524,90.287766,90.338797,90.269031,90.067750,89.948082,89.925291,89.893709,89.865034,89.843738,89.831473,89.820253,89.807967,89.806931,89.821314,89.830835,89.849406,89.881323,89.903344,89.900317,89.906755,89.933969,89.947735,89.954208,89.954230,89.954231,89.961901,89.968444,89.968619,89.980433,89.965234,89.937259,89.929412,89.915840,89.898046,89.879946,89.890013,89.885148,89.874038,89.841636,89.833384,89.839777,89.846216,89.856807,89.869201,89.887343,89.902328,89.913294,89.918107,89.927767,89.937549,89.962952,89.971225,89.973171,89.971068,89.961685,89.954420,89.952766,89.959268,89.974272,89.988356,90.005992,90.219765,90.011396,90.011160,90.028875,90.250950,90.268288,90.147207,89.997600,89.980750,89.992040,89.991884,89.989146,89.990269,89.988988,90.191084,90.300298,90.286326,90.008672,89.981966,89.991176,90.058983,90.047132,90.089379,90.164553,90.078974,89.984246,89.989457,89.988463,90.215817,90.269259,90.218054,89.999950,90.165418,90.044207,90.117390,90.008929,89.980240,89.974234,89.987433,89.985626,89.966125,89.968779,89.958924,89.970649,89.979656,89.977137,89.988490,90.016584,90.010942,90.017218,90.011876,89.994734,89.987149,89.988595,89.991189,89.989352,89.983123,89.973123,89.963048,89.959620,89.964650,89.973491,89.980194,89.982489,89.982050,89.977507,89.973451,89.973609,89.978359,89.985715,89.988840,89.980727,89.968220,89.959521,89.959440,89.961050,89.957483,89.952659,89.926191,89.912962,89.924116,89.930719,89.951660,89.952655,89.954491,89.954466,89.949504,89.951770,89.958130,89.957166,89.947769,89.923421,89.920492,89.918689,89.908242,89.897321,89.904204,89.904118,89.906191,89.906439,89.913924,89.924201,89.930432,89.935066,89.936192,89.936246,89.942545,89.945508,89.956816,89.946803,89.944544,89.949950,89.957107,89.961277,89.958869,89.962617,89.953462,89.948233,89.942236,89.930953,89.906690,89.895703,89.899125,89.912209,89.918737,0.000663,0.000775,0.000883,0.000845,0.000748,0.000509,0.000542,0.000454,0.000444,0.000650,0.000696,0.000700,0.000683,0.000694,0.000714,0.000715,0.000695,0.000670,0.000654,0.000663,0.000651,0.000546,0.000708,0.000800,0.000839,0.000872,0.000865,0.000831,0.000812,0.000816,0.000816,0.000801,0.000833,0.000833,0.000724,0.001042,0.001155,0.001175,0.001160,0.001167,0.001177,0.001201,0.001216,0.001196,0.001148,0.001086,0.001026,0.000985,0.000938,0.000895,0.000846,0.000821,0.000841,0.000893,0.000959,0.001007,0.001035,0.001057,0.001079,0.001099,0.001131,0.001180,0.001217,0.001187,0.001111,0.001141,0.001144,0.000981,0.000898,0.000861,0.001016,0.001121,0.001175,0.001174,0.001141,0.001085,0.000990,0.000876,0.000905,0.000895,0.000829,0.000862,0.001010,0.000972,0.000778,0.000814,0.000871,0.000910,0.000940,0.000932,0.000912,0.000866,0.000604,0.000704,0.000964,0.000893,0.000862,0.000868,0.000910,0.000648,0.000627,0.000660,0.000959,0.000969,0.000834,0.000755,0.000699,0.000715,0.000704,0.000691,0.000649,0.000664,0.000644,0.000636,0.000407,0.000360,0.000363,0.000355,0.000380,0.000402,0.000442,0.000458,0.000412,0.000389,0.000400,0.000379,0.000460,0.000521,0.000550,0.000807,0.000680,0.000593,0.000634,0.000605,0.000498,0.000468,0.000524,0.000516,0.000441,0.000670,0.000647,0.000573,0.000538,0.000528,0.000432,0.000633,0.000747,0.000796,0.000676,0.000693,0.000631,0.000594,0.000597,0.000387,0.000360,0.000326,0.000375,0.000410,0.000344,0.000355,0.000366,0.000341,0.000394,0.000386,0.000388,0.000392,0.000371,0.000342,0.000348,0.000370,0.000360,0.000267,0.000254,0.000259,0.000271,0.000280,0.000379,0.000421,0.000432,0.000428,0.000425,0.000429,0.000441,0.000447,0.000449,0.000458,0.000465,0.000463,0.000456,0.000444,0.000442,0.000439,0.000425,0.000412,0.000396,0.000371,0.000384,0.000395,0.000395,0.000380,0.000352,0.000320,0.000311,0.000538,0.000575,0.000308,0.000384,0.000323,0.000389,0.000388,0.000336,0.000325,0.000323,0.000311,0.000299,0.000292,0.000504,0.000553,0.000618,0.000658,0.000619,0.000492,0.000582,0.000610,0.000611,0.000591,0.000601,0.000619,0.000578,0.000568,0.000620,0.000622,0.000636,0.000469,0.000575,0.000654,0.000681,0.000660,0.000601,0.000563,0.000398,0.000425,0.000455,0.000494,0.000509,0.000640,0.000637,0.000587,0.000562,0.000569
